1.335985297051563059e+01
7.090037421248106320e+00
1.472301067691727461e+01
1.452037556278430053e+01
6.721788928092512272e+00
4.748840783079047334e+00
1.193230283344425224e+01
7.202792757801951495e+00
2.948635233772292086e+00
1.292570139259403739e+01
8.741967973381534307e+00
1.376887562037611978e+01
7.738398052468943078e+00
2.878192435971550278e+00
1.118331930619560133e+01
8.908592740715661762e+00
9.513671387954529379e+00
1.787090107578423570e+01
1.019364400329723175e+01
6.956281826687240155e+00
7.854687838848402492e+00
6.326604437558631666e+00
1.247630869020060373e+01
9.248829450414918441e+00
2.207121034042793184e+01
3.564562630936669141e+00
6.796276687193372190e+00
1.065646090716716365e+01
9.585059913080705485e+00
2.025919449270410766e+01
8.668376451685769979e+00
1.268992099101649274e+01
5.873469771076481827e+00
5.446664725629367432e+00
7.800141245671418311e+00
6.274455753474510011e+00
7.527432188370071664e+00
5.720830900527150931e+00
8.988829113871382503e+00
6.511809620068861548e+00
6.829498742157194435e+00
6.925117895201244878e+00
6.445286478534691277e+00
9.701522256750536144e+00
1.190954239377060553e+01
7.212250559903336189e+00
1.580939494532355205e+01
5.577245729893441251e+00
1.160288237838211955e+01
3.767367765928749446e+00
3.620714626407096848e+00
1.582482293076652269e+01
6.966864534134930231e+00
1.274579933375054175e+01
6.000490762795145372e+00
6.611766865403373217e+00
9.294851212038265587e+00
1.107331523777861726e+01
5.975492569744178972e+00
1.016447826349258676e+01
4.692692726523173263e+00
6.834737592449391386e+00
1.009564341536746568e+01
1.270075417207660706e+01
1.001811221693636611e+01
1.466075288295171219e+01
6.634940281175637722e+00
9.036652837577543451e+00
6.629122254509412393e+00
7.889243671767992794e+00
1.936230581510700333e+01
1.882057180956725517e+01
1.206143561357340843e+01
1.459154589013036230e+01
1.013461912776015339e+01
1.170821377874565172e+01
1.303582315347615328e+01
6.064331162794925234e+00
1.160983004890762693e+01
1.156923719672598594e+01
1.378500129414234543e+01
7.232788860490688698e+00
1.417789122962530435e+01
8.991349287919391031e+00
1.066257417323738288e+01
1.680427621758248335e+01
1.915464835468612748e+01
3.977635244990217256e+00
8.421984593381042217e+00
6.272566491576671233e+00
6.585082852045223589e+00
1.021924955207833641e+01
1.246736315386022120e+01
1.466597773187767650e+01
2.139306558680447878e+01
7.251811159079790237e+00
1.921275353733939184e+01
3.914793614102701547e+00
1.129544275605006831e+01
1.483401715569657853e+01
6.282450967865022662e+00
7.004632553872792045e+00
1.189001539290198473e+01
5.669660556285233355e+00
1.404571672403531224e+01
1.332344126258366934e+01
1.274896163656088177e+01
5.792909602908922650e+00
1.227213536152859596e+01
9.475493845007310512e+00
6.061769577411097565e+00
3.223314173589008291e+00
2.977841230801738348e+00
1.374873526976989524e+01
1.153732740823011405e+01
3.534012576807178174e+00
1.092329664885283513e+01
1.313542399637854174e+01
6.437147741185876626e+00
1.879425375860716585e+01
7.977405010175243838e+00
3.813424033217768905e+00
6.025716891165857625e+00
7.975854291898060389e+00
1.650046320548608136e+01
2.663597805047328571e+00
2.091563795211751398e+01
5.563102758578533980e+00
4.397992918717545052e+00
5.481226285116710173e+00
1.775332787990731020e+01
1.678043037496613010e+01
4.282519978047761633e+00
6.216065182007124434e+00
6.972138269129626309e+00
1.689029105189460367e+01
6.030478731852360497e+00
1.544272645296822688e+01
5.298235944926736884e+00
1.395264145818073942e+01
4.923700964035076844e+00
1.596961502581863002e+01
1.399193171167674521e+01
4.549952631337416342e+00
1.362424610519688883e+01
8.016888412630178706e+00
1.754032794289519259e+01
1.395825486927474302e+01
1.624961530033503365e+01
1.578273513005522233e+01
5.832073771125559247e+00
9.035580799521468975e+00
8.035627310316248995e+00
6.515442756047228556e+00
6.527224453424886441e+00
3.490749228492564527e+00
7.109245221107004298e+00
3.413831884961412211e+00
5.757615252122759486e+00
1.250209042159793427e+01
6.140329920370272809e+00
2.347397105645479343e+01
2.820712952985914512e+00
1.835093099388534554e+01
6.483823063092517103e+00
3.695212736681178445e+00
4.747320640260376479e+00
1.186400508211814220e+01
1.457368338281648157e+01
6.549136397027638168e+00
6.293123982761126278e+00
6.249640305733624501e+00
1.338428407722295077e+01
1.665772133241921438e+01
5.315694611024573746e+00
1.034124846221249250e+01
1.139713483198783450e+01
1.053914053688303021e+01
3.300332877081296523e+00
8.613566677314453912e+00
1.628031459264293801e+01
8.344358642049535035e+00
9.586937323046960557e+00
5.881455073260423383e+00
4.478367206600293748e+00
6.963310488665402254e+00
1.678831828039882268e+01
1.337044340138567300e+01
1.429516277242908018e+01
8.791116857700483678e+00
1.580171758763366086e+01
1.167443456228594378e+01
5.015846896922529830e+00
1.593907089395659504e+01
5.321289888463574869e+00
8.672614723241510504e+00
5.472529823104800073e+00
1.941210800721425045e+01
2.737707607647430930e+00
1.027317879267910072e+01
1.081641601213465087e+01
1.749024151925502579e+01
8.983954322264263936e+00
7.591949473862748654e+00
1.873805505244179770e+01
9.025463224913012894e+00
6.825482041984448855e+00
6.425417651307868461e+00
9.266217263624685785e+00
6.938751825134438889e+00
3.874928200428761738e+00
