1.320399392980909603e+01
6.985157440602311141e+00
1.454853547545717696e+01
6.914380916612861583e+00
1.919037642411788624e+01
4.127914875526127680e+00
1.134178054520753065e+01
3.193179493280689840e+00
6.744641443462541019e+00
2.620280875473493865e+00
1.235183170044355627e+01
9.119165163669109120e+00
1.357813918096088912e+01
7.890511100632120467e+00
2.876870122254881590e+00
5.497571142484885875e+00
1.132654504654514049e+01
8.840070533211001447e+00
1.057482387928028622e+01
1.925317336390780554e+01
1.133701626369491855e+01
6.612721400626278445e+00
6.793076183855353278e+00
7.961405832437692176e+00
6.481056361240915997e+00
1.282367351479563311e+01
1.005702070928868430e+01
9.830996718703323367e+00
3.743630622427017940e+00
7.128987454864694762e+00
1.068111285968546831e+01
2.071202592163472289e+01
9.405866577562308706e+00
1.300564884136268162e+01
5.895415846386852010e+00
5.137755945830368987e+00
7.577137003150483885e+00
6.237539307752250295e+00
8.703047381914341685e+00
5.816272304543335991e+00
9.487017510068184833e+00
6.549342111455042748e+00
6.786232517019703536e+00
7.540349697087318503e+00
7.150788075222569873e+00
9.786408722272932792e+00
7.740367596502440328e+00
1.511123465443033353e+01
5.209179121558975112e+00
1.193564588092608325e+01
3.657981594622964572e+00
1.506370895693141243e+01
6.791718406680385733e+00
1.333186786872638407e+01
5.795284693089481465e+00
6.872168361293623740e+00
8.945658858443149342e+00
1.162061174700677846e+01
5.571187757194397072e+00
4.646467753489581298e+00
1.179964340515516419e+01
6.846027087614048767e+00
1.022814405930344428e+01
1.092624118842470615e+01
1.531500457382697533e+01
6.669266737309349047e+00
1.048632577784742104e+01
9.475086039117041281e+00
6.368018868577803637e+00
1.847464556090553955e+01
1.883138220107234417e+01
1.208641463839497376e+01
1.496133319134882100e+01
1.071259844922583682e+01
1.191563091852227174e+01
1.253280418871727697e+01
6.095784707908872946e+00
1.255949716562060914e+01
1.198528227102351629e+01
9.801800841177588097e+00
1.456184234736344685e+01
7.436734359237508585e+00
1.298046165943709340e+01
9.648974022243915982e+00
1.138614588004538675e+01
1.723353982056180200e+01
1.950890568904875266e+01
3.013909616338544151e+00
3.666736755944915771e+00
8.259875256605193172e+00
6.344865264226559276e+00
6.416273292512455484e+00
9.703223368922657244e+00
5.677206303144835431e+00
1.203280377052235295e+01
1.559053967445167466e+01
4.836793111592608163e+00
2.067599330118232359e+01
1.553988285812841852e+01
1.326619587403420120e+01
7.488680302028956071e+00
4.133241562618099607e+00
1.255778417159728377e+01
1.453870564550588362e+01
6.644316883352768599e+00
6.820074958775217411e+00
1.066733179543296295e+01
5.376595681583137498e+00
1.330155741091069643e+01
1.354286391704442138e+01
1.189910349227666053e+01
3.835436806392055420e+00
1.924836400619501831e+01
5.402154334951259962e+00
1.167722516994360582e+01
1.204285576303768579e+01
1.146556552486621072e+01
5.878614793222937784e+00
2.867506657036464457e+00
3.007671654043042153e+00
1.409580927633239611e+01
1.109185503870133971e+01
1.313501739654583922e+01
1.728138876850686501e+01
8.512454206630096110e+00
3.727923737830072248e+00
3.343125939570367855e+00
1.692818120879424626e+01
2.849616191530160325e+00
2.097943936179278879e+01
5.375068331081532591e+00
3.952862587291261942e+00
5.406740962460479416e+00
1.795995869809188505e+01
1.551924459009144286e+01
3.744737350894466132e+00
6.260641464323771110e+00
6.866800442128723425e+00
1.707529890027323205e+01
5.670379060935801796e+00
1.582849030219001563e+01
4.586852684219635101e+00
1.351419918286992328e+01
1.626796357152624850e+01
1.245652233120251751e+01
3.727683785709273945e+00
1.403772688878690822e+01
9.078519661137882224e+00
1.702345239030130131e+01
1.350656458118611702e+01
1.630744662259368738e+01
1.618530084019274184e+01
9.287836829019626705e+00
9.220687493133771895e+00
6.359749831921901908e+00
6.428622839134581213e+00
3.608878759074254372e+00
6.749562079942985626e+00
2.997914562854435250e+00
1.438195217585666263e+01
6.427461475202672858e+00
2.544651458965927304e+01
2.876638200088472264e+00
6.364921230084482850e+00
3.555010648706294241e+00
4.810501059406855795e+00
1.210343199610779052e+01
1.475854455863419012e+01
6.718923950580379056e+00
6.813624474928928976e+00
6.175263093758842636e+00
1.242602632781562555e+01
1.582499564808533243e+01
4.786724484028126447e+00
1.169561599688145037e+01
1.222785832624902191e+01
3.063930889533124979e+00
8.828739459405207768e+00
1.549649929379943636e+01
8.323323781742777427e+00
9.626105278162276235e+00
2.861691729578892396e+00
5.889748749932434357e+00
3.998795350917552671e+00
1.966523807388768574e+01
6.728379130900481009e+00
1.765329078422970355e+01
1.374530947467633091e+01
1.284487430469566327e+01
3.085547740360381486e+00
9.756806156117585616e+00
1.153993037764118945e+01
4.642769682988952873e+00
5.051681542407025383e+00
9.583470442987986004e+00
5.756452619828608341e+00
1.940229597421940611e+01
3.282700390578726424e+00
1.005474119481226403e+01
9.899166667580692192e+00
1.715523902328328276e+01
9.270538351875973859e+00
7.244545578252453488e+00
1.247885131451396923e+01
1.913814949545094635e+01
9.875401096865592976e+00
6.839135727800272235e+00
6.198470329908612797e+00
9.526759532265732133e+00
3.182225064113458401e+00
