1.361880381325767253e+01
1.445375437706419319e+01
1.467940884475266472e+01
6.845472398787077140e+00
1.676940217769981345e+01
4.747826209761161209e+00
1.167778120756786997e+01
2.777472471094565520e+00
6.968485908095373382e+00
2.747882794713021770e+00
1.142076440507947765e+01
7.951534977561132145e+00
1.362069690995381421e+01
6.904749366559023827e+00
2.764374405149607750e+00
5.203168125706233660e+00
1.216344733409042256e+01
9.027000622588134959e+00
1.868704141089224890e+01
1.136836214977816795e+01
6.904834097978550744e+00
6.964890822743520005e+00
7.309327455892750791e+00
5.885468331372099016e+00
9.129628794753486432e+00
2.305132596861487926e+01
8.600618039981343443e+00
3.834292670219964450e+00
7.045103774867293112e+00
1.056251794014850098e+01
1.140063845802123765e+01
1.980760616836789367e+01
8.899890674960939663e+00
1.255028335055517807e+01
5.720042284560844514e+00
4.869645076408859019e+00
6.572654707866591117e+00
6.499001601425631769e+00
8.360502778551419212e+00
5.422623324087372687e+00
9.823059319779735787e+00
6.805681149418740361e+00
6.767238838526585809e+00
7.669485687275913399e+00
7.142056368580511183e+00
9.850325837288773201e+00
1.095801666900189808e+01
7.813986522282810654e+00
5.130638992288538702e+00
1.174929633564330800e+01
3.600579303781113349e+00
3.630127078992870349e+00
1.513452293202144716e+01
6.232735923557346069e+00
1.267569434187804944e+01
5.500201498064525296e+00
6.237753281600379118e+00
9.075022286617320688e+00
1.099068401396348627e+01
5.327479925688494156e+00
8.955993785114708672e+00
5.321621582455926536e+00
1.231751091890682304e+01
6.767554046372360688e+00
9.829046098147111721e+00
1.270069096069102876e+01
1.131420703364589286e+01
1.525553910508067545e+01
6.443957037350444672e+00
9.703698798832217420e+00
6.249038904568839925e+00
6.853286579764346520e+00
7.616200081042819647e+00
1.248288795016384434e+01
1.458327273092876375e+01
1.268327898799332587e+01
1.259207818622935093e+01
1.389704224886568440e+01
5.903781140571200403e+00
1.225245581629161329e+01
9.763222138436011832e+00
1.449344799744525680e+01
1.483294132243725905e+01
9.366110688604742052e+00
1.064006103845202311e+01
1.698637763190679806e+01
1.983932444129687767e+01
3.488457027499393792e+00
3.751817087738499534e+00
7.313050427802917142e+00
5.760666254325383484e+00
6.281128154310607670e+00
1.109489159623807986e+01
5.502601390003222015e+00
1.232002406826109286e+01
5.024055946932636907e+00
1.595406869530377492e+01
1.223178419348910140e+01
6.970953773955131716e+00
1.849514268366063163e+01
1.186912080335973485e+01
1.558296101426889635e+01
6.374917339112166736e+00
6.974829376972860651e+00
5.124572733137898517e+00
1.364136595666428065e+01
1.310825201092821501e+01
1.090960325810072007e+01
3.991908561987687953e+00
1.862097677114629590e+01
5.339647909872682341e+00
1.052747516232265568e+01
1.077101811571263923e+01
1.153243306122204181e+01
5.503682450763307976e+00
2.765919299528797115e+00
3.048136499807164945e+00
1.395023912863840643e+01
1.154180557755179670e+01
2.687564730076636099e+00
1.024122413168546863e+01
1.398744785356425524e+01
6.090769678345832716e+00
1.787181288119015576e+01
4.259152825328233583e+00
3.622053887566245134e+00
5.853888562876558233e+00
7.802988717682686648e+00
1.617933153096710797e+01
2.591628969149525563e+00
4.603876976496154683e+00
5.008111375563760070e+00
1.702999726057491259e+01
1.575448672975835329e+01
4.065667707119185792e+00
6.256808303800965199e+00
6.169585958125156644e+00
1.693274286057983247e+01
5.267734684109695920e+00
1.634406256884805231e+01
4.929730618369221773e+00
1.390036249810529689e+01
4.727019192262583047e+00
1.676563783040214872e+01
3.698811947032575542e+00
1.342197502907053597e+01
7.511730912016466810e+00
1.660576973485188645e+01
1.390560445313337645e+01
1.585384672121193184e+01
1.642091774489628619e+01
5.120964412939009947e+00
9.872324711491375027e+00
9.165922338421209403e+00
5.097940066008776583e+00
6.206069724461941384e+00
6.876801198731535614e+00
3.456957943726312266e+00
5.365304036684142019e+00
1.298378956246685156e+01
6.402080950828406891e+00
2.477915169721166322e+01
2.686170015911585551e+00
1.883260825768882185e+01
6.338901292611724081e+00
3.964540280145998796e+00
4.006376454906855678e+00
1.358683708388182154e+01
1.460492579001204305e+01
6.616611443586976726e+00
6.251697445867575809e+00
1.228774317131688854e+01
1.781694342245826945e+01
4.547889401194527004e+00
1.170626984214293742e+01
1.157769413000717762e+01
1.057433419221414361e+01
3.250829234660940426e+00
8.436700931441924567e+00
1.458780783872994036e+01
9.034494765635276536e+00
9.225471054994445197e+00
2.504176505265859554e+00
5.980822565569416938e+00
1.898621196654996979e+01
6.241584466370666995e+00
1.688820546021996805e+01
1.470335636759930509e+01
1.345566022053878186e+01
3.256904704825635211e+00
9.820046221434983735e+00
1.623076560090144227e+01
1.236124636734934334e+01
4.487009027344409873e+00
1.686695919760022022e+01
5.047120997630242023e+00
9.785147593655441511e+00
5.493770166780368669e+00
1.937143917223942324e+01
2.568693693553921076e+00
9.159965584075029810e+00
9.944767501305728175e+00
1.678755692089239915e+01
8.176729551943072494e+00
6.723630894643345179e+00
1.304634625610694876e+01
1.908076943389727731e+01
6.012087083298934154e+00
9.860233758200216414e+00
6.477739524273062877e+00
2.942924806288389039e+00
