1.366421334906389262e+01
7.553045386898037172e+00
1.499428655792962672e+01
1.438516022829392327e+01
6.745886431614346535e+00
1.823937626707242643e+01
4.296167859053990234e+00
1.163761013593806126e+01
2.631113970401659508e+00
2.678420217032211781e+00
1.278599738308273714e+01
8.719063258274310613e+00
1.423408506109311311e+01
5.340426153456414582e+00
1.022252982447565550e+01
9.158764284383199339e+00
9.543196947647231809e+00
8.438629962835012321e+00
6.965252225282549503e+00
7.659809862033988281e+00
6.459104447135429083e+00
1.194188584563727495e+01
9.229723237982049966e+00
2.214833911594074678e+01
9.204609448383124004e+00
3.575676298148438459e+00
7.761944147957065887e+00
9.243644014186900293e+00
1.196698373340113264e+01
2.056580221751221060e+01
1.251590107969680332e+01
5.942812212849821307e+00
5.483002481600038003e+00
7.739488856692942065e+00
6.495979345213003242e+00
7.862672284874829387e+00
5.280038558198238974e+00
9.264531178677811951e+00
6.438309371135142456e+00
7.540922712851118703e+00
7.103497881744354814e+00
9.963844628058229347e+00
1.239358967593916994e+01
7.641434214831321015e+00
1.512405276369816143e+01
1.207888343108777462e+01
3.104096088265583919e+00
3.701551136559388056e+00
1.612262016604659820e+01
7.518473017384910584e+00
7.248560687178311035e+00
8.867656260737867058e+00
1.128320334548264547e+01
5.534419194013498355e+00
1.043906571192711930e+01
4.346877975972027741e+00
1.185579344431536519e+01
6.800775196938531941e+00
9.755219779422809268e+00
1.308757287785153700e+01
1.133276627839506823e+01
1.506733984947135951e+01
6.992436489423717205e+00
1.013344619726643714e+01
6.351289489437354163e+00
9.256967974334434857e+00
6.416407824107786873e+00
8.318924323303221513e+00
1.926531824826652795e+01
1.948089461664876509e+01
1.115779639092581732e+01
1.531760733113612183e+01
1.127311648039674452e+01
1.225947245921187978e+01
1.213519152917274369e+01
1.428260073322707946e+01
6.432923708337662028e+00
1.118320908980680173e+01
1.181726923541552843e+01
9.506127751738425502e+00
7.994117330928856902e+00
1.294342434765274596e+01
9.390909790389853740e+00
1.182547803678122733e+01
1.743850805330698961e+01
1.956049131565036703e+01
2.658875211056728638e+00
4.034527825502164156e+00
7.666010405676368045e+00
6.226046906566844896e+00
9.486785436155564355e+00
5.630381754716844434e+00
1.551017231980884858e+01
5.197358330352019884e+00
2.056661933604134873e+01
1.632427449780224293e+01
1.212056169807520334e+01
7.630709119463425338e+00
1.914676998523839302e+01
3.819339081627509902e+00
1.314917434450813971e+01
1.414102863490219697e+01
6.363213662107916946e+00
1.117051455774646840e+01
5.378593223671121137e+00
1.412044227743764324e+01
1.177703393575253088e+01
3.982237983904565404e+00
1.893605886442395914e+01
5.565701778748274542e+00
1.031951513512102814e+01
1.049125648773588715e+01
1.227063725489273871e+01
5.929413992638274067e+00
2.753856792051972757e+00
2.686214570042917416e+00
1.350073993850485721e+01
1.061415400495818595e+01
2.643198334161484642e+00
1.138393284567677277e+01
1.330891227701400403e+01
6.150215055819066023e+00
1.907945152128323230e+01
7.469311400344079921e+00
4.027700526005096648e+00
3.747745004833862303e+00
5.974350273118980148e+00
8.621561650030280077e+00
1.749540352795102649e+01
2.499587559835640516e+00
2.067315112858683435e+01
5.238159577681342327e+00
4.543118113368906030e+00
5.278936418550199683e+00
1.795024494306284524e+01
1.663582990699448771e+01
4.312338778357064584e+00
7.197127063167547689e+00
1.727598617998289754e+01
5.609978932119648043e+00
1.597765713249913411e+01
5.169529531051407112e+00
1.280429539048242127e+01
4.250638038386182593e+00
1.681769599872130883e+01
1.276036956196245598e+01
3.860772603764884181e+00
1.337032751785801743e+01
7.093504197954375812e+00
1.780676620447892944e+01
1.329228815779076989e+01
1.651677792237180142e+01
5.614037967066733081e+00
9.230762398500495181e+00
8.852272537289266552e+00
5.744551941985679200e+00
6.101242360923069263e+00
3.359930540643341956e+00
6.824704161191729845e+00
3.198632406810051343e+00
5.632822649958174388e+00
1.450248768941663613e+01
6.044342944223490832e+00
2.461121001864423619e+01
2.544139442409017793e+00
1.940823948058250892e+01
4.266700247080279063e+00
1.190310242035981503e+01
1.533059698464126974e+01
7.271801340560910099e+00
6.148453535360597577e+00
6.479216455986713363e+00
1.281615735549395296e+01
1.166184585878520608e+01
1.253693731320358395e+01
1.057169241704592366e+01
2.852800331986517168e+00
7.749768946416611293e+00
1.680870820949222733e+01
7.603070552011649497e+00
9.123661206988405326e+00
2.319960764719123159e+00
4.045346855381088957e+00
1.893952024004230239e+01
7.204808579540125102e+00
1.727602690300634336e+01
1.377705975750222223e+01
1.237011709318489494e+01
3.183815146973014265e+00
9.341446256099246170e+00
1.621802507791273484e+01
1.013594219613962721e+01
4.931930180772933880e+00
1.705498711280225166e+01
5.377244302578916724e+00
8.823545776099722460e+00
1.964805670447828234e+01
2.380037965259825139e+00
9.509571159330228340e+00
1.110410614231782134e+01
1.818698445216114123e+01
9.163861533550694105e+00
7.860620824698024478e+00
1.340942335308373146e+01
1.954577578190701104e+01
9.870676277011478206e+00
6.994152998808496946e+00
6.600204427372267091e+00
6.138576986658685897e+00
2.637236618635201424e+00
