7.338864271937024064e+00
1.380679022236910214e+01
1.477881257950158833e+01
6.434529445815489801e+00
1.889082172036541252e+01
3.487151713403480180e+00
7.061218273318721650e+00
2.780730568113983114e+00
1.183884079542355749e+01
8.578790918337286797e+00
1.393224640487036758e+01
8.064871576774025996e+00
3.088383012029968455e+00
5.474265682608570494e+00
1.095037048913052047e+01
8.798051526215056484e+00
1.036441840100460077e+01
1.843957074742392521e+01
1.134444619721031167e+01
7.297876637164052660e+00
6.690848327356629710e+00
6.852769724680837449e+00
6.058006729432363180e+00
1.195442873510209836e+01
9.438584531762366225e+00
2.188575986607717994e+01
8.706396578320640955e+00
7.365230927238749281e+00
1.153479824239728302e+01
8.560199946286109807e+00
1.248366899188182799e+01
5.837531886060236985e+00
4.908948222295637542e+00
7.717622144507434001e+00
6.135163486737797989e+00
6.335679869179656087e+00
9.647921213159982301e+00
5.960020807716571944e+00
6.984032391937693873e+00
6.789001807729264648e+00
6.337170472940155008e+00
9.529957183668452458e+00
1.175440916677736070e+01
6.911351959198135830e+00
1.500963604588513434e+01
5.180744786868773488e+00
1.133387049516093903e+01
3.853565963362068469e+00
3.446869815827897643e+00
1.551759394132005987e+01
7.780242347233913947e+00
1.214079136224027877e+01
6.088000407900043598e+00
8.093826714367954978e+00
1.121578653102821299e+01
5.482615749425724161e+00
9.216874692857201623e+00
4.527859985794153275e+00
1.184493485938008206e+01
6.536477823459855507e+00
1.031032980094795626e+01
1.196630912890484488e+01
1.041239034243986872e+01
1.518796887127156481e+01
6.744153170056116586e+00
1.022055826025873770e+01
5.489499340211256850e+00
9.531292253780048185e+00
8.349103193124886246e+00
1.875482654588297393e+01
1.958314568836244973e+01
1.215878404284196179e+01
1.518519706238032008e+01
1.071497306497891699e+01
1.169226184517229505e+01
1.224075020562739446e+01
1.411764269438120500e+01
6.108965969049389599e+00
1.149868183800109556e+01
1.217236483436501437e+01
9.184585076704605555e+00
1.435354089987769655e+01
7.837023901715403085e+00
1.389063785963414688e+01
8.848459382228194059e+00
1.179515645731640205e+01
1.689052525716981989e+01
1.932282091786299461e+01
3.304343550540252750e+00
3.976309649120187917e+00
8.202559261556777059e+00
6.548190113455129691e+00
6.164171728692569019e+00
6.183959837085441613e+00
1.275078143881029114e+01
1.532468709827335474e+01
5.105609003304203419e+00
2.029742705736365238e+01
1.617543443357798694e+01
1.209511691063461747e+01
8.204198813930799972e+00
1.869242027242170678e+01
3.666431341217235129e+00
1.210567736856321019e+01
1.479418966859942941e+01
6.412552058184946446e+00
6.551921407153063370e+00
1.127265931476784289e+01
5.390032112648352580e+00
1.349955675442648229e+01
1.429850067372483835e+01
1.139228971321020722e+01
3.816871857594164030e+00
1.880670461168043772e+01
1.092768023809252931e+01
1.144096350090130798e+01
1.203441362833111228e+01
5.708686919771699841e+00
3.101276305270847189e+00
3.014785371031118544e+00
1.190134153572434883e+01
3.740694633107972678e+00
9.670159967440488558e+00
1.330531944669346345e+01
6.856944457607354160e+00
6.799715655377490009e+00
3.814254593470327581e+00
3.828022489738692524e+00
5.765542308499753688e+00
8.707561348225601350e+00
1.684978454614142507e+01
2.085073122291856151e+01
5.150571729807613686e+00
5.536898292409180300e+00
1.779947065909339088e+01
4.275135027786003405e+00
6.953839138530144126e+00
6.917519627203604138e+00
1.763754468194902358e+01
5.592394464230912021e+00
1.607530590596291020e+01
4.765132055131531708e+00
1.262449946046684168e+01
5.199084759638521014e+00
1.718534719549561984e+01
1.305456932156102923e+01
1.303470226055901016e+01
6.890258763290407096e+00
1.721429441113075853e+01
1.215308606644329714e+01
1.686057447652901686e+01
5.136459188303343026e+00
9.437105836374945156e+00
8.970921240885836312e+00
5.816652579585539051e+00
6.104676711098103503e+00
3.325395207872115400e+00
6.527174426357182924e+00
3.204663087262076271e+00
5.517881192266891333e+00
1.375468817342382799e+01
2.461459578293152006e+01
2.989693444690702417e+00
1.796181463291497593e+01
6.380386977645287061e+00
3.422849457673867946e+00
5.027765344248379620e+00
1.271158313676872531e+01
1.553121315664442292e+01
6.918814653426752947e+00
5.780404752553805814e+00
6.372652936681964420e+00
1.267819848855275922e+01
1.616934571677306565e+01
4.657495504783297768e+00
1.140034030400075160e+01
1.171178941474363278e+01
9.838750121520739356e+00
3.379187066707536768e+00
7.980355134113052529e+00
1.475790044263056799e+01
8.324034439333953372e+00
3.079744129223433546e+00
6.228027744055212978e+00
4.472165624334998313e+00
1.888921788774284849e+01
7.253760305414727050e+00
1.747509135386620116e+01
1.422574922758811233e+01
1.192309602740293428e+01
4.012980131098414560e+00
9.265135431982564285e+00
1.642819425883087092e+01
1.079323087619785682e+01
4.774540267800750470e+00
1.513388350910701163e+01
5.234317977464383098e+00
8.700631794043522049e+00
5.795496099138680357e+00
2.765093109147063632e+00
8.916032570642663302e+00
1.069962981968400051e+01
1.791019852721365169e+01
9.919623383711428488e+00
7.740629698878059628e+00
1.288302450253472387e+01
9.702859366174344302e+00
6.981537720924784196e+00
6.127070537261126049e+00
8.157898115246561943e+00
6.132693424681768590e+00
