1.359003812162866076e+01
6.857052822869122544e+00
1.390749790326742819e+01
7.296710197715976065e+00
1.819233236841166601e+01
3.795811236327404359e+00
1.080246966081894300e+01
3.221631567181210798e+00
6.881748546060983074e+00
2.781063117205927693e+00
8.603632995110263693e+00
1.471339458010158552e+01
8.309453245442153246e+00
2.732703366406375345e+00
5.847884208671486839e+00
1.079866560200003889e+01
8.754162660501263460e+00
1.002732459106393925e+01
1.958279087877219382e+01
1.145262709937224344e+01
6.904963557046858824e+00
7.507656241359602411e+00
5.976835074816491122e+00
1.214770936760711351e+01
8.705755207574886967e+00
2.184315092057450869e+01
8.929907528285502494e+00
3.295528409406276893e+00
7.014805116337264224e+00
1.030411877586963243e+01
1.154535487810196237e+01
2.102082158995450811e+01
8.255790474680450686e+00
6.150413451233578854e+00
5.317390232072683354e+00
8.264696516139570903e+00
7.199461042852548509e+00
9.057925771598027254e+00
8.818689994153936951e+00
6.109524552094637073e+00
6.911646426483279093e+00
7.712792702687032431e+00
7.679299519533689278e+00
8.730768162151706591e+00
1.223307807854975593e+01
1.422486969503617971e+01
5.393294656608218496e+00
1.216504710866964878e+01
2.978382010365566934e+00
3.141845682984710564e+00
6.834120174661894254e+00
1.182244661899784610e+01
6.297162817778348298e+00
6.910372700245773991e+00
1.016029344935673606e+01
5.697765068050354209e+00
8.255786333128087406e+00
3.863868784760475794e+00
9.612415353091405379e+00
7.083177371388028831e+00
1.017975495073525849e+01
1.129501230497077202e+01
1.123364507212491681e+01
1.554468230544170027e+01
7.504756280383912959e+00
9.498108462930099805e+00
6.105950558913206372e+00
8.303726467385478927e+00
6.188704857814647298e+00
7.954803845633676929e+00
2.002659438895101118e+01
1.959763257298306627e+01
1.119183816753356098e+01
1.563901062890247395e+01
1.154364931160737129e+01
1.253418038907246235e+01
1.013046680890492368e+01
1.360841724025215704e+01
6.150492548828347950e+00
1.059730099430418448e+01
1.148672759516795772e+01
9.925277292286770248e+00
1.415884676247845597e+01
7.618256739827552693e+00
1.198824206447401863e+01
8.006215582902857619e+00
1.061529782724588600e+01
2.113814721342347624e+01
2.717936469950148037e+00
8.498442726978062467e+00
6.232140492024805134e+00
6.424812433574476955e+00
8.445645672198944354e+00
6.413192761392322083e+00
1.261868617964221606e+01
1.603756333965891301e+01
4.999219900062001010e+00
2.112499274538664906e+01
1.620831964363625488e+01
1.214383820143462422e+01
1.912174095034832177e+01
3.246083240998617558e+00
5.854190030147450763e+00
7.170662536211345639e+00
9.650695385190140030e+00
5.591741167483084141e+00
1.380869115741981368e+01
1.169477962417882821e+01
3.920355647805006338e+00
1.864265686936609612e+01
5.398649166846535508e+00
1.030293716204130305e+01
1.114618385468846107e+01
1.201670688836780698e+01
5.794418513952500405e+00
2.710794031638199986e+00
1.195264532280653391e+01
1.109730728169722092e+01
2.804164803421324237e+00
1.049495354726510499e+01
1.245923497889305054e+01
7.103670138080080854e+00
1.754707840603463964e+01
7.539217417456546499e+00
3.664574807774380716e+00
3.021395021976200468e+00
5.981082853529978038e+00
7.352469522797912660e+00
1.809502076370716495e+01
2.448082691874054806e+00
2.163023297341200291e+01
4.847676769325363288e+00
3.745211730307883791e+00
5.667318720048599268e+00
1.832531239970142778e+01
1.611071434484436082e+01
3.689811400287343446e+00
6.925403966796412902e+00
6.368086010443508194e+00
1.787869413833991317e+01
5.742989001154260365e+00
1.652215310861393860e+01
4.534793600660139923e+00
1.692546501124198244e+01
1.362958339193523649e+01
3.310221219598779019e+00
7.652984533958490765e+00
1.812113649384849978e+01
1.191656200849040026e+01
1.733414834175095365e+01
1.739973548628734434e+01
5.488106830561268801e+00
8.826208864394624598e+00
9.698737096452383355e+00
6.676341300962784331e+00
6.520579398854395414e+00
3.166542454615572488e+00
7.206964587377477471e+00
2.919288000557183960e+00
5.612873705032585647e+00
1.366544668700058551e+01
5.672353230820414538e+00
2.477015703920080369e+01
1.997923157757306711e+01
6.852781674912382215e+00
2.917201694961437219e+00
5.369336184397448086e+00
1.203152959378308395e+01
1.649741306623350923e+01
7.731168618713069485e+00
5.805355665394265507e+00
6.986939448855918222e+00
1.470946948693030976e+01
5.248154164440948399e+00
1.181178496884218276e+01
1.299280072541628073e+01
8.074522720764660377e+00
2.805796296245966381e+00
1.551762653541630321e+01
7.827967552210465030e+00
7.829228729244976925e+00
2.465406289513562221e+00
6.246833378952456606e+00
4.054435797218179260e+00
2.084949085076425490e+01
6.430694824040557478e+00
1.760862189420643631e+01
1.308230249279089463e+01
1.103463230197264622e+01
2.746337228493883398e+00
9.709715849328432569e+00
1.657000643850346222e+01
9.696469761276130583e+00
4.949221710713401556e+00
1.534231940371003766e+01
9.505659182764166104e+00
5.236776141249943173e+00
2.057562146195612485e+01
2.674721706354543649e+00
8.545184348131469321e+00
1.103358958426128567e+01
1.799367936097593557e+01
8.987719500375263237e+00
1.303258410618914453e+01
2.033057294436204288e+01
1.030416634888625893e+01
7.847848916132601715e+00
6.807800684080732800e+00
8.886524802700643377e+00
6.428446641319081500e+00
3.098155963072919850e+00
