1.356511917600284356e+01
7.099545838208523918e+00
1.423277377166632540e+01
1.391142843317229172e+01
6.886762546248057504e+00
1.809195536595684572e+01
4.113251937046952023e+00
1.190820770599308176e+01
3.257621194354765048e+00
6.987090184967629902e+00
1.194774936769480966e+01
1.330860699146339421e+01
7.613572285880191970e+00
2.787257718249478433e+00
5.294869744711881765e+00
1.177502793966998595e+01
8.308712316836926348e+00
9.639362299377209453e+00
1.859260699583495580e+01
1.178470340890245183e+01
6.091039447470848245e+00
7.054185093679658181e+00
8.142886185725632942e+00
1.384923893767360425e+01
9.848792677467143264e+00
2.146095263010447241e+01
9.807246572145588814e+00
3.370838900464018906e+00
6.529051862239077408e+00
1.015156979891964539e+01
1.172583809690538637e+01
2.010052040551916619e+01
9.031666719417922096e+00
1.349590086086852381e+01
4.500022882648655909e+00
7.093948875196641524e+00
6.522508380860952748e+00
7.871595218128655702e+00
5.780132672745708966e+00
9.436248094777777595e+00
6.515858224700045831e+00
7.174461069379395539e+00
6.857420589386942211e+00
1.215394964871804184e+01
7.302532718133870837e+00
1.448300919124839581e+01
4.999114613950401242e+00
1.163185841108319174e+01
3.286406043436937985e+00
1.529933123773543180e+01
7.132632028576117555e+00
1.263460592090434353e+01
6.186919108110593868e+00
6.870887866194816951e+00
8.959428144838923913e+00
1.203561449850494824e+01
5.278733677803325364e+00
9.994455107989244524e+00
4.723869482790531649e+00
1.146515398160176424e+01
1.344240306217990266e+01
1.078366145783796526e+01
1.542362598716867694e+01
6.682017976933027903e+00
9.478741552474803100e+00
6.359619565501287042e+00
9.861403869314258941e+00
6.652100137985835104e+00
8.376308706825636108e+00
1.811129702457861512e+01
1.877885443613383742e+01
1.280052451370884725e+01
1.110874269381783819e+01
1.193328077679585419e+01
1.259209810320481182e+01
1.430026440922595121e+01
6.135917175038771099e+00
1.172187477322881222e+01
1.234605270666083499e+01
8.964891460244260202e+00
1.415327848945688771e+01
7.458453895082945984e+00
1.357127986372058714e+01
1.040327439720704916e+01
1.761538177962276563e+01
1.898674493583483525e+01
3.289312354189979803e+00
3.472619950181729198e+00
8.892433184814764857e+00
5.744327313888256015e+00
9.829099813822079312e+00
6.001225738890484607e+00
1.207229491879970062e+01
1.583582489400946258e+01
5.136182984461925116e+00
2.080181868789637534e+01
1.596656871598016991e+01
1.359524853405972777e+01
7.790154809158564397e+00
1.879340975549403225e+01
4.053159033063279182e+00
1.240682132887247846e+01
1.524941718462544316e+01
6.665554368033534516e+00
7.127699103440363615e+00
1.101112215170797981e+01
5.152904168840405141e+00
1.315430860516739742e+01
1.286423105703829783e+01
1.204318450772524152e+01
3.611342237584618697e+00
1.829260119515656768e+01
5.176617548912420652e+00
1.025423285516006366e+01
1.151953908748866340e+01
1.127659487470549671e+01
2.984088754063936921e+00
3.068015499633279575e+00
1.396432527300228443e+01
1.137624638246375319e+01
3.401812053227317278e+00
1.119415137187008291e+01
6.417782302432916808e+00
1.872046227263005136e+01
7.536013399923485956e+00
3.196511083820503973e+00
6.067505225276995873e+00
7.470272681828508787e+00
2.876853054621783645e+00
2.050657424436368359e+01
5.016413261447087102e+00
3.884996965040524941e+00
4.872734022290782896e+00
1.808974376382399996e+01
1.657758228323873340e+01
3.573273335686847574e+00
6.311044154597038158e+00
7.075057749598211210e+00
1.705955373718144585e+01
1.594739948230087556e+01
4.827759804967143076e+00
1.362982190844113539e+01
4.588370719075223647e+00
1.654012401850728864e+01
1.317190684797302147e+01
3.261816868084321364e+00
1.375690082696321781e+01
8.086460824917836021e+00
1.743565840878737205e+01
1.351771102260525836e+01
1.575876807538371160e+01
1.643518612818536795e+01
5.084092003131599036e+00
9.663612030856176816e+00
5.993157726247395622e+00
6.783207814673910541e+00
3.044148850487545577e+00
7.083499808416240384e+00
3.164268601119806235e+00
5.353642570072286055e+00
1.342212787075012592e+01
6.456846869022779600e+00
2.365866459350254303e+01
2.847106024817708914e+00
1.791963393890992506e+01
6.642157145186101452e+00
3.414567588665244013e+00
5.059280441750574120e+00
1.278258785133906095e+01
1.506445418503738409e+01
6.749094925541161416e+00
6.350699796933017893e+00
6.590389967305942065e+00
1.270579611206121839e+01
1.690760312913771557e+01
4.590253157752067104e+00
1.132504767732591233e+01
1.208924060576694082e+01
1.045895460885807360e+01
3.276020919471453574e+00
8.597909900207207912e+00
1.542197859703492213e+01
7.833581632958114049e+00
9.212249329894117267e+00
2.765142165280201958e+00
5.434337208018616749e+00
3.744602918885202136e+00
1.825378848940954057e+01
6.748925838657307885e+00
1.748432095836360034e+01
1.464543852578564120e+01
3.094855270695102689e+00
9.118863632478985792e+00
1.606176249683639412e+01
1.150941439215861450e+01
4.463946532701368319e+00
1.685377014371532667e+01
5.108883009576221212e+00
8.663420070397792827e+00
5.487486560611774422e+00
1.937855737225841679e+01
9.398795311430205857e+00
1.085703107104402321e+01
7.469855208538195512e+00
1.252275386102265209e+01
1.841986070439212142e+01
9.073469944984166702e+00
6.869619103662516935e+00
9.325345289352350520e+00
6.512791637427868707e+00
3.393838508127537512e+00
