1.343393349756066257e+01
7.460414042509622590e+00
1.520017343282343525e+01
1.385017579641436924e+01
7.049225086264277351e+00
1.834754796640843466e+01
4.099360856346755178e+00
1.206705099700587880e+01
3.493011325522415333e+00
7.409132519808245831e+00
2.691814400152045650e+00
1.259325333369753963e+01
8.462420181808472108e+00
1.339806890529439620e+01
7.366897013811589900e+00
2.690396983020393318e+00
5.233380698502156925e+00
8.338891313310172748e+00
9.389136001551646515e+00
1.894083751814813965e+01
1.139030469101366805e+01
6.654004968340876403e+00
7.119339898045480730e+00
6.230332800285214745e+00
1.404225834734681300e+01
9.989174109476074648e+00
2.208246735513296244e+01
8.944938162854878527e+00
3.403107655466068859e+00
7.189681881902672878e+00
1.026718621319903590e+01
1.167689618166543220e+01
2.044991984117616823e+01
9.385786525408532199e+00
1.103124255516719998e+01
5.739454478346202926e+00
4.799448685622316191e+00
7.595424287048334833e+00
8.428964102431464767e+00
5.763569912691517416e+00
6.876445294952739040e+00
7.569376234221944166e+00
6.712536213027073373e+00
9.740489805894549491e+00
1.253898335199581027e+01
7.725241829528060933e+00
1.499600040972405246e+01
5.138002999536811721e+00
1.169481094093854878e+01
3.127765813381029769e+00
3.438852140316747796e+00
1.611835993672868028e+01
1.188438099634299583e+01
5.702123147127296399e+00
6.682279715573546497e+00
9.148955775888163444e+00
1.061519578379760809e+01
5.550149588331570349e+00
9.439403852581531140e+00
1.152580249623610165e+01
7.017905642867548366e+00
9.642187853349511784e+00
1.346824507675519911e+01
1.099034958879106227e+01
1.548908665223657621e+01
6.723001498646243412e+00
9.204796016043582441e+00
5.828751491242492477e+00
9.665097705371819004e+00
6.528457314289603630e+00
8.916363149845297542e+00
1.867473197683271735e+01
1.907233233522141447e+01
1.150009530044127892e+01
1.489129598755312323e+01
1.177110444645908416e+01
1.122117754942923540e+01
1.425899619256386330e+01
6.040184976076551138e+00
1.223713904610594660e+01
8.940187592678290329e+00
1.333252251166012670e+01
7.111965905259722831e+00
9.813398340086745719e+00
1.148153770068963198e+01
1.760827643129834641e+01
2.000969998127944649e+01
2.791757712932137370e+00
3.602826751289447849e+00
8.055258375596736187e+00
6.062316753718496543e+00
6.171154922282560129e+00
1.045313765693435748e+01
7.165379183138242958e+00
1.170360453329515238e+01
1.564441341369408889e+01
5.015062784229266768e+00
2.094965060281096569e+01
1.572161987675540473e+01
1.368902235429181680e+01
7.241915585457300075e+00
1.955449658283675873e+01
4.279355887478390130e+00
1.214180384695622905e+01
1.527830987696240506e+01
6.991163143367705501e+00
7.061753333972490942e+00
1.035042531595191306e+01
1.363418673423160676e+01
1.350207441330196900e+01
1.234113396703547849e+01
4.353342006159989452e+00
1.840697718046962095e+01
5.463158951616995829e+00
1.017960936814106176e+01
1.145959381344580841e+01
5.676174586252411558e+00
2.913902962778306627e+00
2.660079336092244784e+00
1.411049089302211357e+01
1.143003328990224610e+01
2.707751702122391357e+00
1.363199351574693985e+01
6.328486552657015096e+00
1.828133667893046166e+01
8.179580400968717413e+00
3.721759460521243845e+00
3.122348124281625115e+00
5.716734273618674145e+00
7.589946453400507664e+00
1.701730651321489063e+01
2.501638900947734001e+00
2.085197512004348397e+01
4.710473642867732735e+00
3.838416462014305530e+00
1.819104007503289822e+01
1.627533209154877269e+01
6.848329082598572981e+00
6.554870050503030399e+00
1.687173331512151364e+01
5.699169551095134345e+00
1.508387168354459540e+01
4.759249338992137091e+00
1.281211852798353945e+01
4.310120674085948345e+00
1.692504965097188219e+01
1.366486225263472321e+01
3.595600221872769175e+00
1.386678087893824163e+01
1.719999826140344723e+01
1.579846355064614727e+01
1.683115501042751205e+01
5.232183351178512076e+00
9.911798588880939676e+00
8.676713687160944488e+00
6.372377025992888910e+00
3.247890848314964440e+00
3.025900783199830357e+00
5.386665439706349368e+00
1.366329424999117492e+01
6.158107888703811206e+00
2.413936503645707887e+01
2.753184632348996796e+00
1.890406460585711201e+01
6.842983569227171436e+00
3.498213849175180634e+00
1.334400017808919259e+01
6.770078820783385076e+00
6.733530148783067659e+00
1.356043242352300204e+01
1.647431572801565736e+01
4.438014290504868065e+00
1.120239067187341497e+01
1.015740559528700437e+01
3.030323958974353804e+00
9.351055646817675537e+00
1.682935579451540775e+01
7.752658817873918196e+00
9.596036334473913243e+00
2.540352481643981974e+00
5.487134022317182058e+00
4.004637874805012210e+00
1.947940271798853828e+01
6.620176420400453843e+00
1.759604656071469364e+01
1.430113730087085777e+01
1.335643763795596506e+01
3.321570094635390102e+00
9.749849676373186114e+00
1.586823012610339134e+01
1.223357421706525372e+01
4.255877085782310054e+00
1.714720410803743178e+01
5.203028400742823578e+00
8.709616458005875472e+00
5.468635101886173189e+00
2.012502501976726421e+01
2.514740267692028297e+00
1.125017367649146749e+01
1.723740454194973992e+01
8.508385932292670262e+00
7.469236041840389362e+00
1.306500143811559234e+01
2.001322035242895936e+01
8.862036768434739642e+00
6.937196464097152848e+00
6.700204527019113065e+00
9.875690459572428637e+00
6.232304265701913870e+00
3.070130179293997230e+00
