1.418727202225473150e+01
7.582151258678111461e+00
1.482089484119220124e+01
1.398440376077435232e+01
1.836729798377086453e+01
4.550517946640783684e+00
1.152644808390930642e+01
3.161650833348820022e+00
7.045732954530055103e+00
2.659043732136319615e+00
1.384326368577598743e+01
9.432529651623282163e+00
1.353763033095113144e+01
9.018065375508500736e+00
2.828498806454671666e+00
5.362577655358868434e+00
1.221863004852843737e+01
9.460444403165269023e+00
1.051237263923625953e+01
1.939220335776807502e+01
1.119525173589135925e+01
6.743821746715003229e+00
6.967035694381696231e+00
6.599782404646691525e+00
5.940717873127113080e+00
1.306467637188910480e+01
9.314826161001001026e+00
2.190912579062968746e+01
9.548361840957074520e+00
3.835993594538736673e+00
1.037867790967479920e+01
1.194151700933057825e+01
2.065838516322760654e+01
9.054061959490672606e+00
1.251955714504049944e+01
5.943048805714957084e+00
8.080872349595244586e+00
6.047172164259378313e+00
7.659319931140965210e+00
5.543662057705445179e+00
9.231886916493165174e+00
6.077555166799803565e+00
7.639033035548718154e+00
6.816505387014555772e+00
6.820862172317411876e+00
1.031532765149435882e+01
1.151812533267787586e+01
6.894140175527288861e+00
1.522489823152342048e+01
5.549619990005261627e+00
1.189672269180510256e+01
3.937657235144889523e+00
3.567978681980142230e+00
1.483872874941567233e+01
7.697594201239983391e+00
1.321819830685307728e+01
5.538238220316062943e+00
7.563400153983064200e+00
8.465944441685573807e+00
1.219165472360702296e+01
9.994678749605911960e+00
4.462401747239012728e+00
1.198691926193125212e+01
6.837746903306444857e+00
1.105913950904187182e+01
1.271404619411975290e+01
1.082483298713093589e+01
1.538119816032505405e+01
7.247262791326786413e+00
1.093750930846214331e+01
5.683666769100092608e+00
8.956653498480683595e+00
6.306942094440041835e+00
8.342314112039707297e+00
1.856152433839987737e+01
1.973494615866157176e+01
1.547939317295884898e+01
1.120279481412105760e+01
1.100804216490459986e+01
1.209354252428478915e+01
1.352704612371984538e+01
1.213519766166500702e+01
1.168835856251349270e+01
9.410798916699015138e+00
1.408880413205367255e+01
7.228458453964217156e+00
1.331664348157530497e+01
9.433623174987728177e+00
1.666899337249209978e+01
3.307450155379708434e+00
4.164021677401811061e+00
9.413419223573448846e+00
7.211079861090379239e+00
5.954520655897479919e+00
1.017059573834849218e+01
5.575041623647694955e+00
1.227582687100549030e+01
1.493567568419553737e+01
4.883872737901922001e+00
2.037519448214667150e+01
1.512216187145003943e+01
1.293182690855634220e+01
7.988565443441416392e+00
1.864279506932150809e+01
4.161536523319281144e+00
1.338185493255017278e+01
1.485900845167433992e+01
6.536717495868782812e+00
6.783376492163139204e+00
1.104853957769088346e+01
5.167548897250185291e+00
1.452559100433095196e+01
1.354397107341065265e+01
3.786741620605304171e+00
1.830086171909528403e+01
5.502246007630953173e+00
1.100303496598808728e+01
1.253189575812716861e+01
1.102685607634957243e+01
5.623978246693963179e+00
3.021885583600937508e+00
3.326174660049008303e+00
1.400642184219826092e+01
1.185453473585470618e+01
3.013333886733647216e+00
1.107101481405164378e+01
1.296461809169343482e+01
6.130216658372197536e+00
1.843104295773154888e+01
7.453923101023732123e+00
4.183664381982060476e+00
3.257877478277359184e+00
6.134877615761481273e+00
8.789350306493780352e+00
1.621835274603955668e+01
2.789206825372904763e+00
2.060833843488537553e+01
5.074379731797441728e+00
4.545992112339687807e+00
5.162531321049025124e+00
1.671909087303874131e+01
4.229570230683862953e+00
6.633256218660559256e+00
5.538982153285940235e+00
1.615534523493126429e+01
4.805827967725777583e+00
1.357740077799415346e+01
4.545729109852262972e+00
1.675788154550623688e+01
1.209702994780870533e+01
3.867233309195119872e+00
1.328360798941622356e+01
7.247797005463090692e+00
1.809590893359581187e+01
1.346473854174999119e+01
1.565781495298473658e+01
1.599537285147144061e+01
4.993980165840573804e+00
9.093243922975739579e+00
5.739470092181437444e+00
3.192233981675114851e+00
6.919453025504330057e+00
3.173366749005239296e+00
5.656958866499823380e+00
1.369977318531951127e+01
5.911750037516996237e+00
2.853928277756699217e+00
1.878611537510932195e+01
6.587095605510871366e+00
4.089671386466634750e+00
4.637293272156405521e+00
1.411637720543652286e+01
1.551280868668469637e+01
7.062009351903218324e+00
6.175375202408634578e+00
6.443421572467523006e+00
1.284214147547691454e+01
1.641142918949891794e+01
4.965527905240297635e+00
1.219944601794414218e+01
1.009416499731551831e+01
9.103171148041909078e+00
1.610628548845006947e+01
7.662512936209669334e+00
2.840217754933021865e+00
5.941405825804100260e+00
3.945992459100036598e+00
1.940320869749663757e+01
1.718024265269230000e+01
1.297147812937737577e+01
3.633108568087188850e+00
1.584086027322066315e+01
4.616733549631913291e+00
1.658119351596937108e+01
5.350584210325114221e+00
5.311734383411639726e+00
2.001370427283191944e+01
2.762553559465845243e+00
9.484726878881321710e+00
1.671614479679538690e+01
9.646647041634553332e+00
7.978631636529073923e+00
1.327296520969239424e+01
1.886256500951119364e+01
9.691877159572078071e+00
7.330855546136797685e+00
6.081389334423286996e+00
8.259741653745862777e+00
5.655187777754939304e+00
3.205436123662826375e+00
