1.350348495473258481e+01
7.260482765956201234e+00
1.456062136656589523e+01
1.386558838734250187e+01
6.826343428641571620e+00
1.887833258910667666e+01
4.385714192888575447e+00
1.093250072453625066e+01
3.198023370512524721e+00
7.050649162746484677e+00
2.816706180543636862e+00
1.260324741626387812e+01
8.841376920950061447e+00
7.696510157943537322e+00
2.900088311337174041e+00
5.654177977073540973e+00
1.080129564842478196e+01
8.811892861372887964e+00
1.971428010393276153e+01
1.181097497001031371e+01
7.514325762139670850e+00
7.388694235984688774e+00
7.477617198079007821e+00
5.940607992223195133e+00
1.256154155553428531e+01
2.232079081369012741e+01
9.023894239211120549e+00
3.654131892090898504e+00
7.395230314148411921e+00
9.928798459743854110e+00
1.116054053365298593e+01
2.045055779956246766e+01
8.889331762098985124e+00
1.209077683171222439e+01
5.539919991734713278e+00
5.088751901153702129e+00
6.408086676768713019e+00
8.190482574625910672e+00
5.898668199061678052e+00
9.338019677568997423e+00
6.534056008104601965e+00
6.922274236180157025e+00
7.113684429452552749e+00
9.523405881242204885e+00
1.231181263786126046e+01
7.229409368677466752e+00
1.440645330877087460e+01
5.215633863525597214e+00
3.481914528278227117e+00
3.604437641995904329e+00
1.545183614044799292e+01
7.232763348709950080e+00
1.165208002121881670e+01
5.998862340515983327e+00
6.686502944672479742e+00
8.730007851186973866e+00
5.461493580065502229e+00
9.155346707879616019e+00
4.807524666033001104e+00
1.171937022034775921e+01
6.814900404416952995e+00
9.749101187905713672e+00
1.253171444421159819e+01
6.894406375868260994e+00
9.149644019741314693e+00
5.833312105158995564e+00
9.550050486536923344e+00
6.492268063598271688e+00
8.241106330129555957e+00
1.970309438504771293e+01
1.915495835730147434e+01
1.169707773521048289e+01
1.525625485019725680e+01
1.152829005378773175e+01
1.308068211523308477e+01
1.187451830816101683e+01
1.377220607636342109e+01
6.461226043073695635e+00
1.069244784496873990e+01
1.198561914999406852e+01
9.124182996472567808e+00
1.399121253018763156e+01
7.499221842177711039e+00
1.308833651636621020e+01
9.249669990180560575e+00
1.118700048811567882e+01
1.778700888741198582e+01
1.941081663645534405e+01
3.107418505347095739e+00
3.899443592349582044e+00
6.547521297313449118e+00
5.973824211725699662e+00
9.964892366457936745e+00
5.733207975069603002e+00
1.257043391523410669e+01
1.560326060416078242e+01
5.207987249223208437e+00
2.152038792434395376e+01
1.584735104480776968e+01
1.265384061854326703e+01
7.636462776814116893e+00
1.920443908710528191e+01
4.300860789823848229e+00
1.188613628286310053e+01
1.501817954333257887e+01
7.104524698707615826e+00
1.048733568318493781e+01
5.230515585614757157e+00
1.358328631986674750e+01
1.435720845639806775e+01
1.177019366699374281e+01
3.858295850285599737e+00
1.816945269968223187e+01
5.379171122953232853e+00
1.038510879302890366e+01
1.043990756539150411e+01
5.452816774057204441e+00
2.967346218047582695e+00
1.296249141894406698e+01
1.097560574085489193e+01
2.852051697373139127e+00
1.050498977768411812e+01
1.336125721767499108e+01
7.027019140730943469e+00
1.812368282726853153e+01
7.619014211469394837e+00
3.898554073452120239e+00
3.737895409586224016e+00
5.819641578295358109e+00
8.715036029916410243e+00
1.696156788789382119e+01
2.811260330470099600e+00
2.096948673813418296e+01
5.359004808750748694e+00
4.094780837735391366e+00
5.483267274990611284e+00
1.840672436561688485e+01
1.613251138837219401e+01
3.943511850934411811e+00
6.711044332554239489e+00
6.781123893297006155e+00
1.817876604609080715e+01
5.599436798438289564e+00
4.918863457253846327e+00
1.255732148704842466e+01
5.149900178792698568e+00
1.331913823382387285e+01
3.915937378406015412e+00
1.271126790747124069e+01
6.878382913522337994e+00
1.270163788081852729e+01
1.663772688627780028e+01
1.669932910130853898e+01
5.227109887967463564e+00
9.850072882479505409e+00
8.578931024755185319e+00
6.203925860464775788e+00
5.895112692094056861e+00
3.505641641200741176e+00
7.004846804641235991e+00
5.425924166241899549e+00
6.612139285654166976e+00
2.314686646917030899e+01
3.015822344903782426e+00
1.932172354570071704e+01
6.505543394872161045e+00
3.364509907189311644e+00
4.796296642923882914e+00
1.538699405033646883e+01
6.914134064561221038e+00
6.409019670210220454e+00
1.255923888145386158e+01
1.652990818937349360e+01
4.988972237483476846e+00
1.178274901402988739e+01
1.271320712238029316e+01
1.005340059051667545e+01
3.168417509136471022e+00
8.166781766733084424e+00
7.808118968506567725e+00
8.726714597729356981e+00
2.624036082444476836e+00
6.464097522284359520e+00
4.018485633380479705e+00
1.984032483016414261e+01
6.969467846665069466e+00
1.402922573008126861e+01
1.278878270410260498e+01
3.352854180532377715e+00
9.608262223149127479e+00
1.702888883063253900e+01
1.074154563721733169e+01
1.657847080629438707e+01
5.438873297067259749e+00
8.844713937151164274e+00
5.667601757151999209e+00
1.969844900727239434e+01
3.035368478899001854e+00
8.898208228517388463e+00
1.101726502733836988e+01
1.812977971857451465e+01
8.951712668871730116e+00
7.187813678768488757e+00
1.356087506155086508e+01
1.949049024123484131e+01
8.944978649472535182e+00
7.130906567352223391e+00
6.390818383107938594e+00
9.269508963106821042e+00
5.971692574217009941e+00
3.277347794594989150e+00
