1.093533690293213567e+01
1.201382138994955007e+01
2.935307558196614153e+00
1.072803906816583108e+01
5.987945942032459001e+00
1.082409626257405222e+01
5.703701118428872618e+00
3.043352099240351105e+00
5.388827085418657958e+00
1.169948115153728452e+01
8.494080743276210654e+00
3.923904801104129092e+00
2.229488997635962377e+01
1.198389106885308841e+01
6.666327989236410900e+00
1.249801462398719032e+01
4.017380862015464515e+00
2.274199113120550919e+01
5.295621960603429379e+00
1.910978212588350189e+01
1.053614559560780251e+01
1.109309721706048357e+01
4.333406077509419418e+00
6.382976616578234008e+00
1.239508651097871095e+01
2.807210085751139061e+00
2.234801056679610198e+01
1.196100516215773268e+01
4.044965803535705895e+00
8.567471682066278404e+00
1.052469834480592681e+01
1.961283277197793495e+01
2.098164660206759891e+01
1.177366988205261400e+01
1.074687445364796545e+01
4.980455409582065229e+00
4.117553518961682535e+00
9.021090818718839444e+00
1.024796125307179651e+01
1.095434638123490600e+01
6.283964174665287672e+00
6.401869025535188662e+00
1.835391424372171087e+01
6.368366967982243665e+00
2.999395952400651488e+00
1.759158878903928525e+01
1.053614559560780251e+01
8.429711896781913794e+00
7.487334098616530653e+00
7.079782347068827697e+00
4.263647711524590989e+00
4.185691359380062870e+00
1.237269130490959235e+01
4.586579907958088675e+00
4.745037464708473429e+00
1.189512570701037397e+01
2.491921561558540432e+01
1.304869733199944193e+01
7.446574832884323314e+00
6.733279170848305739e+00
4.823000368710446573e+00
7.663587965656287082e+00
1.926531172483833743e+01
1.985088468874630863e+01
4.745037464708473429e+00
6.462878740143139566e+00
8.374504796001849272e+00
1.683546872785798598e+01
2.420379615899433645e+01
4.108131418967594151e+00
1.037377126588484622e+01
9.803197696310766318e+00
3.923851080244485257e+00
2.884300395989139343e+00
4.055992301641009767e+00
1.017585358188064504e+01
1.422382234759223962e+01
1.194479300260836929e+01
5.670105052486482222e+00
1.892625960961514409e+01
6.120956772402745827e+00
6.912970505118305908e+00
2.073956492644035876e+01
1.909083640520121250e+01
5.522953352957716611e+00
8.377168548567079043e+00
4.462471548983224068e+00
1.101368908141576952e+01
9.448931415873214945e+00
8.774467514839846771e+00
1.279852660129995456e+01
5.344074281678429905e+00
8.141926957842407830e+00
4.075387866255637981e+00
1.081167704913055871e+01
1.704812543353306253e+01
2.870872891879778788e+00
1.703718462629437980e+01
7.502058709687942084e+00
7.107772872251472585e+00
6.455066388333547067e+00
1.017994691168769883e+01
6.799810355841970910e+00
6.891690874166522818e+00
1.962999243198868271e+01
7.491275259254033259e+00
2.800856203292113822e+00
4.069234357008134850e+00
1.094293848886328391e+01
5.884157215988421008e+00
1.077625310852733698e+01
4.546082137446992633e+00
3.029067066048548806e+00
4.119532160641080409e+00
1.198009606581581465e+01
6.652270567126567613e+00
6.706544845172283331e+00
1.600870367492968782e+01
1.024796125307179651e+01
6.284205516101402544e+00
1.831331167442809260e+01
2.181117722318646912e+01
4.112520457468219703e+00
2.756202923543664252e+00
6.138414260115308885e+00
9.568370720013158248e+00
6.365867676735084579e+00
8.464105203592573901e+00
6.818172941846658119e+00
6.934229980993580789e+00
6.609228897416978832e+00
3.806478645942811045e+00
1.214618412582197848e+01
1.076864166137638534e+01
1.159857119525050351e+01
8.334045583895393960e+00
2.800590752934984273e+00
6.462227755395855588e+00
2.089185898246947559e+01
2.028965692899311790e+01
7.780934389516711569e+00
7.129310054940068753e+00
5.937070393263798707e+00
7.539005292801582492e+00
5.136732721719815764e+00
1.094701395151708923e+01
2.770490337929373936e+00
6.082498367527262140e+00
1.810940261688737607e+01
5.228878530056250362e+00
1.100526709130386749e+01
9.738814724246093846e+00
5.446060767506189393e+00
9.898413885558769110e+00
1.052903655201436806e+01
1.921089433982552919e+01
5.163394726259127765e+00
4.117662366761387638e+00
6.342387327747299963e+00
1.881349973265180964e+01
6.705992618686135387e+00
2.101535953544073365e+01
6.683450782678558966e+00
2.885585894340886526e+00
8.413999642285039826e+00
3.564121517442281561e+00
9.021090818718839444e+00
1.076864166137638534e+01
4.255809988243793640e+00
4.729473158736228200e+00
1.109263622392473359e+01
1.911310101310688125e+01
4.757923053768571720e+00
8.441299515922816354e+00
9.591629875536684224e+00
7.658556723924406562e+00
9.803197696310766318e+00
9.921738828239437424e+00
8.464105203592573901e+00
6.706544845172283331e+00
2.859627001155909731e+00
4.586579907958088675e+00
2.150986272246202091e+01
1.072296037533652147e+01
6.285205205484571955e+00
3.599731820960692108e+00
1.739212801516085349e+01
8.670540122278561412e+00
1.136022112852216814e+01
4.220739603314278554e+00
6.266620890452237802e+00
4.320005135151500752e+00
1.386291333087301147e+01
4.302365923734424058e+00
1.108728859244146570e+01
3.369467561626056096e+00
4.542377203589726520e+00
4.196254045136706523e+00
3.020210450319142481e+00
1.786833999537679318e+01
2.288657562616931074e+01
4.108131418967594151e+00
5.644571883798754186e+00
6.327128632450211398e+00
1.833861723722512593e+01
4.069234357008134850e+00
1.040870396715065027e+01
2.121548185915145623e+01
4.164543396256859431e+00
5.010803129064261618e+00
