9.800860609697274128e+00
1.186447871888428374e+01
2.889926539345501588e+00
1.088589360350048452e+01
5.488385358095046129e+00
1.083684342665343792e+01
5.687038326023065693e+00
3.073846700497696371e+00
5.560211793031246685e+00
1.153859575761524603e+01
8.092466282460176075e+00
4.081736499284381203e+00
2.207620210829313123e+01
1.161929778487484555e+01
1.817462879812684307e+01
6.587053698400401558e+00
1.220111764274750854e+01
4.308200732422006851e+00
2.241866544858099175e+01
5.093346116616610075e+00
4.725925390611759092e+00
1.914473774637064096e+01
1.044520301084362401e+01
1.145846764914789695e+01
4.363999528286984564e+00
6.333223758534153092e+00
1.283432522687550303e+01
8.488077018639144100e+00
2.719717092449139173e+00
2.246853640461212009e+01
6.312140979302358623e+00
1.182522847893930518e+01
4.264899150678544082e+00
8.497927784144405194e+00
4.646950855541502001e+00
1.046130648877112179e+01
1.924783005541693726e+01
2.304967999750827090e+01
1.203837531376675152e+01
1.161767594435016271e+01
1.073489000606005916e+01
4.894276640910075749e+00
4.240438461156000649e+00
8.814801103493163481e+00
9.199269321833174473e+00
1.069328281994714480e+01
6.240241232090587786e+00
1.831385888956675956e+01
2.724605087405670201e+00
2.983208800271095917e+00
1.794703616190962236e+01
7.329675380327729250e+00
1.044520301084362401e+01
8.036190084119976262e+00
4.493097404377641269e+00
4.291311236687494812e+00
1.211179281778016303e+01
4.665937155533015357e+00
4.843459067752752922e+00
2.480744173103185446e+01
1.263283228761891941e+01
7.770921073553784808e+00
6.906477342486031290e+00
7.760787757918231833e+00
8.579392102435202005e+00
1.844892305073918237e+01
2.008857994049014550e+01
4.865948169866920026e+00
6.481926953366595079e+00
8.425443808645889376e+00
1.736251185931517682e+01
2.333706276929036960e+01
4.245064693837787395e+00
9.555835921096804242e+00
8.791755326420167549e+00
4.047418493890734936e+00
2.835654936812650462e+00
4.179239611875662064e+00
9.014057404993506495e+00
1.475404865629198170e+01
1.186447871888428374e+01
5.543275678707106913e+00
1.906372310727207164e+01
6.242265246559580483e+00
7.037679677988144533e+00
2.050346334169248053e+01
1.912987962797282648e+01
8.502286447606875797e+00
5.173702298244976738e+00
9.269024402099928395e+00
4.409630135234027470e+00
1.116309884500495464e+01
9.529000029010138206e+00
8.533286040207268996e+00
1.247724371374298613e+01
5.199198612346324744e+00
8.281032414103529860e+00
4.214340886385866902e+00
8.354775011189371270e+00
1.087282052705429436e+01
1.612979850350251709e+01
7.346563868441021050e+00
7.412460333739780971e+00
6.357724986535106204e+00
1.045289228154803141e+01
6.856707027008700273e+00
7.020791189874852734e+00
1.830461075776221946e+01
8.524983340008743582e+00
1.917829672359023618e+01
7.598606226278254994e+00
1.182872954387474529e+01
1.108313781279458077e+01
5.740790700390915546e+00
1.073489000606005916e+01
4.542675825395844136e+00
3.052985361844976264e+00
6.647068898911865809e+00
6.654413524079108022e+00
1.636894403086551009e+01
9.199269321833174473e+00
6.237376944096803655e+00
1.824342685608325709e+01
2.081798820148732787e+01
4.241073950167892903e+00
2.655423129030405782e+00
6.242265246559580483e+00
9.483520155511113714e+00
6.328598666887811142e+00
8.343665624096784583e+00
7.036145168562403462e+00
6.553185148634379509e+00
3.869916654693057012e+00
1.189516573870126237e+01
1.088647848252407968e+01
1.143350577236696175e+01
8.285694655478080151e+00
2.666930822012762992e+00
6.295628430629202299e+00
2.284697763561554495e+01
2.201301136825427918e+01
7.433786054802068222e+00
5.918393061295232904e+00
5.684106566254031101e+00
7.346563868441021050e+00
5.152386481547265085e+00
1.094076333848200733e+01
2.667239098295148825e+00
5.986291878462520977e+00
1.810243608082772582e+01
8.579392102435202005e+00
5.463634410136068986e+00
9.626236486146877880e+00
1.049918497510475390e+01
4.946778456156942561e+00
4.268226167816601802e+00
6.333223758534153092e+00
7.980269738492387077e+00
6.637900975405952586e+00
2.235997177964957316e+01
1.906158546785285424e+01
6.906477342486031290e+00
9.579096926823339686e+00
3.266729043797569343e+00
8.814801103493163481e+00
1.088647848252407968e+01
4.360930471522137530e+00
4.796046002965629995e+00
1.107080630683922706e+01
1.978894087354385789e+01
9.562702968724925867e+00
3.266729043797569343e+00
7.695950969414078635e+00
8.890413702822211661e+00
9.139423862180512614e+00
8.343665624096784583e+00
6.654413524079108022e+00
8.141107853153540574e+00
2.788899050824403592e+00
4.665937155533015357e+00
2.118689123477656366e+01
6.475489946360426963e+00
1.073489000606005916e+01
6.373427320600370649e+00
3.297931198884100912e+00
1.797049722910490743e+01
1.165700490574272230e+01
4.457445256568396630e+00
6.373427320600370649e+00
4.347101025925835138e+00
1.275800029742954678e+01
1.123300073285247969e+01
3.368917038077029247e+00
1.049918497510475390e+01
4.706903349228703348e+00
4.312853930961247251e+00
2.969710759134752465e+00
1.980439785188194080e+01
2.261844576058451395e+01
4.237550530278196170e+00
5.529948116160406713e+00
6.204564645412663282e+00
1.835637568034785261e+01
4.235883580659618453e+00
3.726124773818058955e+00
4.964188750697534402e+00
9.530005761081264737e+00
2.133711389962111582e+01
4.348782454220997629e+00
5.027374462683535938e+00
5.308490465564394967e+00
