1.042050662240870018e+01
1.244490671819119676e+01
3.042830782992490324e+00
1.056101204768290636e+01
5.970969603687891869e+00
1.095274183880210472e+01
5.888601916621062138e+00
3.096990713062881984e+00
1.184464693631053223e+01
8.202471721088867795e+00
3.694327247324479035e+00
2.084896370293072465e+01
1.855611914496803649e+01
6.721014906891424445e+00
1.272338001131189600e+01
3.884571174224048296e+00
2.142799456537729341e+01
5.478371517175461669e+00
5.060735278769991297e+00
1.915409635327892346e+01
1.038342621221266704e+01
1.142734862942798202e+01
6.444278489796769094e+00
1.231032448391546730e+01
8.550308592296707033e+00
2.993633139028136103e+00
2.280039374044439526e+01
6.419957772439286892e+00
1.253338382401519091e+01
3.786479441069809493e+00
8.778587208529792463e+00
4.776857766729087018e+00
1.043907670750974681e+01
1.958600755329026555e+01
2.132591363924034411e+01
1.233716607486421246e+01
1.195079375505665631e+01
1.079079361670095061e+01
5.255379846403518407e+00
4.010980879387861187e+00
9.061650424474770205e+00
1.030641014581025949e+01
6.243805670813283193e+00
6.351655119688163431e+00
1.878312792352889460e+01
2.930725065986249156e+00
6.402136400911256686e+00
3.080484200299816067e+00
1.761077751574018890e+01
7.299112537812395551e+00
1.038342621221266704e+01
8.074289744096542876e+00
7.300957429164783186e+00
7.288742157482733575e+00
4.344988756706196220e+00
4.203721080994143655e+00
1.263340293872262698e+01
4.956620198777610398e+00
1.231427588976393039e+01
2.421562016183257882e+01
1.308901431070635013e+01
7.406201107005736972e+00
7.033886329167891915e+00
5.263276508896740147e+00
7.735096963843060003e+00
9.128115999034099204e+00
1.922703409025605481e+01
2.007699602450852439e+01
5.063905572850704750e+00
6.420678454883728570e+00
1.750627617034837868e+01
2.203483965892780816e+01
3.979228402337947834e+00
9.419943978315105326e+00
9.382299578596889233e+00
3.619366309938408133e+00
2.972928385785630123e+00
3.934682626775033221e+00
9.813124530451881711e+00
1.240928246695801107e+01
5.816337857340866613e+00
1.930459406762175689e+01
6.208537381207524852e+00
2.035644729930188390e+01
1.920194466098066144e+01
8.550308592296707033e+00
5.557105670071674552e+00
8.439057691353545110e+00
1.150833621265777396e+01
8.982920490517644296e+00
8.550308592296707033e+00
1.311811471349363423e+01
5.554059683534351421e+00
8.239581759768942248e+00
3.900917712253969771e+00
8.530883247642353950e+00
1.082809391094498253e+01
1.242400924103685433e+01
3.000627463193109801e+00
1.697566536660192327e+01
7.280812535492440674e+00
7.288742157482733575e+00
6.476183181904579200e+00
6.635695887419847949e+00
7.181846149471209806e+00
1.858638921624510587e+01
8.816984197777053112e+00
1.949891424257391748e+01
7.288742157482733575e+00
2.923730741821275902e+00
1.231439975484223481e+01
3.955589353348401005e+00
1.084625972532253257e+01
6.039960514431003347e+00
1.079079361670095061e+01
3.143747232694385829e+00
4.026331466437575557e+00
1.253699012251572853e+01
6.595291945052589533e+00
6.667698298269447932e+00
9.976810128150725987e+00
6.476359133213919428e+00
1.878312792352889460e+01
2.032943008649110794e+01
6.196446023037976758e+00
8.341838102604727467e+00
6.524669170513524463e+00
8.221281757448986482e+00
6.699323142513475382e+00
6.810037744922430747e+00
6.816845225667332642e+00
1.248013491830895916e+01
1.081339308199117966e+01
1.117821515559885981e+01
8.223577482007510042e+00
2.959198546875514868e+00
6.347551419222428493e+00
2.115769712722671159e+01
2.143442634642419264e+01
7.926474851206943839e+00
7.288742157482733575e+00
6.027122183481018247e+00
5.888601916621062138e+00
7.280812535492440674e+00
5.522534177165877800e+00
1.043414574689787599e+01
2.959198546875514868e+00
6.023072825647952655e+00
1.848931941430464931e+01
5.378775105132487688e+00
1.067760339549349879e+01
9.065425743109532419e+00
5.623647071431613575e+00
9.633476915385445594e+00
1.920029896908004119e+01
5.318852476890554293e+00
4.022459286583577764e+00
8.074289744096542876e+00
1.894347576066047623e+01
2.211412751363090479e+01
1.915409635327892346e+01
7.045977687337440010e+00
3.031286556335461846e+00
7.002560258425989836e+00
8.960446627328353841e+00
1.081339308199117966e+01
4.387484779827146575e+00
4.933768880637297016e+00
1.938372267434363749e+01
5.137185178507945871e+00
7.360547486752730961e+00
3.871500538854288020e+00
7.288742157482733575e+00
9.506326996425555009e+00
9.446793553485953510e+00
8.221281757448986482e+00
6.667698298269447932e+00
8.261235526405160456e+00
2.983144953660267884e+00
4.553565501029157581e+00
2.137262434480189199e+01
6.480738192184235302e+00
1.079079361670095061e+01
6.262794395541463999e+00
3.841278281475672518e+00
1.645805331382089776e+01
8.623170194134573308e+00
1.102006249192234222e+01
4.056405189891581387e+00
6.240316366274485382e+00
4.416420756001369519e+00
1.313814085508593266e+01
4.142046394055953762e+00
1.094165299617711007e+01
3.305544813579112784e+00
1.049938628106614047e+01
4.239188886048383509e+00
3.168829118125589872e+00
2.211657837532220583e+01
3.981730746379647634e+00
5.873772189759253415e+00
6.340677106585937750e+00
1.858767247149874180e+01
3.955589353348401005e+00
4.403347879912933749e+00
5.215805481952635603e+00
1.011505211407792260e+01
2.173053155535446734e+01
4.088118373064816957e+00
5.089302927457294068e+00
5.776729595460019517e+00
