1.038893374126768343e+01
2.793707224581267301e+00
1.064546092265894828e+01
5.715612819650748300e+00
1.069166441367799969e+01
5.718150706856619969e+00
2.882205048601703012e+00
5.391484473380521614e+00
1.164044432794094242e+01
7.805590422314216958e+00
4.208560814979273701e+00
2.130820338645618861e+01
1.195466785030954959e+01
1.801851646794132478e+01
6.468028957242663246e+00
1.263720969258368854e+01
4.306098363321980926e+00
2.210240207342328489e+01
5.303014493388908512e+00
5.033905599154032906e+00
1.877672134377397839e+01
1.033675867357078637e+01
1.133848523983521517e+01
4.530164220212352433e+00
1.237632238027872944e+01
8.726584914086618738e+00
2.740153826884064170e+00
2.312137688172705197e+01
6.197223090861342598e+00
1.242437301429532859e+01
4.342674584345410871e+00
4.563772871687079125e+00
1.050602477459158735e+01
1.889555324154736127e+01
2.259040708763415850e+01
1.232612051816656340e+01
1.181800591278247126e+01
1.075617950258925859e+01
4.816693752958999042e+00
4.306286319959480302e+00
8.994387818437797222e+00
9.498138385065550082e+00
1.071806756027837260e+01
6.087387868259189538e+00
6.180921258984866107e+00
1.795473334634975870e+01
2.712629212808864931e+00
6.220231118731347486e+00
7.488698074895471457e+00
1.032335715051472746e+01
7.883928633035677258e+00
7.604094896839241002e+00
6.879078027527017802e+00
4.430031853883841464e+00
4.481467239336472730e+00
1.265308988242510857e+01
4.911557717314040339e+00
4.672971401713116535e+00
1.215907167134059819e+01
2.450475374805658646e+01
1.326669425066447872e+01
7.160757810100978560e+00
6.695164292813691631e+00
4.760134802761528228e+00
7.835920120217591212e+00
8.706526530753079030e+00
1.871806477610136099e+01
2.102395703363809076e+01
4.696109067668653658e+00
6.305257792600899691e+00
8.602793104412016945e+00
1.703865942897913044e+01
2.295973120035055715e+01
4.297419253613777634e+00
8.881860105996645771e+00
4.208560814979273701e+00
2.712629212808864931e+00
4.280056693868018236e+00
9.214355651662494040e+00
1.424007953444777286e+01
5.629351302967628534e+00
1.856308791684564241e+01
6.086974441287339666e+00
7.376930581429790301e+00
2.121251394266111134e+01
1.882257748683800713e+01
8.665183933423099560e+00
8.280748545339916333e+00
4.512540879502823898e+00
1.093852668100156222e+01
8.744884243868161988e+00
1.269092259281651636e+01
8.296274024077558096e+00
4.287922239429247995e+00
8.515981036851231423e+00
1.071563296958635902e+01
1.508618689405583346e+01
2.781906285958535285e+00
1.714203465478217581e+01
6.912040516763783060e+00
9.683783847015526192e+00
6.461967101235440047e+00
7.399329830373354788e+00
1.824180213655523630e+01
8.693851197973422984e+00
1.932210403655635744e+01
7.196453129597572662e+00
2.712629212808864931e+00
1.201786541663720520e+01
4.287922239429247995e+00
6.781504432093588441e+00
1.083438567774389405e+01
4.549016874961617773e+00
2.935704738955738691e+00
4.297419253613777634e+00
1.212713528785993589e+01
6.508643474761385050e+00
6.513444892535900088e+00
1.604281869013209771e+01
6.186095701639653832e+00
1.785122714220613815e+01
2.015610107783080096e+01
4.308872938930782048e+00
2.662336972013825243e+00
6.063634129966138708e+00
9.217850376011734070e+00
6.228572997288352120e+00
8.364605760431803816e+00
6.589818771169555056e+00
7.403459582310362386e+00
6.490394258793863891e+00
4.193527283904462166e+00
1.230130758129867452e+01
1.068257039160453559e+01
1.153004548442472554e+01
8.004588604708565924e+00
2.714104637424778588e+00
2.249360779097610319e+01
2.227691426318114765e+01
8.024403768653211699e+00
6.945663945222958269e+00
6.358829971692378180e+00
5.715323374010733204e+00
7.484990590778116015e+00
5.002425221063157679e+00
1.076766278496874740e+01
5.907592051628442142e+00
5.263834924706850771e+00
1.054997522215706951e+01
8.984959911905708196e+00
1.053662308765425060e+01
1.897581247660673398e+01
5.108070127002091176e+00
4.318549244820226285e+00
6.196890807410146529e+00
7.883928633035677258e+00
1.904079365384485456e+01
6.497662577876090140e+00
2.301243890195949504e+01
1.871845309364745091e+01
6.695729447384318078e+00
2.822292325201073204e+00
7.307979888620976361e+00
3.099876522168822923e+00
8.955851301243376028e+00
1.068257039160453559e+01
4.515927888435836479e+00
4.651841410506666996e+00
1.115736895497781944e+01
2.107898339080436401e+01
4.700964069846612858e+00
7.996837275475200180e+00
9.538264052221309797e+00
3.068886024141113111e+00
7.369200396170380252e+00
8.933309042465868544e+00
9.157877999055383356e+00
8.364605760431803816e+00
6.513444892535900088e+00
8.281907621511789941e+00
2.721925338975038855e+00
4.911557717314040339e+00
2.216152065729172449e+01
6.353884227365830029e+00
1.079333892770333492e+01
6.161672020257846327e+00
3.099876522168822923e+00
1.900910182211766752e+01
8.413581293954038642e+00
1.134820597076074122e+01
4.361888708863889796e+00
6.161672020257846327e+00
4.523718783708540414e+00
1.255126470094060842e+01
4.422667803520321073e+00
1.089292338699906004e+01
1.053662308765425060e+01
4.529447202176027254e+00
2.911531070928771836e+00
1.712176517641600881e+01
2.298452475127984940e+01
6.018118035603283289e+00
1.848103964491474827e+01
4.287922239429247995e+00
3.837248185388604682e+00
4.811089247025215343e+00
9.800950426645227864e+00
2.194869034291943422e+01
4.362492659744690471e+00
5.230910688050762758e+00
5.036643860525192196e+00
