1.013680877338464192e+01
1.276204112542732005e+01
2.967940425718312625e+00
1.001906004022981556e+01
5.947460475992917495e+00
5.570749450151509130e+00
3.121035692160293085e+00
5.444371559613575329e+00
7.357658385314119975e+00
4.119623378896037913e+00
2.103315082219565824e+01
1.182447370342356585e+01
1.807779797681266132e+01
6.127852843971282937e+00
4.200690842321542995e+00
2.150994154004859737e+01
5.415110251098067984e+00
4.704067261995563243e+00
1.865973324637611697e+01
1.010063623369833152e+01
1.142215878214017266e+01
4.663849239428427218e+00
6.206854066576402928e+00
1.238846905172516877e+01
8.285117228298901182e+00
2.745916901486738393e+00
2.298153454205260005e+01
6.160819671090036920e+00
1.257926957096284326e+01
4.182696814278812347e+00
8.466310614051364425e+00
4.620528736103666212e+00
1.006442746029485846e+01
2.219310278557004423e+01
1.216955540544976166e+01
1.197030508354949774e+01
1.033048078927268598e+01
8.719218323868684450e+00
9.966673159080501776e+00
1.105524401506039744e+01
6.099779430236723421e+00
6.076226837692704663e+00
1.826312567850172996e+01
2.697169183445909724e+00
6.134842568586584832e+00
3.062000829307905736e+00
1.795816056458311394e+01
7.533481741137991072e+00
1.008254068911485390e+01
7.342578772154086941e+00
7.176108884918677155e+00
4.385577223238297684e+00
4.445223851248321090e+00
1.254583039834299107e+01
5.013381342335266666e+00
4.939327757167968791e+00
1.246513451460584321e+01
2.471516619931071901e+01
1.331285695701016536e+01
7.375864566596924021e+00
5.064262496655360657e+00
7.729074014300925555e+00
9.108915715928139534e+00
1.775545317269310885e+01
4.939327757167968791e+00
6.073296751319713138e+00
8.262175427508125836e+00
1.756916588213468700e+01
2.290848263810461205e+01
4.306644470783052903e+00
9.883659708019395751e+00
9.108915715928139534e+00
4.027916004193208721e+00
2.750854298779452201e+00
4.180931698453046685e+00
9.791369172829877954e+00
1.406917248147110300e+01
1.264377784611623667e+01
5.792321493160654811e+00
1.832988892587131247e+01
5.919435362745226747e+00
7.048971167766888257e+00
2.042784463837058695e+01
8.416694324571579955e+00
5.266251348090564832e+00
8.526064580301749629e+00
4.485122580148591886e+00
1.015705298500603071e+01
9.043998926013982143e+00
8.416694324571579955e+00
1.304539889659636032e+01
5.473783704797539507e+00
4.234210053221695524e+00
8.234828956630947161e+00
1.014353609351094221e+01
1.563285503367849572e+01
2.914255310384770148e+00
1.637056763213373500e+01
7.511642522326551052e+00
7.176108884918677155e+00
6.488687089917775985e+00
9.364485678402305169e+00
6.791596154485000980e+00
7.000776771998534542e+00
1.820314219675298162e+01
8.573949177851424963e+00
1.927047801085871370e+01
7.272055475923528078e+00
2.600058972939789381e+00
1.169434925994775121e+01
4.247525069353613070e+00
1.072905311003418838e+01
4.614408427169633065e+00
3.083812503254267146e+00
4.306644470783052903e+00
1.258038592416088264e+01
6.229189557010304412e+00
1.546479047164519471e+01
9.966673159080501776e+00
5.833575717630853141e+00
1.814701512662894345e+01
1.993215298928016921e+01
4.396234858839521920e+00
2.522072396526908289e+00
9.223967462204564427e+00
5.866067369718151348e+00
8.008282834355087587e+00
6.846252253832923351e+00
6.763685608313648956e+00
6.109174985152682424e+00
3.913968372944168550e+00
1.247098693826290017e+01
1.070627049048166590e+01
8.257896235537002028e+00
2.582280370497644917e+00
6.088808173100217935e+00
2.210103864827346598e+01
7.668469408336616056e+00
7.163702745996116228e+00
5.901465392244827690e+00
5.516693954739350758e+00
7.564761233300532517e+00
5.006558570489406890e+00
1.015101126669685705e+01
2.574778797959713650e+00
5.797697483797884743e+00
1.775944551192725029e+01
5.420369885650677233e+00
1.028343430946164005e+01
9.254678943581547301e+00
5.423096660832262828e+00
9.896807563315379141e+00
1.010063623369833152e+01
1.830461497107536317e+01
5.363477155438281407e+00
4.329764459159956225e+00
6.187893171477461429e+00
7.281199368555832052e+00
1.857055203212913597e+01
6.143364265751788622e+00
2.221683317495790888e+01
1.865973324637611697e+01
6.746709410349421177e+00
2.864598571886286749e+00
8.234712634273138931e+00
3.263215391462096715e+00
8.715583118074365032e+00
1.070627049048166590e+01
4.505084785468120856e+00
4.900813344595415622e+00
1.038821233018423840e+01
1.900801276416921581e+01
4.983978128462962509e+00
8.272320035148815975e+00
9.232885495546319987e+00
3.289435908770842687e+00
7.430166784237590250e+00
9.188047359968940953e+00
9.515527577517577384e+00
6.229189557010304412e+00
8.159048069192140318e+00
5.013381342335266666e+00
2.069126195888306086e+01
5.927358575248721451e+00
1.031238524468920836e+01
3.253194736205390569e+00
1.799101697998109017e+01
8.904149272499953582e+00
4.468389247839380296e+00
5.889860153858830216e+00
4.577788719924731353e+00
1.272274205989594265e+01
4.499597134792483466e+00
9.997128230017368722e+00
3.454933418304861004e+00
1.008254068911485390e+01
4.692870531121107192e+00
4.491508316425403713e+00
2.939292360429135886e+00
1.799210175568804004e+01
4.306644470783052903e+00
5.606528186399067692e+00
6.580983118405981713e+00
1.833721533749027799e+01
4.264093317431116859e+00
3.638205527682393470e+00
5.071509594311740976e+00
2.115911561716863076e+01
4.443964403063023205e+00
5.225678413639087694e+00
5.228949299040709597e+00
