1.075405063413626294e+01
1.227685424408245751e+01
1.062324388861320834e+01
1.083650304609066239e+01
5.909830983920903336e+00
4.831727868861954711e+00
1.189810147363437487e+01
4.149438371314013274e+00
2.119262941085233365e+01
1.182577989577498734e+01
1.849951806293874768e+01
6.381402830514727675e+00
1.240909662375364242e+01
4.225751966295668183e+00
2.200155640282052971e+01
5.533245133909896474e+00
5.147550450450263604e+00
1.888417604008897399e+01
1.036853108148592639e+01
1.154066909675777808e+01
4.775764453906715445e+00
6.263323041168676220e+00
1.216890468758181854e+01
8.640156135041010543e+00
2.908868663127767817e+00
6.292676514657747688e+00
1.247103267063752874e+01
4.258359222947738942e+00
8.680072150491003669e+00
4.660430332459456260e+00
1.031423617796820480e+01
1.892008808301376632e+01
2.272429187484727819e+01
1.226939747159172178e+01
1.191635182531251758e+01
1.103834232793708914e+01
5.134383257226561525e+00
4.188208549055686625e+00
9.195460523789025231e+00
9.823869426863353738e+00
1.104273018084784397e+01
6.221111318188202510e+00
6.256751317821867886e+00
1.835922623351159544e+01
2.706726741320405694e+00
6.256168038082692284e+00
3.204087813512421778e+00
1.958342586841381916e+01
7.434095387190847504e+00
1.036027014329814477e+01
8.433238242188949130e+00
7.100392148441402540e+00
7.212633947028264103e+00
1.261716984358291427e+01
5.121118855935955949e+00
4.846940542140860231e+00
1.221818648726739909e+01
2.330504605485338132e+01
1.298371790656880442e+01
7.134672917373297452e+00
4.829849349786172752e+00
7.799585735729237967e+00
9.148086562186101389e+00
2.068959471629849389e+01
4.846940542140860231e+00
8.606085135159041499e+00
1.787441260309573110e+01
4.191277984052748096e+00
1.000910551359172551e+01
9.204062024558004040e+00
4.104973765694726495e+00
2.844944708834928004e+00
4.144595017031965867e+00
9.737596422876608315e+00
1.428108254679249711e+01
1.227685424408245751e+01
1.896493190388063965e+01
6.139703773758308003e+00
6.833408567864556638e+00
2.081902261512728813e+01
1.904774100434250528e+01
8.731320766907929354e+00
5.173886905924271140e+00
8.463696656584238198e+00
4.486584210868785227e+00
8.841449473571568518e+00
1.293636393903730841e+01
5.603636413853476661e+00
8.233095221356581561e+00
4.153026041456123529e+00
8.508090430434570806e+00
1.074923891175205704e+01
1.510893452315662167e+01
2.982823949394932672e+00
1.694620713672345502e+01
7.421461255071242213e+00
6.505456314295676279e+00
9.470710287060912336e+00
6.922133548659319402e+00
1.866014835060949295e+01
8.779869203485940687e+00
1.937055676678802385e+01
7.513896528037419920e+00
2.651549867829531504e+00
1.183815050073759068e+01
4.220035616626610420e+00
1.123316476053160784e+01
5.824135712109150376e+00
1.103834232793708914e+01
4.485339305506204965e+00
3.215029983692188065e+00
4.244615783447996726e+00
1.241769896665293516e+01
6.488735693841116259e+00
1.591204366369129453e+01
9.823869426863353738e+00
6.080201616979350909e+00
1.816114865585895899e+01
2.059930607243514089e+01
4.260265343316688380e+00
2.632771455053240839e+00
6.126396502094974217e+00
9.480509357005272975e+00
6.219696510264062894e+00
8.327592472724621331e+00
6.900557342486646206e+00
6.753762165647879456e+00
6.362027395464897594e+00
3.899413816335202121e+00
1.235355061001182975e+01
1.119814427841973092e+01
1.159689675476573889e+01
7.924530445377950372e+00
2.701415045797523007e+00
6.240941717329060445e+00
2.162830217017141976e+01
7.607802034124817148e+00
5.814385634438334449e+00
7.438339885494795745e+00
5.070904539072729200e+00
1.076325070257962757e+01
2.665092042576526321e+00
5.976335900164015946e+00
1.864526771730409038e+01
5.452166192446212811e+00
1.092709782796277729e+01
9.196885934417872832e+00
5.092909967806630966e+00
1.041603617654703307e+01
1.958580801093822288e+01
5.394568521523683380e+00
4.218136811589887181e+00
6.249038231514123964e+00
8.433238242188949130e+00
1.939946552757006515e+01
6.421677633954747222e+00
2.202419097098904288e+01
1.873965984935844631e+01
7.134672917373297452e+00
3.037190890911327212e+00
5.007043879091293448e+00
3.295664437352637144e+00
9.065177477641517712e+00
1.119814427841973092e+01
4.825463956767482188e+00
1.081201259250041602e+01
2.064897584873186176e+01
4.597145354365182790e+00
8.186039453321349413e+00
9.584415838538260957e+00
3.314130652507266905e+00
7.617710115969246409e+00
9.317503305974970118e+00
9.577864998529596718e+00
8.327592472724621331e+00
6.524586403809430557e+00
8.380347202943456253e+00
2.840933181471726687e+00
5.092448173667091460e+00
2.133241859247289440e+01
6.340743547207555508e+00
1.103834232793708914e+01
6.203894498837078331e+00
3.268757622081066572e+00
8.946856175727548433e+00
1.094793941194153319e+01
4.335268465694390727e+00
6.190587227173743656e+00
4.726209187900731301e+00
1.288677608306666755e+01
4.356260418080651675e+00
1.065216607470518895e+01
3.351500806391836562e+00
1.040777523835925145e+01
4.427523703429320001e+00
4.560962262931860245e+00
1.812297114365382811e+01
2.205747524254005043e+01
4.177606208277508948e+00
5.713208730514065081e+00
6.614807718010653481e+00
1.883556335275093829e+01
4.220035616626610420e+00
4.035570007966974515e+00
4.896413465760944383e+00
1.005246444097194036e+01
2.110564885930593348e+01
4.371206727068638109e+00
5.372796351132032022e+00
5.222637024151064011e+00
