1.042987300951943119e+01
1.214955026162619589e+01
3.056235211045689848e+00
6.017580804836885733e+00
1.070550219911156731e+01
3.099026315594597847e+00
5.665273351604949603e+00
1.187128320049188268e+01
7.965840335599406075e+00
4.180137848432838865e+00
1.186389692849179234e+01
1.794333046276748433e+01
1.236112705675685497e+01
5.226713015264750517e+00
5.005615916233737472e+00
1.013636220905576835e+01
1.151179598254291747e+01
4.548816290180579536e+00
6.292497810463521191e+00
1.230231113147388200e+01
8.872539782805684894e+00
2.314879836927735113e+01
6.289540625318757350e+00
1.196607075502334894e+01
4.274532784764761395e+00
8.840310818400942239e+00
4.751020741364603062e+00
2.039877541337476430e+01
2.199677620891558405e+01
1.206824699263669487e+01
1.174102715767008753e+01
1.060386051200584667e+01
4.861812357875014534e+00
4.236409803558648157e+00
1.003609121022553552e+01
1.096928147104306106e+01
6.184834270573340120e+00
6.264855370695426195e+00
1.896011142520080384e+01
2.711398596639365888e+00
6.278624481301847027e+00
3.086640698372260072e+00
1.793592892532827676e+01
7.440871548357283594e+00
8.006373624619135043e+00
7.842776887549043785e+00
7.405918261403723335e+00
4.457468515608764115e+00
4.328072788672328919e+00
4.926199216458232222e+00
1.215329987671296585e+01
2.459791661880769809e+01
7.689552974361272497e+00
7.102707919493022715e+00
4.844644262832924042e+00
7.761198285034729416e+00
9.257346637737844830e+00
1.975079500734407034e+01
2.011905567596197741e+01
4.793581563478826801e+00
6.370934198878433818e+00
8.689588748263453510e+00
1.704317510403190994e+01
2.390672643182148605e+01
4.222286116915142884e+00
9.901643782255161952e+00
9.413322072452988465e+00
4.134470984860120879e+00
2.799960174097863685e+00
4.255657401196130785e+00
9.898833813791885206e+00
1.413954254096250729e+01
1.211530491631673634e+01
5.824403740467606561e+00
6.947948425556668361e+00
2.082821753072001769e+01
1.971253159922716236e+01
8.784984187197876437e+00
5.305759788597949722e+00
8.632475074106867652e+00
4.536716584692598531e+00
1.118673244390824273e+01
9.091456534162224656e+00
8.920437333604198216e+00
1.282836699866547647e+01
5.334172885790490426e+00
8.300649734290386661e+00
4.194317569998098350e+00
8.653521401957204873e+00
1.075145617413917165e+01
1.571710454995809592e+01
2.967673633587192050e+00
1.748438324493981000e+01
7.409921134839906109e+00
7.405918261403723335e+00
6.932258672459578719e+00
9.487339477382342068e+00
6.777802585690383630e+00
6.985193421691755944e+00
1.794333046276748433e+01
8.921382153281966154e+00
1.976138722005304871e+01
7.657918855480469134e+00
2.711398596639365888e+00
1.189504328807094424e+01
4.255657401196130785e+00
1.083195757584754837e+01
5.976141749825965022e+00
1.065162391645143991e+01
4.620795796868454985e+00
3.166994569275364046e+00
4.255657401196130785e+00
1.219948935435767012e+01
6.539505090398136211e+00
6.591828903245642302e+00
1.648746610730428941e+01
1.003609121022553552e+01
6.250937193950781179e+00
1.889342785070202169e+01
2.110034828498340786e+01
4.260508638325657849e+00
2.695193148143033124e+00
6.060549568775942753e+00
9.178720935602038722e+00
6.292234918967753110e+00
6.865053587660634449e+00
6.546002468849045464e+00
3.811396324844428030e+00
1.211644994767494588e+01
1.114279969049623276e+01
8.117526931314595018e+00
2.806359848928237977e+00
6.237216812471250371e+00
2.170636084605756722e+01
2.119703305162459372e+01
8.131649887643108698e+00
7.426692625039794216e+00
6.255337337202202974e+00
5.903486664364500314e+00
5.106034049068947311e+00
1.080425833366166266e+01
2.737890279069721267e+00
5.990458608279479513e+00
1.785298973227220998e+01
5.104355336235464335e+00
1.049261439262778417e+01
9.304481584485197132e+00
5.361042837418698248e+00
9.844147624393176699e+00
1.013572445053682891e+01
1.824876632672241783e+01
4.990606992047989188e+00
4.279160972687730435e+00
6.292497810463521191e+00
8.006373624619135043e+00
1.803303026562252853e+01
6.605106442328507299e+00
2.196090260648560033e+01
1.982219423419845583e+01
7.102707919493022715e+00
2.998079120913761830e+00
7.469582477515915642e+00
3.263956668685699114e+00
9.476207468192157535e+00
1.072284230202817135e+01
4.420032961185457410e+00
1.106188554345669850e+01
1.962950848336283372e+01
4.702144005368654511e+00
8.260762928846189013e+00
9.543979345161336170e+00
3.291613032336721645e+00
7.682797192310697909e+00
9.435695371309087420e+00
9.487351276037218284e+00
8.431884040473615727e+00
6.591828903245642302e+00
8.364804070798358637e+00
2.884360852398146324e+00
2.220246657374080002e+01
6.277851835266225144e+00
1.061318341476288118e+01
6.147562812990702952e+00
3.257589995963866780e+00
1.793074236394676291e+01
8.977632515758179110e+00
1.130282110362338521e+01
4.358611996940618738e+00
6.147562812990702952e+00
4.444205984178361213e+00
1.288848950483889588e+01
4.358611996940618738e+00
1.047057614854271890e+01
3.388609829168497622e+00
1.017058830332615216e+01
4.492246978745262354e+00
4.322004175687491845e+00
3.066047374594528918e+00
1.837194840309609489e+01
2.253534444642175316e+01
4.194317569998098350e+00
5.912938112056485451e+00
1.790187968117852435e+01
4.255657401196130785e+00
3.836571031738250870e+00
4.878433406283687823e+00
1.025970628115136840e+01
2.187897135653178182e+01
4.330186657494036417e+00
5.089316967929691238e+00
5.394675761729204488e+00
