1.234029929402815284e+01
3.136098778443740631e+00
1.095920656460455866e+01
5.730134891220273197e+00
1.114657748952751426e+01
6.014315090368270056e+00
3.259609699080849410e+00
6.040142756888332798e+00
1.201082940279522582e+01
8.271554482999574631e+00
2.088302403470826007e+01
1.174384188774704008e+01
1.760712872928271366e+01
6.554893041257696673e+00
1.302423134124603443e+01
4.120216171963247298e+00
2.203393423415957386e+01
4.931844291551103154e+00
1.838543373154672267e+01
1.028275355113795264e+01
1.143898605027870907e+01
4.435907545366556626e+00
6.416254909050073785e+00
1.234830715614264385e+01
8.688352149819147385e+00
2.770198626371653372e+00
2.337329625774147601e+01
6.409142409101689530e+00
1.225877278411891247e+01
8.766163749165810870e+00
4.540277901751895051e+00
1.030186490285354495e+01
1.933179353361343900e+01
2.118752951501991078e+01
1.264568221001191262e+01
1.163857315991311303e+01
1.119842069057672518e+01
4.888278985440183355e+00
4.171967297140689368e+00
9.079488918850934454e+00
1.020466707579548427e+01
1.112042662739756516e+01
6.361469051177185641e+00
6.362811171976471059e+00
1.814872581236235050e+01
2.728183068885472462e+00
6.390707731810416625e+00
3.227765354738998393e+00
1.703963058135125763e+01
7.118317644678986866e+00
1.024134381361112922e+01
8.001247133257749056e+00
7.233457583046672745e+00
7.371114389992024840e+00
4.403790680632980958e+00
4.174553542579289456e+00
1.275548205432183124e+01
4.636267205353546750e+00
4.723881609520891089e+00
1.219173719134703937e+01
2.444008316511397538e+01
1.401559129242176738e+01
7.797413107684029399e+00
7.114075912076923913e+00
4.826233770218417263e+00
7.485612962395160608e+00
9.310594583479689490e+00
1.888215862159863434e+01
1.990384304333570142e+01
4.786612148234042685e+00
6.359752594942064796e+00
8.615961686941245645e+00
1.645915543940793313e+01
2.330858830089925959e+01
1.037308057495325109e+01
9.467217858128893937e+00
4.038275199130888282e+00
4.048212576637839177e+00
9.980339852847414761e+00
1.435842824435876963e+01
1.231776344827798120e+01
5.588399388542858226e+00
1.853805600687173794e+01
6.313697900315957234e+00
6.824762292595943691e+00
2.138256347999164575e+01
1.866517439794698774e+01
8.734892087482560186e+00
5.406471900356073057e+00
8.149883201315947900e+00
4.520564549744364058e+00
1.193068674077225921e+01
9.352722599522500957e+00
8.799831132408373335e+00
1.392455090310656551e+01
5.371812482200206240e+00
8.205336189512854261e+00
4.059217402802850039e+00
8.578558211495948882e+00
1.115097462995487909e+01
1.680143012319084761e+01
2.821647652520058003e+00
1.690568325482728440e+01
7.091775693913905165e+00
7.379868623536605554e+00
6.628279142912686162e+00
1.059352513427485754e+01
6.630268939132703210e+00
6.847676520591255311e+00
1.747575938510654225e+01
8.871377473513943457e+00
1.868719775120022319e+01
7.566485497859813059e+00
2.679334180651936848e+00
1.246868205931639295e+01
4.071831689219382433e+00
1.169089393827224121e+01
5.793578827996430647e+00
1.116101083984842468e+01
4.520780199504335073e+00
4.071831689219382433e+00
1.222751943098654515e+01
6.551485317751329696e+00
6.570502118011591897e+00
1.607622909022942181e+01
1.020466707579548427e+01
6.305697634853206779e+00
1.814872581236235050e+01
4.163128629822427484e+00
2.666730068639013407e+00
6.304905784452026651e+00
6.329250715036810249e+00
8.269541254683707265e+00
6.758235308210060133e+00
6.531339961074093203e+00
3.787207987793652197e+00
1.230130256271046996e+01
1.138357053048690126e+01
1.346850738595461650e+01
2.696076493196363444e+00
6.383595231862030595e+00
2.092863091167670220e+01
2.011929297568366337e+01
7.721077660305220469e+00
7.403698185066847515e+00
5.922710226290410773e+00
5.978851479703584992e+00
7.095403416683674358e+00
1.108840503160641511e+01
2.666730068639013407e+00
1.743108571907508519e+01
5.053402456267902743e+00
1.115826341765617968e+01
9.407561851062506975e+00
5.101752726645957914e+00
1.017885897173818677e+01
1.030186490285354495e+01
1.787776996554102027e+01
4.910191909381361519e+00
6.404600537061257981e+00
8.001247133257749056e+00
1.808586084102757141e+01
6.557382500503028844e+00
1.838543373154672267e+01
2.892518101065927105e+00
3.229696894701232779e+00
9.055776202633568417e+00
4.412598951088131827e+00
4.619161635819282630e+00
1.111327652733797500e+01
1.917264460086982680e+01
4.767158143639900203e+00
8.572589574151354697e+00
9.805070100797459887e+00
3.322934221896722828e+00
7.890574704345052481e+00
9.514055616329587295e+00
1.002202966057397404e+01
8.269541254683707265e+00
6.570502118011591897e+00
8.316897608988266910e+00
2.793021666231835454e+00
4.646900386350664824e+00
6.394758248379016408e+00
1.135307324812928798e+01
6.315410740130072753e+00
3.225288826213143167e+00
1.725630127347217169e+01
8.619689150451216975e+00
1.121113053592660869e+01
4.156123809624971521e+00
6.306618624266142170e+00
4.271296769699651108e+00
1.284850597389755400e+01
4.281338061917398186e+00
3.313452240098776702e+00
1.029218128918434161e+01
4.677226045329682336e+00
4.202889336987297497e+00
2.968928327473428386e+00
1.887000063176930453e+01
2.253403039743622216e+01
4.106041831348758997e+00
5.560060111824644657e+00
6.126398768507934633e+00
1.745667354917735281e+01
3.735133500959756159e+00
4.818238276343876691e+00
1.037051743775931278e+01
5.410284889818639087e+00
