1.015746783760463323e+01
1.255289165829048947e+01
2.889599546229293381e+00
1.067541579825393683e+01
6.187449542409154013e+00
1.076408766535974060e+01
5.457945407675817151e+00
3.086062154376017830e+00
5.134681896721730254e+00
1.203158206777920469e+01
8.287259359731615760e+00
3.952026743637938377e+00
2.132127060046343558e+01
1.107162288654054905e+01
1.753270641658589568e+01
6.380893546765832980e+00
1.345424633670221581e+01
4.051927088956429834e+00
2.201871035230543328e+01
5.424675387437398300e+00
5.234088823138463020e+00
1.919871749799008143e+01
1.156323710505253288e+01
4.476631295621706030e+00
6.422966895540021426e+00
8.750982879592861252e+00
2.773552864413511454e+00
2.220981349352439338e+01
6.437775074691295174e+00
1.254759098384622185e+01
4.137450640393676160e+00
8.637090122434168293e+00
4.821380473281522860e+00
9.765331176365226185e+00
1.967771983806049008e+01
1.177960195749787076e+01
5.123642024111545901e+00
4.087621007927396910e+00
9.405079322939336350e+00
1.011842854192840768e+01
1.132607305656391183e+01
6.182856290188722070e+00
6.302000111129941295e+00
1.840436300168781614e+01
2.641780822426264219e+00
6.338146484078979626e+00
2.998943188518040870e+00
1.715774315179966081e+01
7.037713938742188091e+00
9.740589649400487104e+00
8.365831049158737542e+00
7.270767403734051726e+00
7.414972081779271029e+00
4.451155286128816613e+00
4.222921552620235275e+00
1.315401874349933742e+01
4.557623819356805051e+00
4.991285398670719964e+00
1.246921314832385264e+01
2.500833584920552610e+01
1.392075656568947828e+01
7.582483602567175573e+00
7.285220005011359135e+00
4.970948668979890073e+00
7.227184531824177860e+00
9.175919704662137022e+00
1.906919480323161764e+01
1.902012033804120961e+01
6.306720921809027658e+00
8.480260963737997315e+00
1.726222301543042903e+01
2.449523632527792927e+01
4.152153571532106291e+00
9.728970466886012858e+00
3.930042290627406398e+00
2.701536577032591868e+00
1.400891530604378410e+01
1.255289165829048947e+01
5.838255064654650717e+00
1.909498357592229922e+01
6.052386193453718199e+00
6.473546759261022743e+00
1.918402441613072895e+01
8.721694446561308212e+00
5.152101314340419513e+00
8.535510639954710044e+00
4.726667759379936662e+00
9.773146824877567695e+00
9.303582688921924415e+00
8.815826682698569172e+00
5.456808866732217211e+00
8.009372219324093933e+00
4.053537429308974538e+00
8.454558965502350532e+00
1.519428998705584988e+01
2.821237116423254587e+00
1.641439017631651609e+01
7.010734962438846196e+00
7.414972081779271029e+00
6.568894862391926992e+00
9.613884846408867091e+00
6.674260180108710472e+00
1.750898056136564307e+01
8.604952329810577893e+00
1.952458551420596322e+01
2.632618617174376840e+00
1.182018829592018783e+01
4.097063904060658679e+00
1.088406844944401008e+01
5.802225083618245627e+00
1.069763717194787134e+01
4.798532037423341556e+00
3.082249546349160152e+00
4.152153571532106291e+00
1.250285844041379768e+01
6.403294596790669146e+00
6.495434067177102477e+00
1.612478052968145548e+01
1.011842854192840768e+01
5.548770233272793284e+00
2.108344508894754554e+01
4.100155082133327689e+00
2.594096570416521086e+00
6.033456376471122873e+00
9.131672530972920754e+00
8.307394538648544824e+00
6.696302297689149086e+00
6.881706769180265582e+00
6.380893546765832980e+00
3.723395130578440515e+00
1.078118679270917468e+01
1.113554502301694882e+01
8.220631911849544338e+00
6.323234554280024788e+00
1.919843830185990896e+01
2.016557568502265241e+01
7.657519848037953381e+00
7.414972081779271029e+00
5.883113292248818738e+00
5.460364202045215443e+00
7.037713938742188091e+00
4.995470548850808434e+00
1.068331268556297431e+01
2.666895036484798531e+00
5.491111240786986869e+00
1.735217283031563440e+01
5.355566241194764210e+00
1.063783602055854693e+01
9.226382983499261670e+00
5.280771519405881520e+00
9.888582851438776800e+00
9.765331176365226185e+00
1.802592450772027277e+01
5.253996218029949539e+00
4.152153571532106291e+00
6.410939645028736145e+00
8.365831049158737542e+00
1.782531083679464956e+01
6.380893546765832980e+00
2.043143880054823924e+01
1.925040374080684913e+01
7.285220005011359135e+00
2.902168845982730172e+00
8.221440562418088405e+00
3.519337123013215773e+00
1.080234877144643235e+01
4.332315775289882431e+00
4.956335220792536411e+00
1.078034699013915976e+01
1.882273274411480557e+01
4.854451807217690984e+00
8.525101794052948989e+00
9.580986066943431467e+00
3.482813263342193988e+00
8.049793286850267293e+00
9.285140853069162148e+00
8.307394538648544824e+00
6.495434067177102477e+00
8.130790444609258927e+00
2.799703457536411477e+00
4.557623819356805051e+00
2.082132965349701337e+01
5.965791310940682379e+00
6.058556011483734238e+00
1.645692740857465708e+01
8.940721766618182187e+00
1.085458116078612001e+01
4.208350785441519193e+00
6.058556011483734238e+00
4.351562079403299421e+00
4.281617260321882945e+00
9.878899298735440482e+00
3.316039782286793969e+00
9.765331176365226185e+00
4.547032250773488826e+00
4.303378696129780856e+00
3.069263202302525251e+00
1.689964426558226052e+01
2.243104389228347273e+01
4.087621007927396910e+00
5.713041079870317951e+00
6.558797451684651669e+00
1.762217169620880597e+01
4.097063904060658679e+00
4.261557016687707033e+00
5.024479896751636865e+00
1.044537598525473854e+01
1.942572698490407035e+01
4.181884152850149583e+00
5.120391950817609228e+00
5.180098925411860122e+00
