1.052495596808146061e+01
1.143346720093696867e+01
2.923231832101589767e+00
1.071035390857575287e+01
5.746132481969110195e+00
1.074070059781724495e+01
6.130345181309944991e+00
3.049312552157699585e+00
5.536658680262653398e+00
1.123977750880000315e+01
8.423322536199279398e+00
4.170695602107277189e+00
2.160998462203340864e+01
1.170837999610658642e+01
1.853617466015329995e+01
6.814191045068455743e+00
1.192716811310904568e+01
4.268321188027210056e+00
2.179272746588219789e+01
5.054872257183038009e+00
5.088551311663558785e+00
2.003879492257094341e+01
1.019876180195975124e+01
4.396608009091869107e+00
6.617413028019846877e+00
1.226731256346148413e+01
8.617782004565032850e+00
2.869150634243641917e+00
2.239307408029614521e+01
6.587743612819442873e+00
4.224194647485986387e+00
8.598451852924041461e+00
4.684948539665970912e+00
1.014958389246720394e+01
2.013302965539631728e+01
2.316130930242569619e+01
1.173010257904762454e+01
1.110335001991802351e+01
1.051670656191578779e+01
4.741869286435218989e+00
4.268815994060179975e+00
9.089657667954215370e+00
9.645515512991224227e+00
6.572414205218865213e+00
2.710870109665667105e+00
6.588931879028122829e+00
3.017963459207461341e+00
1.657726059000230379e+01
6.892552469289439543e+00
1.019876180195975124e+01
8.430850586403840552e+00
7.742178329089401068e+00
7.406303984552375042e+00
4.424689629551238568e+00
4.278257043731530374e+00
1.215055641020960309e+01
4.553028498897255361e+00
4.819585421733336261e+00
1.141508481326718005e+01
1.272777678273421920e+01
7.618900784846733387e+00
7.177394883593957609e+00
4.785668261356363473e+00
9.042290175439720912e+00
1.991005037474280925e+01
2.001909495826194529e+01
4.819585421733336261e+00
6.734198897425244468e+00
8.536772850065901252e+00
2.648907313028045962e+01
4.263669567189454668e+00
1.012608040730427028e+01
9.268236835944277274e+00
2.710870109665667105e+00
4.224048944398186123e+00
9.658424087607880182e+00
1.383265385069059761e+01
1.143346720093696867e+01
5.727993305688056758e+00
1.995583277602799654e+01
6.544232322827847170e+00
6.807417888725742827e+00
2.123809998205063820e+01
2.004158729369014225e+01
8.633314101067648849e+00
5.433848915446459316e+00
4.560365011818822367e+00
1.112544375181681566e+01
9.333058030636852465e+00
8.690017865651689988e+00
1.280225734432763396e+01
5.222274231738382788e+00
8.250562392327912775e+00
8.494401601144970115e+00
1.075080218411881638e+01
2.917486198627908145e+00
1.759238265795498180e+01
6.930056357121716637e+00
7.437055087807860509e+00
6.515234410557702915e+00
1.012233424317076924e+01
6.361659419162162266e+00
6.807736594281744935e+00
1.838376298020359911e+01
8.629202956179527817e+00
7.918507902472109450e+00
2.672577450667586785e+00
1.219758170796720087e+01
4.263669567189454668e+00
1.089529135997167231e+01
5.891174367393273492e+00
1.054268546240236937e+01
4.622602144070092400e+00
3.062590343666741877e+00
4.263669567189454668e+00
1.137620361574598782e+01
6.814191045068455743e+00
6.842672194060179791e+00
1.615999548096158733e+01
9.645515512991224227e+00
1.970234086711633736e+01
2.141740908968193224e+01
4.279847966087152678e+00
2.662534545281401321e+00
6.544232322827847170e+00
9.347064503576200778e+00
6.601888191643300097e+00
8.307750484199399210e+00
6.361659419162162266e+00
7.004054525602892767e+00
6.814191045068455743e+00
3.837150399765560049e+00
1.180677050661310190e+01
1.060631866895517916e+01
1.146153875621843987e+01
8.160342970919042926e+00
2.730524020061509294e+00
6.573427759562958883e+00
2.291315943689174972e+01
2.085122971981468254e+01
7.982968981934626562e+00
7.533706413527478496e+00
5.934434114999990406e+00
6.130345181309944991e+00
6.913015874359890844e+00
5.309231563079706895e+00
2.684743945725700964e+00
6.327995681415401030e+00
1.931679081282098664e+01
4.874155472356341612e+00
1.070412425271604739e+01
9.057917726551085735e+00
5.276400657858058452e+00
1.000292151248850203e+01
1.017278290147316788e+01
2.042869879935674504e+01
4.263669567189454668e+00
6.600895354210589261e+00
8.381132411561432960e+00
1.879852906051880268e+01
6.814191045068455743e+00
2.257712259075291428e+01
1.987724445682756169e+01
7.177394883593957609e+00
2.979670800209381021e+00
9.214311143337768684e+00
3.300447346949803684e+00
8.878123985224773307e+00
1.063511314982891065e+01
4.491632910440220172e+00
4.819585421733336261e+00
1.095875498464912923e+01
4.686198647619183255e+00
8.464812022168681338e+00
9.632489048767794770e+00
3.300447346949803684e+00
9.813150561107816472e+00
8.307750484199399210e+00
8.098552964355068440e+00
2.846245764514042875e+00
4.553028498897255361e+00
2.198467874089541141e+01
6.621147584447098389e+00
1.054268546240236937e+01
6.709401335178909243e+00
3.371784501836330605e+00
1.645693649352971732e+01
9.216706258606382818e+00
1.132555939565668268e+01
1.299683440099603082e+01
4.353752200753003621e+00
1.073934643842800796e+01
3.295897318382056351e+00
1.019876180195975124e+01
4.494620758912070357e+00
4.286026464302302941e+00
3.048973376832701643e+00
2.322568063661385551e+01
2.204017362607090647e+01
4.255900146618682989e+00
5.601719872518495791e+00
6.080135694779283284e+00
4.277453538598984473e+00
3.942287610718535174e+00
4.852257889477421315e+00
1.014533545488545485e+01
2.179890170379038494e+01
4.328520643655380695e+00
5.016217399929048248e+00
5.591617572412054926e+00
