9.468097298550368635e+00
7.081433808127580498e+00
9.890275743536109943e+00
9.119434975241569319e+00
9.952804063478978946e+00
8.151798638847619571e+00
1.705658247443843933e+01
6.325801752244275100e+00
7.379022463175966884e+00
6.415643057012387906e+00
1.494686469696777920e+01
6.907510657187485137e+00
7.025682092628777298e+00
6.525438258227040045e+00
6.791972653856396036e+00
1.373003217964381051e+01
6.866456948772182933e+00
1.005896910059405691e+01
1.528678672197482769e+01
7.432849759997951722e+00
7.080293549048553459e+00
7.378877960963408533e+00
9.242233890946170760e+00
8.253461230355561895e+00
8.440840664662651704e+00
7.866993685936339631e+00
3.474175823860777257e+01
6.590953831915195238e+00
7.461366678335314084e+00
7.183726665746183571e+00
1.481886354246231186e+01
8.491730894317207401e+00
1.433467425436240994e+01
7.332141082689997091e+00
6.448107608638780519e+00
6.613414178125187171e+00
7.070439040021836874e+00
7.216500770665080111e+00
1.008924581826262212e+01
1.080172523559076048e+01
7.707023140506897185e+00
7.850145491307646495e+00
8.626985838243367510e+00
7.677865672664998087e+00
7.307636025224125476e+00
2.041382991387533252e+01
8.450940771974789101e+00
1.836978109041598373e+01
6.759127030929491298e+00
9.914585239205539580e+00
6.979126025569846625e+00
6.666882591268864289e+00
1.149937686186428110e+01
8.487996755716068265e+00
1.428586786795273866e+01
9.763856020518167256e+00
6.697418015475522068e+00
9.437759099114305883e+00
1.168017868303966722e+01
6.975990458560074714e+00
6.574668583838867875e+00
6.652851590009540850e+00
8.634777552769410391e+00
8.401988448491277239e+00
1.033090933535954115e+01
9.333002647007063501e+00
8.980028327641907282e+00
8.122441935890195808e+00
6.703955062341877991e+00
1.137129963818125589e+01
6.882796767504504309e+00
7.343576187993900106e+00
6.309243180056011369e+00
1.254350482380409915e+01
1.083812297029011162e+01
8.721012502431992885e+00
1.315012333981044002e+01
8.254105503027396651e+00
8.270491069923238570e+00
7.078128281817477330e+00
1.151161932663610266e+01
7.729756069648036743e+00
8.411255385206178659e+00
1.122593268927556309e+01
6.810262423197467108e+00
7.748355003098126303e+00
8.061885331209104777e+00
8.663887908564351648e+00
1.106513039316730129e+01
1.510042874500251919e+01
6.254631745703551182e+00
7.104766574257833867e+00
7.903354002382202204e+00
6.419614963347247460e+00
8.810863331829681400e+00
8.075451856197627620e+00
8.573075962449641096e+00
9.550681465114951862e+00
6.283653539041649694e+00
2.143532370869575487e+01
8.194640311637890306e+00
1.010461596449127697e+01
8.343008087023832786e+00
1.366166412232002081e+01
9.722789454865688796e+00
1.124719495200795194e+01
7.004373499749370069e+00
8.396663901639325189e+00
7.128431485846621563e+00
7.628521791786449846e+00
2.226926824156573304e+01
8.482274669626370667e+00
1.291020094633477555e+01
6.754266262257221598e+00
1.537736519281865988e+01
1.322960650136523419e+01
1.714880168779954772e+01
1.207823780900269561e+01
7.277379811218116501e+00
6.709944441114370939e+00
8.266694654033264200e+00
7.855158548721446365e+00
6.488983371391564781e+00
7.350184313029497929e+00
7.193449252052454668e+00
1.026250948644255701e+01
3.901523801143744663e+01
8.294244131554943777e+00
7.475038044543764748e+00
6.566131773205507116e+00
7.968111888901147744e+00
9.345745817283782841e+00
1.286581252987246771e+01
6.426141519567132754e+00
1.597406543582018124e+01
6.736894155067499668e+00
7.017347133362436651e+00
6.479450181804968345e+00
1.116833903743350831e+01
2.476075124180951548e+01
7.430934791678543760e+00
6.425826737988453274e+00
6.494113944247900783e+00
1.215757534736609102e+01
8.082021342358540750e+00
1.292674909801390726e+01
7.777850196048443188e+00
1.005075922661368004e+01
7.742794194128931551e+00
7.448160866052569773e+00
7.466060746222717981e+00
9.611594444760582334e+00
9.686250861212490904e+00
9.060525058085813654e+00
1.722755132494256003e+01
1.047608641219384396e+01
7.186056949059267396e+00
6.879300697951124199e+00
1.007759064361659007e+01
1.136965366502615638e+01
8.217045958231778968e+00
6.735213376705586619e+00
6.892869236739969097e+00
6.527874643895162698e+00
6.482055484394900091e+00
7.423312894178755172e+00
8.479989840513322719e+00
2.539954186238706413e+01
6.318251304874505259e+00
6.889576216582216972e+00
8.809566518774985866e+00
1.201003961195267422e+01
9.157647044385914370e+00
6.713727535689507420e+00
1.055816394217995580e+01
7.590447256896034389e+00
1.856790520446554638e+01
7.624678532507648931e+00
8.684836200167477926e+00
8.913895513644318314e+00
7.976160395609900533e+00
6.568110723083232294e+00
9.075670475300222861e+00
2.072690228812338731e+01
9.383560934514253660e+00
6.658962380653175472e+00
6.627797683196066991e+00
6.849776896819925298e+00
7.188046021872707136e+00
2.092805663227208868e+01
6.767458054503975973e+00
1.085399244507923200e+01
1.249109772585548939e+01
7.155774631731427249e+00
9.701230240255458881e+00
8.452546491967686038e+00
1.627008805031059069e+01
1.124556946111805011e+01
2.284587722392234355e+01
6.218346229673833214e+00
6.700402258106024078e+00
1.190888401352323811e+01
9.605235420536528679e+00
6.918152518748213353e+00
1.295471525519768186e+01
1.967325000934436474e+01
1.105215457059781770e+01
7.667605211395600584e+00
6.620882373353594197e+00
1.122024023861394681e+01
7.388312263574121630e+00
