9.398158837886455785e+00
6.866810578120906783e+00
1.819706258160687895e+01
9.845930665089406730e+00
9.028359840711033257e+00
9.912249588770350783e+00
8.002063269767624831e+00
1.744667460951629678e+01
6.065370451618434799e+00
7.182439709376967407e+00
6.160658133100310963e+00
1.520906111853740583e+01
6.682343824750844874e+00
8.313452095947654996e+00
6.807679071491189227e+00
6.277109359945065137e+00
6.559801654544382465e+00
1.391846154825256932e+01
6.638801350593506179e+00
1.002485058301507692e+01
7.239530134853781718e+00
6.865601194038500665e+00
7.182286447123717998e+00
9.158603095705842634e+00
8.308627656402784112e+00
7.699992816677956320e+00
3.620396447208823787e+01
6.346596631237624742e+00
7.269775811253838427e+00
6.975304652865153443e+00
1.507330025362888293e+01
8.362602963266134282e+00
1.455975835015270903e+01
7.132716276901137853e+00
7.740823874879454891e+00
6.370418572839589899e+00
6.855149283085941292e+00
7.010065595823696150e+00
1.005696274163705439e+01
1.081263422209903879e+01
7.530324506331099954e+00
7.682123247580898706e+00
7.217492831682955412e+00
8.506057358201182694e+00
7.499399448912264177e+00
7.106725669167535564e+00
2.100744574357988981e+01
8.319340054346865188e+00
1.883948220246792005e+01
6.524964857999508538e+00
9.871713855642040514e+00
6.758300673655021740e+00
6.427128358323296986e+00
1.155257901832887413e+01
8.358642453002476103e+00
1.450799321367689743e+01
9.711847101509681224e+00
6.459514906840462700e+00
9.365981470337544579e+00
1.174434144199324948e+01
6.754975021703913285e+00
6.329324135746206004e+00
6.412246767029392558e+00
8.514321423531395538e+00
8.267420133772089841e+00
1.031327643056172860e+01
9.254874452609668012e+00
8.880502056730499305e+00
1.141673747276260187e+01
6.656131724933635141e+00
7.933134505358534483e+00
7.144844603339878475e+00
6.047808062508632787e+00
1.266000430473182092e+01
8.605784124760667453e+00
1.591876596837447266e+01
1.792373501141611314e+01
1.330339736412042839e+01
8.110572200181469071e+00
8.127951096039012668e+00
6.863304663564344210e+00
1.156556364813519266e+01
7.554435555438656635e+00
8.277248852492075315e+00
1.126255806095341327e+01
6.579200189770993745e+00
7.574161996979872136e+00
7.906699220443602627e+00
8.545196512867775596e+00
1.109200757737943732e+01
1.537193455558253774e+01
5.989885963366406330e+00
6.891557827649942070e+00
7.738557375162677054e+00
6.164870825098594409e+00
7.921088177897625648e+00
1.280839026596529884e+01
8.448879347634452586e+00
9.485749437548419039e+00
6.020667121395792520e+00
2.209086473006713902e+01
8.047502098617302480e+00
1.007326465980204588e+01
8.204864253581996891e+00
1.384594886951733983e+01
6.282043254782844421e+00
9.668290990681281727e+00
1.128510928863267537e+01
6.785078705029897961e+00
8.261772801225287566e+00
6.916657358022852975e+00
7.447064233875366313e+00
2.297536480747330145e+01
8.352573481518431819e+00
1.304893034954527131e+01
6.519809418881657770e+00
1.566565949756036957e+01
6.741190815756595178e+00
1.338769896905542112e+01
1.754448435361944902e+01
1.216653178421523407e+01
7.074635257185057924e+00
6.328070688420554646e+00
8.123924533100836953e+00
7.687440207517417079e+00
6.985616643652946323e+00
1.024073003295728057e+01
8.153144120303554843e+00
7.807241026629935021e+00
1.300185101003364707e+01
1.629853301650627273e+01
6.798838828734414363e+00
6.228333385582481618e+00
1.120147295576411750e+01
2.561788696537722743e+01
7.237499076959657884e+00
6.171459171126917553e+00
6.243886097429160564e+00
1.225067893796194340e+01
7.928055920701632786e+00
1.001614300848833139e+01
7.568264079588692184e+00
9.248759716616232751e+00
2.433903042733228972e+01
7.255769433700045568e+00
7.274754443820047101e+00
9.550355095464519550e+00
9.629537347434357741e+00
8.965878675321128810e+00
1.762800796628585687e+01
1.046725445983860325e+01
6.977776203057715954e+00
6.652423715984958186e+00
1.004460100477054851e+01
1.141499171710894345e+01
8.071266024592603117e+00
6.499601505668010759e+00
6.666814809320290358e+00
6.279693444649871559e+00
6.231096627322949999e+00
8.350150141059090814e+00
2.629540247279679122e+01
6.057362279588061504e+00
1.955927401823560885e+01
7.585186982900571806e+00
6.663322159066431993e+00
8.699706479572981266e+00
1.209419926305569071e+01
9.068888409199521661e+00
6.476813145899698476e+00
1.055430770950279751e+01
7.406681537268580584e+00
7.439685822209467503e+00
7.442987987799511984e+00
8.567414735800094050e+00
8.810360126668738801e+00
7.815777451447539548e+00
6.322368723105011412e+00
8.981942240906708008e+00
2.133949725101426864e+01
9.308497694265483346e+00
6.418728007188982509e+00
6.385674037498350941e+00
2.155284601218163942e+01
6.533800926474166104e+00
1.086806998433043958e+01
8.767753996305611253e+00
1.260442017369536849e+01
6.945658105312852548e+00
9.645424809250798148e+00
1.176499604133950250e+01
6.184231105848739141e+00
1.661250117039494612e+01
6.727346725561417884e+00
1.128338525692400296e+01
9.450460348211874972e+00
2.358692908953931777e+01
5.951400739862925171e+00
6.462680060796918369e+00
1.198691139064409228e+01
1.682067555276481130e+01
9.543610573261050334e+00
6.693630819272909704e+00
1.309614321333061504e+01
2.022197026282005083e+01
1.107824513201917149e+01
7.488516976002738801e+00
6.378339506423598593e+00
1.125652052146202209e+01
8.734429043782016677e+00
7.192292677826772618e+00
