9.340997263000339501e+00
7.060337707644595007e+00
1.726851329022214898e+01
9.744424603505471794e+00
9.007820817121963586e+00
8.083162160565670717e+00
1.659243899180422943e+01
6.338267136950908487e+00
7.344708928147631433e+00
6.424118129772995900e+00
1.457642457351688137e+01
6.894139373576627428e+00
8.363713008959905437e+00
6.529036764422258443e+00
6.783733004031378577e+00
6.854909070370555746e+00
9.905625425591658484e+00
1.490124892245384558e+01
7.059248093304491434e+00
7.344570844017563438e+00
9.125165604777556894e+00
8.180309396309301206e+00
8.359366351361607883e+00
7.811006852590229421e+00
3.349212562821129779e+01
6.591642456324822597e+00
7.423395815463348590e+00
7.158087216156657995e+00
1.445410860509866779e+01
8.407996285577993945e+00
1.399142464025102228e+01
7.299909789600180332e+00
7.847794261309392283e+00
6.455140764582713686e+00
6.613105223659206722e+00
7.049831273436375945e+00
7.189405655413576568e+00
9.934557399341922945e+00
7.658141417444825017e+00
7.794906972475326157e+00
7.376290611159359578e+00
8.537243865520508734e+00
7.630278981910678660e+00
1.980057389778085764e+01
8.369017861238880585e+00
1.784731173931442783e+01
6.752346223247050361e+00
6.962573937086299125e+00
8.404427999174867381e+00
1.394478599514069472e+01
9.623619827112289471e+00
6.693378020854279242e+00
9.312006538202396655e+00
1.145482879685699551e+01
6.959577636648056398e+00
6.576080519426028559e+00
6.650791018331760007e+00
8.322239760866732894e+00
1.016548740336621393e+01
9.211902856035948162e+00
8.874605931904959277e+00
8.055109338966707000e+00
6.699624724027721356e+00
1.115966865051365886e+01
6.870523154163343804e+00
8.021059664561025926e+00
7.310837003378955146e+00
6.322444015662234129e+00
1.227981020719147409e+01
1.065017308601609969e+01
8.627094324540196979e+00
1.521584474852398827e+01
1.702225435200892889e+01
1.285948569162288280e+01
8.196582853582203398e+00
7.057178996668008075e+00
1.129375602377062293e+01
7.679864660907933072e+00
8.331095105515247567e+00
1.102075819146275037e+01
6.801210431151016422e+00
7.697637520576916970e+00
8.572506926118570902e+00
1.086709794794115780e+01
1.472316805659060890e+01
6.270258154485149227e+00
7.082634146267542619e+00
7.845752221374215019e+00
6.427913623428437973e+00
8.712954418954334201e+00
8.010206329100494571e+00
1.241350096233044908e+01
8.485728403097599681e+00
9.419913444251866608e+00
6.297990941514278518e+00
2.077669792751623490e+01
8.124101015502127154e+00
9.949244878747485643e+00
8.265879018977967618e+00
1.334830633109140052e+01
6.533482037554271038e+00
9.584377237724716281e+00
1.104107608833580656e+01
6.986700041778975745e+00
8.317151704379266874e+00
7.105247978070055481e+00
7.583126715210499746e+00
2.157360271747038283e+01
8.398960060200897360e+00
1.263021947901275688e+01
6.747701346177756854e+00
6.947158531183028174e+00
1.293543859936092133e+01
1.668056227813402614e+01
1.183520808068444552e+01
7.247580746336669932e+00
6.705348083849055563e+00
6.574951205587304948e+00
8.192955055943233589e+00
7.799697374364075841e+00
6.494201025603456578e+00
7.317151627776528500e+00
7.167377972667220654e+00
1.010012554165282417e+01
3.757579830248384667e+01
8.219280920233277499e+00
7.436459966359857177e+00
6.567922872224667863e+00
7.907633878870854005e+00
9.224080036930427440e+00
1.258780257920341583e+01
6.434150301898687196e+00
1.555800207270475966e+01
6.731100823138840283e+00
6.999097449954052585e+00
6.485091253735350669e+00
1.096572256833091430e+01
2.395442621199067190e+01
7.394315564573446409e+00
6.499103723472765104e+00
8.016484030773472824e+00
1.264603264262041904e+01
7.725822681119715263e+00
9.897780194114012886e+00
7.692323695581482212e+00
9.206393684779836661e+00
2.280221952839056954e+01
7.427881395782424789e+00
9.478120966858829988e+00
9.549461509936186587e+00
8.951527390752630708e+00
1.030421642353575429e+01
7.160313999666773732e+00
6.867182362943675678e+00
1.115809578344668296e+01
8.145511512710186253e+00
6.729494696742340132e+00
6.880148253512317957e+00
6.531364937739039256e+00
7.387032194532974216e+00
8.396776712037263835e+00
2.456484487324640753e+01
6.331052043574663557e+00
1.849581993101203636e+01
7.707570661696754755e+00
6.877001493225878725e+00
8.711715204001507118e+00
1.177003891444701722e+01
9.044335692794078341e+00
6.708963151840928951e+00
1.038264847053105910e+01
7.576479014719561533e+00
1.803663614791527436e+01
8.592524796926403141e+00
8.811410414492723220e+00
7.915324910222915733e+00
6.569813926814606297e+00
8.966000122509118597e+00
2.009974112630382237e+01
9.260215591353849973e+00
6.656630397501931640e+00
6.838969864855659608e+00
7.162214727581067031e+00
2.029196117698335655e+01
6.760307223445565228e+00
1.066533771624634142e+01
8.773023725519944804e+00
1.222973077656181928e+01
7.131376674966752205e+00
9.563775578125827792e+00
8.370552262992509540e+00
1.147343789545863757e+01
6.445356584552751400e+00
1.584087680852239544e+01
6.934685472026892228e+00
9.388119162890262714e+00
2.212460154516125144e+01
6.235584263848170217e+00
6.696229718003066544e+00
1.167337615362565018e+01
1.602843491811893273e+01
9.472044379431434180e+00
6.904308575624858335e+00
1.267275667969715514e+01
1.085469844803241735e+01
7.620474240215710182e+00
6.620241718132465536e+00
1.101531857165588946e+01
8.742999065297274441e+00
7.353586120986260966e+00
