7.107389142117458647e+00
1.736455843036642932e+01
9.804358199174384225e+00
9.064219114165316782e+00
9.864396089505561349e+00
8.135122597611479378e+00
1.668523934203274806e+01
6.381853024350411019e+00
7.393125190230095178e+00
6.468116055370694895e+00
6.940393146195368956e+00
8.417019937901439874e+00
7.053857952027103195e+00
6.573538242556243638e+00
6.829456885962994050e+00
1.349118164205760095e+01
1.498593247768585002e+01
7.444808608981388964e+00
7.106294298219552275e+00
7.392986443371103000e+00
9.182127093151425612e+00
8.232736087392014568e+00
8.412652418704388069e+00
7.861661091780407062e+00
3.366603530755602236e+01
7.472189731923537970e+00
1.453664612934549893e+01
1.407174153243590808e+01
7.898625060107172580e+00
6.499287582000182972e+00
7.096832282723946506e+00
7.237076546026615098e+00
9.995403529298899414e+00
1.067950572746850213e+01
7.708061985463669608e+00
7.424858448189723958e+00
8.591383648446820231e+00
7.680065825352119013e+00
7.324581990335998327e+00
1.990877155539952881e+01
8.422350250593893861e+00
6.797919465655739124e+00
9.827699476156411151e+00
7.009156158489568078e+00
6.709349013785836924e+00
1.134937070810204673e+01
8.457930337984784330e+00
9.682973625381515959e+00
6.738668247877050987e+00
9.369864761710328338e+00
1.152297140489548610e+01
7.006145477434476909e+00
6.620807782066528091e+00
6.695876850842492622e+00
8.598865028126201793e+00
8.375347640713366459e+00
1.022744187208131095e+01
9.269280636167783527e+00
8.930364869757774215e+00
8.106935137685269410e+00
6.744944931837385305e+00
1.122639464995065239e+01
6.916663581738825783e+00
8.072722043311687301e+00
7.359090698595359470e+00
6.365953960662338318e+00
1.235191227851264273e+01
1.071445378310440688e+01
8.681665340933060193e+00
1.530203819307786617e+01
1.711711758282571338e+01
1.293436989084138133e+01
8.233354699439328073e+00
8.249087648432768205e+00
7.104215271041534052e+00
1.136112556986749311e+01
7.729889488712265333e+00
8.384245486212872578e+00
1.108681749604419586e+01
6.847018195252689843e+00
7.747747648467294468e+00
8.048790431510632004e+00
8.626815952608341220e+00
1.093241976670218563e+01
1.480699692026120751e+01
6.313517635658290494e+00
7.129792591551748160e+00
7.896573219487951434e+00
6.471929765336930096e+00
8.767937517228098443e+00
1.248624467675965910e+01
8.539620939747329942e+00
9.478289562377906208e+00
2.088958045100783067e+01
8.176257936845551910e+00
1.001016150063881760e+01
8.318716397834762688e+00
1.342553660423295270e+01
6.578004850588081709e+00
9.643542692850871845e+00
7.033398055398272675e+00
8.370235164314626886e+00
7.152514957480704538e+00
7.632687253348141354e+00
2.169030995169616816e+01
1.270400332476945060e+01
6.793252295695989318e+00
1.507290331432206010e+01
6.993666766999595552e+00
1.301068733133813993e+01
1.677378557233704015e+01
1.190517630295973994e+01
7.295530845830769273e+00
6.750695760681393764e+00
6.619673048133942750e+00
8.245442439332922646e+00
7.850297334193262699e+00
6.538535311086734580e+00
7.365435629764858660e+00
7.214943142351345706e+00
1.016176630888531918e+01
3.776930739559680461e+01
8.271894653491870031e+00
7.485316583658084610e+00
6.612610982583476904e+00
7.958751875374687756e+00
9.281516260925402051e+00
1.266138284684882542e+01
6.478196376480933161e+00
1.564583768682151899e+01
6.776572099150952155e+00
7.045854964407979537e+00
6.529381817254989784e+00
1.103151773177378558e+01
2.408256010758239540e+01
7.442969911603091404e+00
6.477894132283162243e+00
6.543461539246490766e+00
1.198135392026593493e+01
8.068124448963871487e+00
1.271989238298504077e+01
7.776068082492486155e+00
9.958449813434611997e+00
7.742408319994209975e+00
9.263745023877930862e+00
2.292482345688167555e+01
7.459509891648123947e+00
7.476696840595073112e+00
9.536776449520422361e+00
9.608459388507966992e+00
9.007655509884127554e+00
1.684939870383860949e+01
1.036683671629818448e+01
6.913306756533417641e+00
9.984212566582666426e+00
8.197771192826714071e+00
6.774958264218945203e+00
6.926334876343822167e+00
6.531883353699864614e+00
7.435651585337074820e+00
8.450242328819134841e+00
2.469590844730849000e+01
6.374603302439575181e+00
1.859775547731567613e+01
7.757728463276566622e+00
6.923173013314875668e+00
8.766692354715672764e+00
1.183969436007347120e+01
9.100909241434237629e+00
6.754328179038740387e+00
1.044564519457590634e+01
7.596129182505201527e+00
7.626007647500696152e+00
1.813636786113080390e+01
7.628997066576678421e+00
8.646929898337944564e+00
8.866866048140510159e+00
6.614511113209700532e+00
9.022197702902737149e+00
2.020937462434493170e+01
9.317825246409386253e+00
6.701744255865281552e+00
6.671820811738782275e+00
6.884958853757620290e+00
7.209755116489429128e+00
2.040251722700360659e+01
6.805918674336996155e+00
1.072969119533414606e+01
8.828295123882394790e+00
1.230159249378007935e+01
9.622842156460674090e+00
8.423892016643648617e+00
1.154166981707645867e+01
6.489456443213217796e+00
1.593007006793398617e+01
6.981133843925154459e+00
1.110567215830626786e+01
9.446342685711639930e+00
6.278677329154087161e+00
6.741533631625333811e+00
1.174256767043203631e+01
1.611852835472119949e+01
9.530670697769441091e+00
1.274674468094407942e+01
1.919768807945887090e+01
7.670214026215308678e+00
6.665180930572811135e+00
1.108135176901282648e+01
8.798126361576649401e+00
7.402044988779177714e+00
