9.365018327941616150e+00
7.020516419615043802e+00
1.751444879004840516e+01
9.022515295721415640e+00
9.841162509940488690e+00
8.071972730192049639e+00
1.681944918824939350e+01
6.278232974914879527e+00
6.366487188933998453e+00
1.474700061091172287e+01
6.849665706509698637e+00
8.360377020038074036e+00
6.965749585537286848e+00
6.736168738721418414e+00
1.355166403731101887e+01
6.809337232005525209e+00
9.945452089561856113e+00
1.508091774649001238e+01
7.365724436196608771e+00
7.019396303772364121e+00
7.312706075485065682e+00
8.171839402118042273e+00
7.792198996575723235e+00
3.419220764144922242e+01
6.538701012943613833e+00
7.393737589173484004e+00
7.121002223691474065e+00
1.462126065963233046e+01
8.405899915506735098e+00
1.414562481297997465e+01
7.266794827108014942e+00
7.830016192808245457e+00
6.398378238320085565e+00
6.560764586112729724e+00
7.009715879484873291e+00
7.153197357959202307e+00
1.067508707283826475e+01
7.775648433575392815e+00
7.345313771982763917e+00
8.538765514456049033e+00
7.606412022495800507e+00
7.242722663511038661e+00
8.365830370698080998e+00
1.810944950606787529e+01
9.803618839958254227e+00
6.920015954255857693e+00
6.613288453492264907e+00
1.136041434067846367e+01
8.402231742296955019e+00
1.409768061534374617e+01
9.655552326907219651e+00
6.643284454441434228e+00
9.335216067690659258e+00
1.153802220893287078e+01
6.916935778576465133e+00
6.599505316757563911e+00
8.546419584520283053e+00
8.317742814038057375e+00
1.021258836659331770e+01
9.232310189731531835e+00
8.885571334981930747e+00
8.043134627802647429e+00
6.649706021166066350e+00
1.123459966402087318e+01
6.825388399819237506e+00
8.008131803100228652e+00
6.261966918032404017e+00
1.238609726964110536e+01
1.071084182368765170e+01
1.540432003283343576e+01
1.726129634157026871e+01
1.298199957179227937e+01
8.172472293396875642e+00
8.188568401210343239e+00
7.017269287049787252e+00
1.137244053630065288e+01
7.657385750144773517e+00
8.326846045767043236e+00
1.109180069362365550e+01
6.754135410309207721e+00
7.675656124305836769e+00
7.983647785268577657e+00
8.575015691590749611e+00
1.093383904900892389e+01
1.489785187465817806e+01
6.208320221474811440e+00
7.043437000978285845e+00
7.827916990183434898e+00
6.370388929593769234e+00
8.719394721858494179e+00
7.996974650933799111e+00
1.252353042129799476e+01
9.446143604665872218e+00
6.236829330587708498e+00
2.112083780921746978e+01
8.114057583802853912e+00
8.259804369607536501e+00
6.478912513394692319e+00
9.615211222295274140e+00
1.111268734804789915e+01
6.944817419410811432e+00
8.312512327919897359e+00
7.066683860287498398e+00
7.557939825494328190e+00
2.194005030255721067e+01
8.396610739666822809e+00
1.274631552516770583e+01
6.699128449038721733e+00
1.516989610418427326e+01
6.904169025908759139e+00
1.306007862428242916e+01
1.192904942504108234e+01
7.213000940377266801e+00
6.655589594622545846e+00
6.521542525121716061e+00
8.184839050870605703e+00
7.780572932869226577e+00
6.438531910659218482e+00
7.284519314926715339e+00
1.014539683458278319e+01
3.839019429637530578e+01
8.211901853348694047e+00
7.407167443987019873e+00
6.514317448085398254e+00
7.891530896849418220e+00
9.244828245650092313e+00
1.270271125187107764e+01
6.376800190994350359e+00
1.575605534449182699e+01
6.682063228649926856e+00
6.957561867417754620e+00
6.429167129546211612e+00
1.103522446191229811e+01
2.438752003261119228e+01
7.363843296732559551e+00
6.376490970186774021e+00
1.200698542684499159e+01
8.003428083896926282e+00
1.276257134562445827e+01
7.704630270194425812e+00
9.937387247035312399e+00
7.670193549756708862e+00
9.226646800606697951e+00
2.320305970307914833e+01
7.380765064047031032e+00
7.398348734047487163e+00
9.505980526625801730e+00
9.579318100834605332e+00
8.964646051169239627e+00
1.698739779008613482e+01
1.035520081910249246e+01
7.123291341405969312e+00
6.821954090050628139e+00
9.963744673886168357e+00
1.123298276778951532e+01
8.136067423651432762e+00
6.680412142062817971e+00
6.835282933941400074e+00
6.476736149743540061e+00
6.431726408187032007e+00
7.356356043793454980e+00
8.394366273181608662e+00
2.501502610331405663e+01
1.877611134493373868e+01
7.685867323191899025e+00
6.832048086601173686e+00
8.718120817642974529e+00
1.186205598261829763e+01
9.060052329907225754e+00
6.659305858975010928e+00
1.043582840923212274e+01
7.520537895952341678e+00
7.551106036360659246e+00
1.830407366038986794e+01
7.554164459277222576e+00
8.820606789606124210e+00
7.899437222736402475e+00
6.516261438842128939e+00
8.979523917154146773e+00
2.042493100078126389e+01
6.574893999506122633e+00
6.792951841358715548e+00
7.125245276271786388e+00
2.062253185470025230e+01
6.712087201800002845e+00
1.072643095641479505e+01
8.781145544573005779e+00
1.233461596880274946e+01
7.093543976078360735e+00
9.594032861793872158e+00
8.367407724859104334e+00
1.155715223080804854e+01
6.388320170381893703e+00
1.604684857418908805e+01
6.891346809227818504e+00
1.111109057225247199e+01
9.413459308076712162e+00
2.250647320420131337e+01
6.646215978960998250e+00
1.176268734748920863e+01
1.623965698561488580e+01
9.499733837686109794e+00
6.860119574362201433e+00
1.279004346691387717e+01
1.938989200671157676e+01
1.092109245071455348e+01
7.596332817311264307e+00
6.568100852006525159e+00
1.108620880289721988e+01
8.750280406010960021e+00
7.321973716509157626e+00
