9.153724072194718175e+00
6.783074029752391709e+00
1.739404479970644246e+01
9.573069888033378660e+00
8.807401117632061016e+00
9.635178670826277880e+00
7.846257189656403064e+00
1.669129389570814226e+01
6.032511928082493036e+00
7.078665997598616144e+00
6.121750437749338580e+00
1.459573138395405678e+01
6.610317825615376286e+00
8.137878040778693034e+00
6.727696383408935610e+00
6.230808962113563609e+00
1.338706327032390320e+01
6.569539569280667735e+00
9.740631387873607494e+00
1.493337268371990412e+01
7.132132137256617099e+00
6.781941421303425699e+00
7.078522464931481295e+00
8.929376107359422221e+00
7.947237670499308848e+00
8.133359872341106467e+00
6.295884955510917536e+00
7.160457719785561892e+00
6.884680547901345093e+00
1.446858906012888468e+01
8.183908651242944643e+00
1.398764846628722225e+01
7.032099170274697997e+00
7.601602120884236591e+00
6.153997166707909194e+00
6.318194602811280980e+00
6.772153031638866949e+00
9.770704962264812110e+00
1.047840396034561294e+01
7.404465936616386301e+00
7.546628000251145885e+00
7.111493833737656090e+00
8.318256094795737354e+00
7.007758530819393705e+00
2.002601570157973399e+01
8.143392212436085131e+00
1.799568153443257046e+01
6.462929787336068266e+00
9.597216277824706765e+00
6.681452686803994290e+00
6.371304266740454025e+00
1.117137465523913420e+01
8.180199567047036879e+00
1.393916954897112781e+01
6.401634811864218122e+00
9.123589428551266423e+00
6.678338158050936002e+00
6.279708974188770831e+00
6.357367407244174373e+00
8.325995530391072208e+00
8.094768337218853915e+00
1.001074702490225832e+01
9.019535845534354834e+00
8.668929826486472479e+00
7.817097457087796464e+00
6.408127998060495933e+00
1.104415677262667117e+01
6.585769755114036172e+00
7.781704247309766842e+00
7.043457551120097193e+00
6.016064456531346138e+00
1.051455748247224342e+01
8.411651881987333823e+00
1.526038186256642781e+01
1.713806895230035821e+01
1.281104536026649221e+01
7.947877620388750231e+00
7.964153247435856287e+00
6.779790682050133910e+00
1.118353497853036771e+01
8.103973096919855124e+00
1.089976517113955090e+01
7.445520480836510302e+00
7.756947160226315141e+00
8.354910568676825022e+00
1.474826508568956385e+01
5.961819440556110017e+00
6.806250243424299740e+00
7.599479505938210089e+00
6.125695694363477273e+00
8.500899852377735044e+00
7.770422659880495075e+00
1.234746292204465945e+01
8.264707930234081346e+00
9.235754135819949084e+00
5.990646510599623831e+00
2.104065572844695708e+01
9.785971981664705055e+00
1.331915393218439547e+01
6.235429637266207692e+00
9.406707357689937155e+00
1.092088477356830367e+01
6.706530761687792719e+00
8.089479515702448609e+00
6.829756374006795916e+00
7.326491296947791554e+00
2.186900486529681231e+01
8.174515873603938942e+00
1.257273273908704425e+01
6.458101632254525271e+00
1.502334341340674939e+01
6.665429018311677112e+00
1.288999522524303387e+01
1.678289435926146211e+01
1.174635170349439406e+01
6.977705322520311171e+00
6.414077190771655168e+00
6.278535099774497752e+00
7.960382303803957171e+00
6.194598671316161820e+00
7.050021338582789454e+00
6.894337899988097540e+00
9.942806108476970550e+00
3.850261664382693283e+01
7.987746936613781656e+00
7.174037357221825673e+00
6.271229441748814359e+00
7.663802895909462620e+00
9.032193514819773839e+00
1.252864214910961849e+01
6.132178460300845124e+00
6.440846084159081997e+00
6.719417348003318580e+00
6.185129445181533292e+00
1.084255794702452036e+01
2.434377112538065191e+01
7.130230017520886143e+00
6.131865790766219959e+00
6.199694820315983179e+00
1.182515692234623117e+01
7.776948067718126190e+00
1.258916986004602734e+01
7.474817774191899744e+00
9.013809292861706624e+00
2.314610055812544687e+01
7.147340512615720343e+00
7.165120292570185789e+00
9.296258416528839774e+00
9.370413921710241567e+00
1.686111562144800047e+01
6.886995196052302148e+00
6.582297142628714681e+00
9.759127988644454632e+00
1.104252184321762265e+01
7.911066728616544808e+00
6.439176583070640447e+00
6.595774642571514690e+00
6.233229000720061030e+00
6.187717267352603301e+00
7.122659259555269351e+00
8.172246374675600222e+00
2.497827574568457010e+01
6.025012140848377662e+00
1.866977862558404411e+01
7.455845564807079384e+00
6.592503717110901995e+00
8.499611740360482059e+00
1.167861108594194697e+01
6.417834902468801062e+00
1.023647685462726464e+01
7.288672225211815459e+00
7.319581290842767984e+00
1.819247632400604076e+01
7.322673824225320871e+00
8.375718306582621508e+00
8.603240734186979211e+00
7.671797400726445559e+00
6.273195113755130059e+00
8.763930257973903792e+00
2.033698749977286724e+01
9.069754909472647952e+00
6.363437197206948781e+00
6.332481600975697233e+00
6.552971433040583271e+00
6.888970923073947539e+00
6.471204913456568342e+00
1.053032048016057587e+01
8.563339379498227544e+00
1.215644151436942266e+01
6.856916059573041622e+00
9.385292795798049426e+00
8.144987158763703050e+00
1.137030675502941079e+01
6.143826921548423137e+00
1.591007649852532957e+01
6.652463795971305771e+00
1.091927018899758650e+01
9.202705312604617660e+00
2.244174505844996048e+01
5.925777384161870387e+00
6.404599031557126843e+00
1.157813419648002018e+01
1.610503529429617942e+01
6.620888285029466580e+00
1.929040475803726196e+01
1.072715302616306232e+01
6.325612689779232412e+00
1.089411091428402045e+01
8.532130003305258725e+00
7.087893467577748297e+00
