9.477424215018853459e+00
7.219000131460187042e+00
1.732765029397537404e+01
9.876918308568775728e+00
9.147496099408964909e+00
9.936086877673766082e+00
1.665816743572216296e+01
6.503969445247486547e+00
7.500598852122751126e+00
1.466180831041138966e+01
7.054422161273892655e+00
8.509668071571434567e+00
7.166244048548849221e+00
6.692879149057096910e+00
6.945092207413077645e+00
1.351035823217059395e+01
7.015574337030312080e+00
1.003654749041398730e+01
1.498346575851353357e+01
7.551533918579941052e+00
7.217921140401789337e+00
9.263696824720698331e+00
8.328052567034990972e+00
8.505363792057234917e+00
7.962350567849703076e+00
3.339308923263319429e+01
6.754874461785194129e+00
7.578518575369811217e+00
7.315796623361509710e+00
8.553519604860706949e+00
1.408251188054079961e+01
7.456236486341040859e+00
7.998779314800544604e+00
6.619703604147569642e+00
6.776127976161753885e+00
7.208596130568232674e+00
7.346809721003022098e+00
1.006519738958418131e+01
1.073939410042785170e+01
7.810975506427085158e+00
7.946407654796978193e+00
7.531872627003139975e+00
7.783384717925071250e+00
7.433048126452018067e+00
1.983502437517566364e+01
8.514921203771031344e+00
1.790080570153575934e+01
6.914011434545316526e+00
9.899921614522593671e+00
7.122189516561586942e+00
6.826723442358773042e+00
1.139955974214170453e+01
8.549986107749781183e+00
1.403632794261180905e+01
9.757291327954948912e+00
6.855618147333616186e+00
9.448716137598992759e+00
1.157064678014781478e+01
7.119222428792868484e+00
6.739464247228390548e+00
8.688880127958086064e+00
8.468599170210392657e+00
1.029387592316014377e+01
9.349588424246640272e+00
9.015580003314713764e+00
8.204073157613082756e+00
6.861803947777445956e+00
1.127836432113585730e+01
8.170355453217204911e+00
7.467057164379648171e+00
1.238758496858206470e+01
1.077383612418270786e+01
8.770481530059370812e+00
1.529499440754638684e+01
1.708379227687401425e+01
8.328662221862447979e+00
8.344167364941405651e+00
7.215872216587591481e+00
7.832486957399625638e+00
8.477368178971673274e+00
1.114080818065796485e+01
6.962399236966410498e+00
8.146770360222868490e+00
8.716426335821939375e+00
1.098864605990666377e+01
1.480712110622114963e+01
6.436623521767455003e+00
7.241079189180750220e+00
7.996757183896192167e+00
8.855504524651504283e+00
8.159607933214298114e+00
1.251997229506661924e+01
8.630493866915751155e+00
9.555570996682252627e+00
6.464085925782867115e+00
2.080163160601720307e+01
8.272392194308753943e+00
1.007974167224066164e+01
8.412787921859049334e+00
1.344566370450644754e+01
6.697281082645018202e+00
1.116092798657885155e+01
7.146080401876952592e+00
8.463560720134484683e+00
7.263472545630819788e+00
7.736692166000786131e+00
2.159076690931545528e+01
8.544571478881897164e+00
1.273457789732718659e+01
6.909411843074582116e+00
1.506917729716425036e+01
7.106924404384706406e+00
1.674543155706030717e+01
1.194731752588246643e+01
7.404417629248420951e+00
6.867471507246819762e+00
6.738345943724793230e+00
8.340574936804163286e+00
7.951151352281361717e+00
6.658383044045636190e+00
7.473310223844230826e+00
7.324996798902247974e+00
3.743694781524789050e+01
8.366644134985678605e+00
7.591455356287696965e+00
6.731386133657488280e+00
8.058035521249413691e+00
9.361646882747102438e+00
6.598917789649600962e+00
1.563381584167109395e+01
6.892973168155865693e+00
7.158356940534618573e+00
6.649362088623183453e+00
1.108630913171279886e+01
2.394837837574417350e+01
7.549721844699748274e+00
6.598619921809746103e+00
6.663237942671981884e+00
1.202239212608863639e+01
1.275023688923806908e+01
7.877996906236674590e+00
1.002877874664484459e+01
7.844824521723314348e+00
9.344132965094031462e+00
2.280740522288188998e+01
7.566022333389329724e+00
7.582960423166667852e+00
9.683856023192607410e+00
9.091751510279042492e+00
1.681994984495843681e+01
1.043125239370947810e+01
7.318001696668618550e+00
7.027727970160958293e+00
1.005416846689595545e+01
1.127680678886149934e+01
6.891382700816460094e+00
7.040567448747862223e+00
6.695184623662882473e+00
6.651827403963059382e+00
7.542509484454992474e+00
8.542409417444904562e+00
6.496824695998186350e+00
1.854299121101944081e+01
7.859922836329310769e+00
7.037451368051209855e+00
9.183654970395384254e+00
6.871051329845670352e+00
1.050891976122210814e+01
7.700663439323622406e+00
7.730109277794712241e+00
1.808828427675123152e+01
7.733055411448066963e+00
8.736249040805596167e+00
8.953000615627678016e+00
8.065651568279367467e+00
6.733258751260239094e+00
2.013127484900071806e+01
9.397430130707526530e+00
6.819228797858991165e+00
6.789738631534166124e+00
6.999790532067797777e+00
7.319883893284877985e+00
2.032162083500203664e+01
6.921894818338974353e+00
1.078885290564393884e+01
8.914988180733303125e+00
1.233799379134593366e+01
7.289346498718176193e+00
9.698030535235526273e+00
8.516440645752677341e+00
1.158907444786199648e+01
6.610014815759295281e+00
1.591393266774476345e+01
7.094572952311239966e+00
1.115938983602344692e+01
9.524086696196516044e+00
2.213639373009517541e+01
6.402287686986091408e+00
6.858442041634154940e+00
1.178706339207279186e+01
1.609966216462860800e+01
9.607193677161454559e+00
7.064492217877635483e+00
1.277670037818901250e+01
1.913423706313779249e+01
1.097636744990885660e+01
7.773675568339378117e+00
6.783194892814325527e+00
1.113542159485722038e+01
8.885256248324402861e+00
7.509389496063480607e+00
