9.390234975867354450e+00
7.046244218089015021e+00
1.753788869135102857e+01
9.804865013637995119e+00
9.047806616485793541e+00
9.866275348456301941e+00
8.097471289155620866e+00
1.684304061402986719e+01
6.304122606735352186e+00
7.338512089052899867e+00
6.392357579486327879e+00
1.477104387391302964e+01
8.385812700822555144e+00
6.991489324328799881e+00
6.500189679792168995e+00
6.761958530948716017e+00
1.357596790873527226e+01
6.835111071967941321e+00
9.970542190763783452e+00
1.510488820855807646e+01
7.391376972088662178e+00
7.045124346455063247e+00
7.338370170490826183e+00
9.168409929282853810e+00
8.197316188054291075e+00
8.381345341714217412e+00
7.817758552076260692e+00
3.421201144181716813e+01
6.564533857273334938e+00
7.419384017611135640e+00
7.146708114154339597e+00
1.464533133657806729e+01
8.431325671346009187e+00
1.416979918850787712e+01
7.292468931728054216e+00
7.855567503367494098e+00
6.424241675955329356e+00
6.586592620121127339e+00
7.035446032702932229e+00
7.178896229208105773e+00
1.000027757100308534e+01
1.070001809832334594e+01
7.660648225669520528e+00
7.801211597445504964e+00
7.370970757827350006e+00
8.564162302810373717e+00
7.632012083450105955e+00
7.268402016367206286e+00
2.014026160944596455e+01
8.391264862537836322e+00
1.813275968474536270e+01
6.729700176604635153e+00
9.828739863780903363e+00
6.639105036196865761e+00
1.138519595045719335e+01
8.427658297874861759e+00
1.412186544371147079e+01
9.680705632332648136e+00
6.669094497389220777e+00
9.360439213133677328e+00
1.156276509647430650e+01
6.942686159800855350e+00
6.548539783901778044e+00
6.625324904474816812e+00
8.571814704126932583e+00
8.343187789972905222e+00
1.023762022648864800e+01
9.257555770812476936e+00
8.068639474076881868e+00
6.675514664077733862e+00
1.125940870403573157e+01
6.851158740290696159e+00
8.033644280723779119e+00
7.303699581232740989e+00
6.287860096194154202e+00
1.241065525904674161e+01
1.073576505388775715e+01
8.656507802176866662e+00
1.542821998642574499e+01
1.728479143541181529e+01
1.300642764200810753e+01
8.197948941349563867e+00
8.214041539874211040e+00
7.042997793466705403e+00
1.139721952411671069e+01
7.682974697758227833e+00
8.352289037006602967e+00
1.111664086680660546e+01
6.779921285425583477e+00
7.701241088594843021e+00
8.009165600921111405e+00
1.095871366114070256e+01
1.492186224892269664e+01
7.853468758412847528e+00
6.396258469484869202e+00
8.744752129260275453e+00
8.022489561050335283e+00
1.254805844739647291e+01
8.511216317286841360e+00
6.262727989270313600e+00
8.139546967386392495e+00
1.001537290423721771e+01
8.285261977337448513e+00
1.350882224905711126e+01
6.504758392870264139e+00
9.640373322926910404e+00
1.113752296750247694e+01
6.970561721853202108e+00
7.092401593291901563e+00
2.196252532998562401e+01
8.422038520741100598e+00
1.277079497944477637e+01
1.519384716710569805e+01
6.929922190552776584e+00
1.308448967162856036e+01
1.693361097917578917e+01
1.195370706045490117e+01
7.238686773191937540e+00
6.681396954791901877e+00
6.547379110361362109e+00
8.210313002611002275e+00
7.806135023095292169e+00
6.464386593952417215e+00
7.310189555236969561e+00
7.156256863919463029e+00
1.017044334364017999e+01
3.840908284767797198e+01
8.237369904831012946e+00
7.432810944434880440e+00
6.540155608543249066e+00
7.917068795914062207e+00
9.270071097532515125e+00
1.272720021279351243e+01
6.402668333096107389e+00
1.577987861241510359e+01
6.707864817012273662e+00
6.983303391303403274e+00
1.106007696989939504e+01
6.402359179705147341e+00
6.469425433908539524e+00
1.203162607057716293e+01
8.028941587029835958e+00
1.278704725579200741e+01
7.730208917512436884e+00
9.962479106541918483e+00
7.695779705001443816e+00
9.251893616425157063e+00
2.322525936799016932e+01
7.406414320767017223e+00
9.531166441838170300e+00
8.989949988641656731e+00
1.701095259955182115e+01
1.038020158649453606e+01
7.148996732793201581e+00
6.847725179273586704e+00
9.988830786921365501e+00
1.125779216032163532e+01
8.161552008628639499e+00
6.706214090396642291e+00
6.861051117197066951e+00
6.502582503711996864e+00
6.457582575222387433e+00
7.382010622191379490e+00
8.419794543596614389e+00
2.503683072157761558e+01
6.296707158800253445e+00
1.879927617735954470e+01
7.711450061225558983e+00
8.743478502782572548e+00
1.188672822400650197e+01
9.085335466811509164e+00
6.685112408920858229e+00
7.546156679265842548e+00
7.576718155178954639e+00
1.832734140692309666e+01
7.579775911295228319e+00
8.620978319910559406e+00
7.924973398056315510e+00
9.004824610939994756e+00
2.044773635596884631e+01
9.307210093309763010e+00
6.631326436257104717e+00
6.600718953006300183e+00
6.818729253679671309e+00
7.150950241660271267e+00
2.064529412876068193e+01
6.737882244307010993e+00
8.806489489001362969e+00
1.235918518221082962e+01
7.119255853014631263e+00
9.619199579751919416e+00
8.392841872802598857e+00
1.158189094760382076e+01
6.414185800886727407e+00
6.917102769383777883e+00
1.113592653983763547e+01
9.438665394853632762e+00
2.252882473956700338e+01
6.198588352414171609e+00
1.178738125332227682e+01
1.626337481824586817e+01
9.524921114807575862e+00
6.885882342709771287e+00
1.281451338758326841e+01
1.941292302209050646e+01
1.094596984187188049e+01
7.621935075743524024e+00
6.593927286555217648e+00
1.111105019522953441e+01
8.775631079686345259e+00
7.347635790974959669e+00
