9.401127722176509494e+00
1.735600373635913485e+01
9.805947398785153979e+00
9.066801394899776767e+00
9.865904733317021780e+00
8.138951492977380298e+00
7.397949660122488780e+00
6.474181655652868628e+00
1.465462389845859192e+01
6.945825069005905128e+00
8.420470597699015514e+00
7.059137633510088605e+00
6.579462392689070072e+00
6.835037657426710211e+00
1.348782404877274388e+01
6.906459371487099652e+00
9.967704568203242133e+00
1.498056930346418270e+01
7.449563732681142803e+00
7.397811099427002546e+00
9.184551170933717756e+00
8.236434009923103261e+00
8.416108938617931301e+00
7.865856903939377531e+00
3.363560811782073046e+01
6.642284153648857270e+00
7.210683866481078397e+00
1.453188578478207660e+01
8.464906707798194319e+00
1.406760497330532900e+01
7.352995907715878410e+00
7.902771275886292912e+00
6.505311357907290315e+00
6.663820994757725380e+00
7.102054303427379978e+00
7.242110394083295155e+00
9.996736393965388601e+00
1.067992069846684799e+01
7.712463889121099925e+00
7.849701458814135613e+00
7.429640340004413979e+00
8.594600355852058726e+00
7.684505292838707646e+00
7.329498428021136824e+00
1.989680316512853864e+01
1.793679977435136053e+01
6.803542552432118917e+00
9.829257357624358704e+00
7.014495818574218333e+00
6.715090939906942502e+00
1.134888688820938185e+01
1.402080536570464275e+01
9.684725692663217700e+00
1.152225465638367830e+01
6.626668508326242879e+00
6.701636853229242519e+00
8.602071697395242467e+00
8.378854214287899893e+00
9.271587775741856774e+00
8.933126749335395189e+00
8.110801853556727892e+00
6.750639097159186086e+00
1.122607583310199431e+01
6.922127343676645062e+00
8.076634664579703582e+00
7.363960834244205778e+00
6.372156636866951551e+00
1.235008329913650371e+01
1.071482186257241054e+01
8.684760912937615984e+00
1.529625088422339374e+01
1.710889489241058214e+01
1.293175939935236229e+01
8.237051791948116986e+00
8.252763631267736599e+00
1.136062597789689299e+01
7.734262105331769277e+00
8.387740121109139579e+00
1.108668595674870261e+01
6.852575403841378865e+00
7.752096303912857422e+00
8.052735163002820329e+00
8.629985118743100259e+00
1.093249539045706697e+01
6.319790668267006417e+00
7.134970387782793466e+00
7.900722188322854223e+00
6.477990248576299237e+00
8.770917333597649801e+00
8.065743871343537208e+00
1.248423545697776404e+01
8.542907099732444109e+00
9.480316264364631706e+00
6.347619168592570027e+00
2.087629606105529234e+01
8.180031638897469648e+00
1.001147456380710565e+01
8.322298956341658283e+00
1.342226709013381480e+01
6.583923007652560777e+00
9.645347666559999311e+00
1.110707397614079639e+01
8.373748597550958905e+00
7.157662265992419393e+00
7.637190291002117881e+00
2.167595118347011152e+01
8.455839295980396741e+00
6.798881644644549915e+00
1.506742344703834036e+01
6.999027209964947538e+00
1.300797444097423039e+01
1.676602354741800127e+01
1.190394673128085756e+01
6.756382209832427321e+00
6.625535296922153705e+00
7.854508393666396415e+00
6.544506426379514963e+00
7.370297252106539965e+00
7.220006687887645214e+00
1.016287595640325137e+01
3.773337464327398294e+01
8.275540035043011500e+00
7.490017355809831301e+00
6.618482706893431100e+00
9.283806983358118714e+00
1.265913863554401786e+01
6.484248451498979549e+00
1.563958908522560520e+01
6.782223828742102611e+00
7.051145383894264818e+00
6.535365214242014886e+00
2.406499153930514368e+01
7.447727502373825637e+00
6.483946612837159229e+00
6.549426044775924716e+00
1.198002213731983900e+01
8.072043239051037489e+00
1.271756966654914578e+01
7.780378739014583545e+00
9.959832260724716946e+00
7.746764139480190714e+00
9.266059590856102091e+00
2.290880828098337219e+01
7.464245289911664472e+00
7.481409178281326788e+00
9.538724676765331978e+00
9.610311435217298026e+00
9.010313684796907197e+00
1.684153522505080858e+01
1.036767121073373765e+01
7.212918335219151267e+00
6.918775022489217719e+00
9.985560446715918914e+00
1.122449753764833602e+01
8.201516029481767944e+00
6.780612159172038744e+00
6.581798601157260897e+00
6.537863394252033444e+00
7.440418995467195984e+00
8.453648412495851971e+00
2.467751691930547153e+01
6.380794373395627161e+00
1.858754614199309785e+01
7.762063726970515276e+00
6.928628041227219647e+00
8.769673841781195023e+00
1.183855264874778612e+01
9.103442293214902392e+00
6.760009754394865844e+00
1.044637394778829176e+01
7.600681271926349680e+00
7.630519647511363246e+00
1.812677759233452690e+01
7.633505055536295103e+00
8.650072076599435889e+00
8.869713127219686299e+00
7.970534991206417175e+00
6.620380288020654369e+00
9.024836365837733965e+00
2.019700290010666421e+01
9.320067251285045984e+00
6.707496385665255190e+00
6.677613091299956061e+00
6.890465155493063598e+00
7.214825623055968862e+00
2.038988635380703585e+01
1.073003883001445402e+01
8.831193955473469970e+00
1.229983103094154728e+01
7.183881140039680702e+00
9.624674905100697231e+00
8.427333455834153497e+00
1.154092797998257680e+01
6.495493410044236526e+00
1.592344009773028191e+01
6.986511102931682871e+00
1.110551532078025971e+01
9.448412252398828315e+00
2.222885165610112068e+01
6.284997108720819625e+00
6.747232374056918225e+00
1.611164552073688583e+01
9.532627117402689976e+00
6.956029367701621169e+00
1.274438593545530551e+01
1.918667378496747844e+01
1.092005309654391709e+01
7.674666712346818187e+00
1.108122756335293246e+01
8.801065672084430247e+00
7.406857490537817057e+00
