9.434927085900532973e+00
7.070311742315307235e+00
1.765427134991652025e+01
9.853205419964041312e+00
9.915156099370177500e+00
8.130788475675926108e+00
1.695330936035150415e+01
6.321660262700979693e+00
7.365151254725852858e+00
6.410671607867517885e+00
1.486308128787283067e+01
6.897995304339048950e+00
8.421666980190547491e+00
7.015075064656859816e+00
6.519452514135205767e+00
6.783524648320634398e+00
1.365748994557262996e+01
6.857320852653905341e+00
1.002034037722165394e+01
1.519986309191837748e+01
7.418481291607774253e+00
7.069182017021083730e+00
7.365008087433786876e+00
9.211150218605045126e+00
8.231511901794842601e+00
8.417160313149381068e+00
7.848614568761306032e+00
3.447510836291989733e+01
6.584362850849393212e+00
7.446734768867086629e+00
7.171659612107072590e+00
1.473626261605134680e+01
8.467580415674357042e+00
7.318702967369706158e+00
7.886756197968433746e+00
6.442836249932237358e+00
6.606615706974063862e+00
7.204130947791586692e+00
1.005033739667570813e+01
1.075623488451314458e+01
7.690121841251928103e+00
7.831922018810050901e+00
7.397895524711439741e+00
8.601585865955453158e+00
7.661233731924528279e+00
7.294424289159829655e+00
2.027954233762741154e+01
8.427167115037443423e+00
1.825437656524904639e+01
6.750982455315948982e+00
9.877290342989601513e+00
6.968949085461933812e+00
6.659590175567579706e+00
1.144744156135861779e+01
8.463880773279541359e+00
1.420819078897251586e+01
9.727953570266928196e+00
6.689843511612518334e+00
9.404869152651404107e+00
1.162657312398361853e+01
6.965842485016627172e+00
6.568228046914987850e+00
6.645688793576865372e+00
8.609305600134590009e+00
1.028976841106262263e+01
8.951366926720506711e+00
8.101702971779477735e+00
6.696320168830408370e+00
6.873509723117165571e+00
8.066399858539854861e+00
7.330032434454457402e+00
6.305254659639906833e+00
1.248192380377642152e+01
1.079229637465920177e+01
8.694743905929984251e+00
1.552603984004652737e+01
1.739894711161601037e+01
1.308293833993015198e+01
8.232150222635375769e+00
7.067036752664332511e+00
1.145957092947394784e+01
7.712644762169553303e+00
6.801645455626766257e+00
7.731071877507296186e+00
8.041705792806013164e+00
8.638147032639073686e+00
1.101720668874292386e+01
1.501522670161177508e+01
6.251147729139139742e+00
7.093428958890362956e+00
6.414606821482835564e+00
8.783764687736972832e+00
8.055146989386814838e+00
1.262053599170896057e+01
8.548174012971504254e+00
9.516748334760890771e+00
6.279901417332304447e+00
2.129159950877958707e+01
8.173234374409133807e+00
1.006556555253063578e+01
8.320231518991530351e+00
1.358975347664532940e+01
6.524061426951544007e+00
9.687266380120568954e+00
1.119758932378352867e+01
6.993963321893353680e+00
8.373391657830325130e+00
7.612345692908694339e+00
8.458211548179601635e+00
1.284523236455540385e+01
6.746166590729178125e+00
1.528960479317424870e+01
6.952966206631611357e+00
1.316168723105926297e+01
1.704467664684248973e+01
7.264447583954213528e+00
6.702254217346594878e+00
6.567057160701613050e+00
8.244623074275599706e+00
7.836888765285419112e+00
6.483334399828040162e+00
7.336579513217008852e+00
7.181292380551972165e+00
1.022200044423485643e+01
3.870910946189513169e+01
7.460279838138058395e+00
6.559770099873047933e+00
7.948798635432553716e+00
9.313705895282623715e+00
1.280125401106509564e+01
6.421073084967503952e+00
1.588079268195050986e+01
6.728954968153953331e+00
6.473889278444053375e+00
1.111946188508787259e+01
2.458630653402033772e+01
7.416584013885664461e+00
6.420761211360766829e+00
6.488417576130924402e+00
1.209955956801838184e+01
8.061655786223026254e+00
1.286162764337266040e+01
7.760294592017405790e+00
1.001220634657141773e+01
7.725562439639717560e+00
9.295368471983680436e+00
2.339168474287041732e+01
7.433650952705491477e+00
7.451385472661286258e+00
9.577098596484649562e+00
9.651065332284508358e+00
9.031120023325840407e+00
1.712269878990429106e+01
1.043360433296648182e+01
7.173968368116928396e+00
1.003878989326319626e+01
1.131891675553942100e+01
8.195433036236181579e+00
6.883489142250841297e+00
6.521866392319898509e+00
6.476470513085450520e+00
7.409032527952454039e+00
2.521919596682781872e+01
6.314179566837012203e+00
1.892675768277610970e+01
7.741370678065585764e+00
6.880226543219598589e+00
8.782479854722517132e+00
1.195338677697112217e+01
9.127344790632271554e+00
1.051492362558881766e+01
7.574622892956783815e+00
7.605453276833915588e+00
1.845067039632149175e+01
7.608537937899873427e+00
8.658901802612062326e+00
8.885845051801533501e+00
7.956772789532131185e+00
6.561730768087830512e+00
9.046125526227234204e+00
9.351171674091181885e+00
6.651743132353722388e+00
6.620866336324040979e+00
6.840794892066508481e+00
7.175939065751111734e+00
2.078901859738577684e+01
6.759236516372754799e+00
1.080801924624607224e+01
8.846045269531835231e+00
7.143965800733605320e+00
8.428758001288455759e+00
1.164586726193612343e+01
6.432691894029175295e+00
1.617408062098385813e+01
6.940033988408692345e+00
1.119597884928029963e+01
9.483783640241114199e+00
2.268912224226809116e+01
6.215197420979618137e+00
6.692800185622651554e+00
1.185316566029688801e+01
1.636854313193789778e+01
9.570798317324738846e+00
6.908538855716017224e+00
1.288933544744442727e+01
1.954580395664828529e+01
1.100435073763521032e+01
7.651068057439106340e+00
6.614014910547104442e+00
8.814915339559719953e+00
