1.008257489543111696e+01
6.124048079205557826e+00
2.023382244946330388e+01
1.073451733430669464e+01
1.082984165468874593e+01
7.956725655476249770e+00
1.958670858976559970e+01
4.774074621807069541e+00
6.642942811155061023e+00
4.937016014243288176e+00
1.741504790050147022e+01
5.817445381387372549e+00
8.443106342803206488e+00
6.026033695813869606e+00
5.135254460390907383e+00
5.612405962968530559e+00
1.599767046235582768e+01
5.744713960721646195e+00
1.099096085804481326e+01
1.778944553122113703e+01
6.736029350733122811e+00
6.122045980613163962e+00
6.642692597881957539e+00
9.727829121215433972e+00
8.125940717781450218e+00
8.435624235981432406e+00
7.478192645401764871e+00
2.353697042864234845e+01
5.253077082026933020e+00
6.785249631871280052e+00
6.303225914191568968e+00
1.727162584800742806e+01
8.519237211410249699e+00
6.561675989989876889e+00
7.543262350076960665e+00
4.995733932485484807e+00
5.293389111536184188e+00
6.360453326692200093e+00
1.103674149752357181e+01
1.209251560055470520e+01
7.206510963602074327e+00
7.449677150148771965e+00
6.700125256356957770e+00
8.740436814067514604e+00
7.156767625331403870e+00
6.519126317429723372e+00
2.229520346828850563e+01
8.452235552324056655e+00
2.075544061021148678e+01
5.553918060286423319e+00
1.077161494992983215e+01
5.943991796793393512e+00
5.389189392087051722e+00
1.308626052732805611e+01
8.513109167419818490e+00
1.666007263424252471e+01
1.054081807070101640e+01
5.443795796030830303e+00
1.003516661762933992e+01
1.333733025146798035e+01
5.938459902661962886e+00
5.223822481789450300e+00
5.364072335250827273e+00
8.753134212610763853e+00
1.139947877122264508e+01
9.310792825222954150e+00
7.907705482893863547e+00
5.455476108950763070e+00
5.773678293076535795e+00
7.848111976679739143e+00
6.581514748570692852e+00
4.743971299489743387e+00
1.449948110699458681e+01
1.214534104333522002e+01
8.893332762330219410e+00
1.814308386432525211e+01
2.000283200503906400e+01
1.527976218220169358e+01
8.127010411111193378e+00
6.118243852782132564e+00
1.310334500048471007e+01
7.245245854026986621e+00
5.644936308200676933e+00
7.276905482715573470e+00
7.806365642964995466e+00
8.800528785330339332e+00
1.247237102345394177e+01
1.758535198045965231e+01
4.644529990007653097e+00
6.164993148131332035e+00
4.944204521580758183e+00
9.038765708554558742e+00
7.829094812540760451e+00
1.468209625335825130e+01
8.652449699232260372e+00
1.021124612052693692e+01
4.697405666379911082e+00
2.293718163354239081e+01
8.028137248735706777e+00
1.105995372973889523e+01
8.274292245753857244e+00
1.591445704020624952e+01
5.143631901128824957e+00
1.047761615807914026e+01
1.273162317780711739e+01
5.988505233796257876e+00
8.362870526858353415e+00
7.072428062049104014e+00
8.503716526699449219e+00
1.497473713431401343e+01
5.545255070867616709e+00
1.788762292645931851e+01
5.915522698488411280e+00
1.537977929910713293e+01
1.967336733320969699e+01
6.466523086783563024e+00
5.466174800587996430e+00
5.221698664869205864e+00
8.147905539964220623e+00
7.458164143524779632e+00
5.069542958642385244e+00
6.592974326647981442e+00
6.320211810260046192e+00
1.129729305278956630e+01
2.067061108949304327e+01
6.808822963752001911e+00
5.208478442131949215e+00
7.648849060242739917e+00
9.890922787824001361e+00
1.491779011721238035e+01
4.956013741660521887e+00
1.851768415773870657e+01
5.514278319459680056e+00
5.052341123305625459e+00
1.261966710650506762e+01
2.443852891910960778e+01
6.732721737189099720e+00
4.955444252148509143e+00
5.078797580673465539e+00
1.398747094696735083e+01
7.840095853177313501e+00
1.499592611591534030e+01
7.327055272037493516e+00
1.097853405508932134e+01
7.267442669077507134e+00
9.861824955217242561e+00
2.399822393075272942e+01
6.762464595646589416e+00
6.793345258616368731e+00
1.030579639623475607e+01
1.042126738861402480e+01
9.439417938614061754e+00
1.974682045773162997e+01
1.161510306399394743e+01
6.307297749439036316e+00
1.101912684742854687e+01
1.290448074281348312e+01
8.065425073111628151e+00
5.791522147609188487e+00
5.139642292232136533e+00
5.057042906675018656e+00
6.719553916666246351e+00
2.462381820094837082e+01
4.760350751726011076e+00
2.130439153058223667e+01
7.294587581378103813e+00
5.785689316023072237e+00
9.036671357157054274e+00
1.378853156924950518e+01
9.593906020309967531e+00
1.173624925797069984e+01
7.007214769624301454e+00
7.060521611757218707e+00
2.091957688037259544e+01
7.065850762132224183e+00
8.834592002712176040e+00
9.204724867821319378e+00
7.662396687805847151e+00
5.212035929547102597e+00
9.463559704920180948e+00
9.950286781637748490e+00
5.375013302578130592e+00
5.319183176711773875e+00
5.715124097255849911e+00
6.310773018544027835e+00
2.262900063879501289e+01
5.568761354132085728e+00
1.216833925392718996e+01
9.140122408273875010e+00
6.254349285950197235e+00
8.454875662174167417e+00
1.336421399464647664e+01
4.977224246454947654e+00
1.881949692748119318e+01
5.892472001217081257e+00
1.272932049069200566e+01
1.015947299832182793e+01
2.368399003522755919e+01
4.578323831022059309e+00
5.449128434839411561e+00
1.365110755121199837e+01
1.901567740721796440e+01
1.029593992415815151e+01
5.836276277112236954e+00
1.503168452545132716e+01
2.177663691632253773e+01
1.245379095863663110e+01
7.139246564770891368e+00
5.306783994059283138e+00
9.089501144052899662e+00
