9.979922293608769479e+00
1.978410245333160233e+01
1.060835335957112946e+01
9.450452797283208639e+00
1.070024877079181103e+01
7.931405187898694642e+00
6.665863431633039404e+00
5.023019382869367888e+00
1.705602809005559095e+01
5.870832823626937369e+00
8.400009169478613202e+00
6.071711996064485639e+00
5.213903451627778018e+00
5.673378264348929001e+00
1.568646416271794841e+01
5.800791123317495135e+00
1.085557764170875394e+01
1.741800017621969232e+01
6.755521668740347430e+00
6.665622435541891377e+00
9.638012544819241967e+00
8.094430319883851865e+00
8.392800168938359562e+00
7.470406776395891235e+00
2.313201683735434244e+01
5.327357874641682756e+00
6.338670687060729669e+00
1.691739039761034746e+01
8.473361810681733886e+00
1.638141864960054761e+01
6.587590829981273544e+00
7.533089632911448064e+00
5.079558320704822272e+00
5.366175855463161781e+00
6.147510073887707982e+00
6.393786951562753451e+00
1.089971423202439027e+01
1.191773134742866880e+01
7.208699207560610667e+00
7.442937517657286506e+00
6.720939714743215276e+00
8.686495947516462479e+00
7.160783531684836944e+00
6.546609324349558001e+00
2.178566505855711455e+01
2.028986827771916168e+01
5.617055192908712691e+00
1.064411626355752993e+01
5.992701405214604371e+00
5.458426593151907369e+00
1.287623615993208048e+01
1.632637915043498467e+01
1.042162869456766394e+01
1.311845261107133531e+01
5.299187669583576010e+00
5.434240021736127524e+00
8.698730675072232188e+00
8.331159438699774711e+00
9.775895086141909829e+00
9.236102820442322781e+00
7.884179224989283696e+00
5.522258131065418851e+00
1.270311257829262885e+01
5.828684207384750238e+00
7.826767551516384813e+00
6.606698538141890786e+00
4.837142094642958412e+00
1.423991538703094761e+01
1.196867589923194330e+01
8.833822872565319173e+00
1.775999187262240042e+01
1.956024816095523633e+01
1.499317592724101011e+01
8.095460901366342554e+00
8.121660457457767990e+00
1.289271752853912645e+01
7.246011217309177077e+00
8.345872517552804126e+00
1.250506970111652194e+01
5.704704789822276467e+00
7.276508069636867582e+00
7.786550037123643797e+00
8.744398568934627747e+00
1.228408025068863552e+01
4.741395053734120069e+00
6.205539669443037809e+00
7.529613184192777808e+00
5.029941101646079993e+00
8.973963194311044944e+00
7.808446785798055068e+00
1.441618388214725677e+01
8.601715847153581507e+00
1.010394500741505652e+01
4.792306202589242226e+00
2.241118177182782034e+01
8.000203845927927659e+00
1.092209308798047473e+01
8.237359737099163581e+00
1.560609176845322743e+01
5.221970233287301255e+00
1.036070453458687624e+01
1.253413946809369151e+01
8.322702649933523489e+00
6.245490978431444518e+00
7.079543781276268710e+00
2.286157127562134406e+01
8.458407423496803190e+00
5.608712895745316729e+00
1.751293517202386596e+01
5.965284449587167970e+00
1.508974859433719828e+01
1.924107225858301007e+01
1.364274750395537161e+01
5.532560621113463029e+00
5.297142582435467872e+00
7.451113106590700141e+00
5.150629091506483626e+00
6.617735866198778183e+00
6.355029907167008218e+00
1.115091949173316621e+01
2.043672927513277671e+01
8.159603060710406197e+00
6.825635404852327781e+00
5.284412448313713817e+00
9.795201247871535344e+00
1.464370663918832705e+01
5.041312060722397348e+00
1.812235820013381726e+01
5.578882959608603365e+00
6.057579095678625514e+00
5.134065355974317235e+00
2.388437568797406385e+01
6.752335846094550398e+00
5.040763705485483470e+00
5.159540433308893448e+00
1.374576967062329480e+01
7.819044965737710129e+00
1.471913895596722277e+01
7.324816361539332021e+00
1.084359719724532667e+01
7.267392781539567359e+00
9.767156481317771366e+00
2.344978148820516850e+01
6.780983600102684861e+00
6.810727429480657236e+00
1.019508198387457476e+01
1.030638736387057008e+01
9.360058360026362934e+00
1.931222081696584780e+01
1.145735398609926392e+01
6.342592291988837339e+00
5.822717949113508595e+00
1.088273208501204614e+01
1.270087937755669039e+01
8.036127711040734312e+00
5.575995619371694190e+00
5.218128568968132264e+00
5.138592722813650759e+00
6.739652901832688947e+00
8.454793073908275503e+00
2.406871283972328968e+01
4.852913187827324393e+00
2.082259136823450163e+01
7.293540830125141206e+00
5.840251041393214493e+00
8.971945029056247023e+00
1.355379812572801868e+01
9.508942800275361762e+00
5.539066582641315684e+00
1.157417127364933229e+01
7.016728211286317851e+00
7.068075043224688159e+00
2.044909949817532890e+01
7.073208276955583962e+00
8.777221084992410383e+00
9.133888256671879091e+00
7.647856008428346009e+00
5.287838052983279802e+00
9.383324097392621965e+00
2.198601677136163346e+01
9.852417436401385231e+00
5.444775658293866449e+00
5.391014071060379109e+00
5.772295783191501606e+00
6.345939343287310130e+00
2.211071642463426201e+01
1.199085549766356706e+01
9.071633968193317799e+00
1.417349405863509482e+01
6.291597579362913528e+00
1.032866783786790066e+01
8.411348916839390455e+00
1.314438963716414221e+01
5.061735459445716678e+00
1.841439738182181074e+01
5.943085742277855132e+00
1.253191834035012064e+01
1.005404182161532489e+01
2.314129547383500096e+01
4.677649284067907587e+00
5.516145537090012319e+00
1.860426757924462748e+01
1.018558123350720557e+01
5.888967463370120115e+00
1.475366091580817063e+01
2.128132925409084564e+01
1.226615982389732018e+01
7.143906333959545663e+00
1.249728100460088598e+01
9.022853315388102757e+00
6.681353244288763982e+00
