9.983234980663645786e+00
6.124223543953767113e+00
1.963228127359170827e+01
1.061548284393749597e+01
9.449666432793359050e+00
1.070783677693170866e+01
7.914755367588734103e+00
1.903746417032397176e+01
4.801569927039200714e+00
6.631806239406916603e+00
4.961368597113747114e+00
1.701126786450295469e+01
5.824087448945774348e+00
8.388869691825259878e+00
6.028293672749969190e+00
5.155727662512226139e+00
5.623284847883582849e+00
1.567065218864869536e+01
5.752866874127442465e+00
1.086388106150210042e+01
6.722813320031351125e+00
6.122264188555472053e+00
6.631561594797118708e+00
9.638767584147423406e+00
8.381579950014387492e+00
7.447831143147478627e+00
2.115097334378300786e+01
5.271215175170201661e+00
6.770927792988273630e+00
6.299548220075855021e+00
1.687616632646517800e+01
8.463036607587238080e+00
1.635252645263238591e+01
6.552342215989018115e+00
7.511348402746877539e+00
5.310723187369254639e+00
6.105326166221230366e+00
6.355533293755821767e+00
1.090820712317634822e+01
1.192881848100111597e+01
7.182544461063023356e+00
7.419993425596128844e+00
6.687713122340083416e+00
8.678460795447632492e+00
7.133956999955915812e+00
6.510731786988546155e+00
2.148211037087551745e+01
8.397764031738347512e+00
2.010772460063024170e+01
5.565992810271179536e+00
1.065142728336878264e+01
5.947984068238070243e+00
5.404602289396226666e+00
1.288639754009624028e+01
8.457067096833892350e+00
1.629863835928791005e+01
1.042774698321801985e+01
5.458106998588831082e+00
9.937217765839564620e+00
1.312781450724554588e+01
5.942568569957015434e+00
5.242542428326808057e+00
5.379990357606566853e+00
8.690823520549168180e+00
8.319243634560185896e+00
1.125921831386972194e+01
9.777721181193996358e+00
9.233437805163084988e+00
1.271370092345882519e+01
5.781230585684212997e+00
7.808815863911116040e+00
6.571741958683301910e+00
4.772042730110221953e+00
1.424228390977849124e+01
8.827303766271498375e+00
1.769486676547937520e+01
1.942054425175792431e+01
1.498748895881178989e+01
8.080800203998927955e+00
8.107311487982363118e+00
6.118543214250658835e+00
1.290283204430061659e+01
7.220376079313120421e+00
8.334123588642183833e+00
1.251600260489639993e+01
5.655147637811666961e+00
7.251295340703673986e+00
7.768091167085391824e+00
8.736965836943578978e+00
1.229522084472169041e+01
1.717151350270414412e+01
4.674494671857262418e+00
6.164292965211704889e+00
7.507825910723370910e+00
4.968417506800298256e+00
7.790264522474176445e+00
1.441692460985016133e+01
8.592783377300388992e+00
1.010810312197753014e+01
4.726365539940255545e+00
2.203592058748548155e+01
7.984395959479806848e+00
1.093067969349594648e+01
8.224367657025963396e+00
1.559159669208064969e+01
5.163939799785466356e+00
1.036647011082492575e+01
1.254503127131517815e+01
5.991559026251874087e+00
8.310690689794613562e+00
6.204885533733753178e+00
7.051566724178679912e+00
2.242231763244377163e+01
8.447917292442284065e+00
1.469649190689422902e+01
5.557506471698188122e+00
1.745543486872424310e+01
5.920113435103523614e+00
1.508281401245938724e+01
1.911740632637934212e+01
1.364953742294460248e+01
6.459285311532914520e+00
5.240460799508428913e+00
8.101171047888685806e+00
7.428278855790873436e+00
6.316165965960083284e+00
1.116037241700762195e+01
8.145702623308382684e+00
7.614398687534306376e+00
1.464211797544687244e+01
1.804503991534359031e+01
6.013929331581408633e+00
5.074444391452315628e+00
1.243717895957399122e+01
2.322474874971040393e+01
6.719579860955920303e+00
4.979438805166444659e+00
5.100381895851875846e+00
1.375191352542451995e+01
7.800996181049921319e+00
1.085184812652958186e+01
7.242054013914382971e+00
9.768916274163199631e+00
2.290226671464766639e+01
6.748655198659310628e+00
6.778841121682654070e+00
1.019983287919975901e+01
1.031182912734373147e+01
9.358494829592233444e+00
1.918510014750149395e+01
1.146769923315699025e+01
6.303531848456835007e+00
5.775163790098266858e+00
1.089115280286734766e+01
1.271147245755974708e+01
8.020754994704438090e+00
5.524222987109334682e+00
5.798703726158678684e+00
5.160028927614129124e+00
5.079054028136444465e+00
8.444262998166101042e+00
2.334553960047329468e+01
4.788108880981409854e+00
2.060340232282393558e+01
7.268563121173911235e+00
5.792992132512704728e+00
8.966796766715448896e+00
1.356110794985483992e+01
9.508647471243664384e+00
5.486652371593173427e+00
1.158477394478608957e+01
6.987851663736450725e+00
7.039934400921485924e+00
7.045140888424699099e+00
8.770126060743677954e+00
9.130284142520808999e+00
7.627619311841168148e+00
5.230989916813365781e+00
9.381962707323836526e+00
2.166126651826076710e+01
9.854814936756156385e+00
5.390711417902497971e+00
5.336001428897291454e+00
2.177198322803714348e+01
5.580533142890323539e+00
1.200199211938731736e+01
9.067444374697641862e+00
1.417643683162258839e+01
6.251728151278273415e+00
1.033424348955352734e+01
1.315365168054376888e+01
5.000794966889896997e+00
1.832631635949738325e+01
5.897546301838311855e+00
1.254281339814853702e+01
1.005786510515010690e+01
2.265493041897583737e+01
4.609540630689502372e+00
5.463331791799665105e+00
1.342921638368712323e+01
1.850870997061792878e+01
1.019027146756704205e+01
5.842525736005081072e+00
1.475085193569021591e+01
2.102516400154425824e+01
1.227730923294075183e+01
7.116841977273494990e+00
5.323850335311446358e+00
1.250822437146326749e+01
9.018197856429262416e+00
6.647530300315340313e+00
