1.011955380813076744e+01
6.283219904723678972e+00
1.985023574007438540e+01
1.074993731337347214e+01
9.588011594366964374e+00
1.084206999455857456e+01
1.923873569320171129e+01
4.972045289366608500e+00
6.786849348728616782e+00
1.717355325652368592e+01
5.985542736531967556e+00
8.532380380359652960e+00
6.188066322893927662e+00
5.322969322373876544e+00
5.786434166391200229e+00
1.581778045806977140e+01
5.914918559105820428e+00
1.099777104894500290e+01
1.753076656091537089e+01
6.877175621560104979e+00
6.281276313594524652e+00
9.776348851778458027e+00
8.225039783054569398e+00
8.525131086122533119e+00
7.597085969349517853e+00
2.231290769560419562e+01
5.437427070191387379e+00
6.924933664148971602e+00
6.457149522429813437e+00
8.606139490652411794e+00
1.650651606134816518e+01
6.707986829701249931e+00
7.660183273634245005e+00
5.187421009750598166e+00
5.476585631454979897e+00
6.264474727643452034e+00
6.512695641620577902e+00
1.104200670604844170e+01
1.206144881489274390e+01
7.333601843791498709e+00
7.569433732111169100e+00
6.842336977094820583e+00
7.285352915189156064e+00
6.666693976456997461e+00
2.177865344883461773e+01
8.541225457794194398e+00
2.034140178493653295e+01
5.729632539404109437e+00
1.078579405325625729e+01
6.108413591180320346e+00
5.569640191989259748e+00
1.301966420552599502e+01
8.600202552238705778e+00
1.645202500540005985e+01
1.056269202915140859e+01
5.622678655890298138e+00
1.007369542518314809e+01
1.326153365553714281e+01
6.103042615620928757e+00
5.409008841032952652e+00
8.832716645305156433e+00
8.463143303130049588e+00
1.139241529313359003e+01
9.914772903817649308e+00
9.372716355973635061e+00
8.013513573699864168e+00
5.634023314425704143e+00
1.284671868558029573e+01
7.955744948039497721e+00
6.727239122124039739e+00
1.437979578676302062e+01
1.211241948460063789e+01
8.968503394018471297e+00
1.786777206698254616e+01
1.963221210847445874e+01
8.226076489499572375e+00
8.252431341799226772e+00
6.277585287424187754e+00
7.371171657420979351e+00
8.477939629684563272e+00
1.264880983458515651e+01
5.818025569262849750e+00
7.915275165477225094e+00
8.878621846820566432e+00
1.242788432870062820e+01
1.733609275320852916e+01
4.846157739024826938e+00
6.322967780558854223e+00
7.656683952312539176e+00
9.109340295098180107e+00
7.937309489806508189e+00
1.455530524184423946e+01
8.735189230200557375e+00
1.024400647535892439e+01
4.897542068584485264e+00
2.236955011017891337e+01
8.130248121099869607e+00
1.106443465230377399e+01
8.368806869678419247e+00
1.573803244720744310e+01
5.331107829277619281e+00
1.267786451701817008e+01
6.151631351307312201e+00
8.454638549293338912e+00
6.363236240168284041e+00
7.203542559600220940e+00
2.278902604247345209e+01
8.591102758730276179e+00
1.483643140560490004e+01
5.721219107730517450e+00
1.762436671309779967e+01
6.080772398735466489e+00
1.932074966176755026e+01
1.378466997548577666e+01
6.615642609399507101e+00
5.644414476043953854e+00
5.406945719678404316e+00
8.246327059245555091e+00
7.577663866567595718e+00
5.259130315324978433e+00
6.738359798426095892e+00
6.473636644685914376e+00
1.923926793818587555e+01
8.290597434831779466e+00
6.947806007801941242e+00
5.394103241368144452e+00
7.762561910217383065e+00
9.934152830144505231e+00
5.148829245740903282e+00
1.822429393425486666e+01
5.691134279516629313e+00
6.173819005227551671e+00
5.242418170157217894e+00
1.256992394208547381e+01
2.370528464557681758e+01
6.873966203015035248e+00
5.148275927301905419e+00
5.268121399398765448e+00
1.388739636277810696e+01
1.485678038973643744e+01
7.450516381891279849e+00
1.098576320029296660e+01
7.392700282426494240e+00
9.906000743852978019e+00
2.332490850931873894e+01
6.902825761968115259e+00
6.932788604380911934e+00
1.044710399117377086e+01
9.497225833112851845e+00
1.939023706324580587e+01
1.160063588879742191e+01
6.461101812101301967e+00
5.937028234725812759e+00
1.102498679446243912e+01
1.284448740752630336e+01
5.688222223233522890e+00
5.960371013097875093e+00
5.327232014433865182e+00
5.246986126421017360e+00
6.861189218604318185e+00
8.587468466925114896e+00
4.958709377532291462e+00
2.085627402691311261e+01
7.419027507018082446e+00
5.954707207423267867e+00
9.646749075057138967e+00
5.650976382227288930e+00
1.171759719595198312e+01
7.140281001412289719e+00
7.191992704784879287e+00
2.049558469825651841e+01
7.197162262347278627e+00
8.911613337535836621e+00
9.270030093311870445e+00
7.775697239164390595e+00
5.397559091763921124e+00
2.196877445867476197e+01
9.991584639582123728e+00
5.555870805636333287e+00
5.501641045693542509e+00
5.886184910341540011e+00
6.464475040432586361e+00
2.208672356776672885e+01
5.744048113594886651e+00
1.213460905001511669e+01
9.207481968935766758e+00
1.431364152857640448e+01
6.409706897893306277e+00
1.046945299327169998e+01
8.543783384413320192e+00
1.328742662717714040e+01
5.169437306047045766e+00
1.851116968680280905e+01
6.058391602432514844e+00
1.267564459714465386e+01
1.019393287681981164e+01
2.304598299560716157e+01
4.781816300357521143e+00
5.627858063827486212e+00
1.356367747609488106e+01
1.869745083289028287e+01
1.032591391050750573e+01
6.003827422718293505e+00
1.489111927330412577e+01
2.129718229233377613e+01
1.240996520024563843e+01
7.268357753791320874e+00
5.489596989631147395e+00
1.264102491381843407e+01
9.158467636280891000e+00
6.802455163085296519e+00
