1.014532939462615602e+01
6.079327710529320861e+00
1.081456843047348571e+01
9.581296478485075596e+00
1.091241070322304907e+01
7.962242628525234345e+00
1.988172738831075748e+01
4.691893675670736563e+00
6.612522235057516795e+00
4.859375457473628757e+00
1.766220727927116485e+01
5.764249039893126536e+00
5.978605848957087687e+00
5.063131025836363541e+00
5.553530631762301439e+00
1.621137256670546023e+01
5.689504145610179364e+00
1.107777916880940161e+01
1.804518601389301935e+01
6.708167943200030514e+00
6.077270327422942486e+00
6.612265140284312004e+00
9.781118377447604928e+00
8.136056910932298436e+00
8.454139167387253906e+00
7.470665872859250101e+00
2.372697481310763834e+01
5.184229145307477360e+00
6.758740639113931969e+00
6.263449830469217439e+00
1.751546731620662811e+01
8.540015615883440603e+00
1.694789695394148765e+01
6.529019655392943378e+00
4.919728323979842166e+00
5.225661238613222181e+00
6.059485150505071971e+00
6.322254965451633346e+00
1.112476566240444953e+01
1.220815101547306725e+01
7.191554836929141992e+00
7.441371400326623586e+00
8.767194622192590714e+00
7.140449393259385324e+00
6.485298814728655437e+00
2.263984254390209117e+01
8.471200307549585418e+00
2.107374993360248538e+01
5.493421234927347463e+00
1.085264630840531019e+01
5.894296153969283303e+00
5.324122038360735942e+00
1.322751002357466454e+01
8.533721741152765716e+00
1.688958891775487459e+01
1.061574383213918793e+01
5.380244136485895723e+00
1.009665831333869690e+01
1.348498817447608289e+01
5.888611297703501002e+00
5.154161511767701320e+00
5.298307617152686610e+00
8.780234868240544444e+00
8.388429663563503169e+00
1.149703282722144060e+01
9.928002539592682751e+00
9.352908800484501128e+00
7.911888795709834277e+00
5.392248579942700459e+00
1.304344847339072366e+01
5.719270446101259786e+00
6.549404336705936025e+00
4.660950970577922625e+00
1.467643572877979530e+01
1.226234759303723365e+01
8.924216164639185322e+00
1.547601282810058798e+01
8.137155655875718097e+00
8.165087895488106540e+00
6.073363208059922691e+00
1.324503140846299232e+01
7.231350001559778917e+00
8.404114095329275003e+00
1.283286363899243554e+01
5.586962538055487038e+00
7.263875981431848317e+00
7.807790026533173666e+00
8.828908788363680316e+00
1.259784268023337717e+01
1.783642936196326190e+01
4.558735692541563189e+00
6.121403223539289229e+00
7.533805097353948099e+00
4.866764157748713515e+00
9.073567592568972273e+00
7.831138202149417360e+00
8.676830579510168562e+00
1.027742463542316287e+01
4.613086594549444364e+00
2.329045073037760716e+01
8.035596024816996419e+00
1.114858903874773155e+01
8.288434784096326169e+00
1.612615228442376036e+01
1.055086704462004654e+01
1.286377632848727615e+01
5.940040200447892715e+00
8.379414510989867892e+00
6.164030793985688206e+00
7.053799105270385894e+00
2.375636467381424666e+01
8.524074907956398661e+00
1.516348326711081285e+01
5.484518018283271346e+00
1.814559361693623885e+01
1.557847938250581876e+01
1.997018452124988386e+01
1.404214507570382509e+01
6.431247155633054824e+00
5.403244138256562579e+00
8.158618215202320556e+00
7.450090258500888574e+00
4.995591560810076714e+00
6.561179220508257970e+00
6.280904089116272182e+00
1.139216692851680079e+01
2.069954809179787958e+01
8.205539197992671063e+00
6.782961501494755296e+00
5.138390969472857783e+00
7.645980245259725194e+00
9.948568224769346102e+00
1.510512957978209592e+01
4.878902231740305240e+00
1.878975370125540678e+01
5.452682150125101934e+00
5.963525268151716574e+00
4.977911067267529965e+00
1.274893813275575560e+01
2.479899034481881870e+01
6.704769428021944755e+00
4.878316884140700971e+00
5.005103678371886744e+00
1.415159558562465669e+01
7.842438800455448167e+00
1.518519520200882411e+01
7.315397626038412149e+00
1.106502492800029280e+01
7.254154246303940567e+00
6.735329609649884475e+00
6.767058656593964550e+00
1.037448778027440177e+01
1.049302397061633307e+01
9.484985245493108508e+00
2.004515389333406361e+01
1.171830090478142417e+01
6.267633946507558562e+00
5.712903538162811934e+00
1.110668712654016765e+01
1.304107401984825643e+01
8.073897273423529697e+00
5.449600630192626305e+00
5.737608278798561834e+00
5.067640888744084471e+00
4.982743688092615031e+00
6.691239698527518875e+00
8.520222155875517345e+00
2.498199953329616108e+01
4.677787158651918631e+00
5.731613981849681849e+00
9.071416851952562865e+00
1.394763766812424954e+01
9.643612529423862156e+00
5.410187746672337816e+00
1.184261090607373212e+01
6.986798007512078357e+00
2.124096710588283798e+01
7.047041533778617861e+00
8.863891128886171700e+00
9.243991348704852840e+00
7.659897352620220978e+00
5.142047344818944765e+00
9.509774283441332798e+00
2.284859537925741080e+01
1.000951589662404473e+01
5.309552371041386110e+00
5.252171821331990564e+00
5.659094818744630828e+00
6.271205043324859396e+00
2.297836131090887690e+01
5.508676102817841702e+00
1.228594242136696657e+01
1.460590229713160682e+01
6.213225156415076889e+00
1.051675096081969585e+01
8.473911903430995096e+00
1.909817877693444288e+01
1.286141441242717676e+01
2.404421558236142431e+01
4.490681654336500905e+00
5.385724760218749907e+00
1.380673638971863681e+01
1.036436947828604183e+01
5.783601068796775380e+00
1.522183559558623678e+01
2.211313229907345246e+01
1.257878276283164709e+01
7.122448425397453597e+00
5.239428225640869741e+00
1.282458105319450681e+01
6.629046723532242780e+00
