9.796995727019806921e+00
5.967898033018720128e+00
1.941765196912815128e+01
1.042496356270208047e+01
9.267191139829654034e+00
1.051670943673413205e+01
7.743812504895351445e+00
1.882067677639521008e+01
4.656740503932264907e+00
6.471220584673765153e+00
4.815121321560092760e+00
1.679311459542682528e+01
5.670321688895309187e+00
8.214258982812248533e+00
5.872783080186306570e+00
5.007766322744148013e+00
1.545516365871960929e+01
5.599712858371230340e+00
1.067173659090421722e+01
1.714484258264690197e+01
6.561473232058280480e+00
5.965955291583223463e+00
6.470977972031772829e+00
9.454942967025774081e+00
7.907527745030676236e+00
8.207024946631834794e+00
5.122240837569004945e+00
6.609190020122380105e+00
6.141741291809291958e+00
1.665817449240725523e+01
8.287860387142149676e+00
1.613539810048889933e+01
6.392417668839708078e+00
7.343596100412127292e+00
4.872187640409478604e+00
5.161403254621340864e+00
5.949160945212318197e+00
1.071577610531348590e+01
1.173009572997390038e+01
7.017438314004810884e+00
7.252972283627674877e+00
6.526663665166004158e+00
8.501654992122571031e+00
6.351154295085211565e+00
2.128315119120623677e+01
8.223085384945482801e+00
1.989562129854807893e+01
5.414451709210840846e+00
1.046067081110106578e+01
5.793158044539855389e+00
5.254463106135671246e+00
1.268235309346353112e+01
8.281936308830410098e+00
1.608161923411801197e+01
5.307502135131036525e+00
9.751297789106702751e+00
5.787788785102044642e+00
5.093819208426273448e+00
5.230065687345439862e+00
8.513924791502555323e+00
8.145165874112157312e+00
1.106455617832924254e+01
9.592915724136350519e+00
9.052525500790247648e+00
7.696376991745991880e+00
5.318846682553044936e+00
1.251057123062264687e+01
5.627832744669825082e+00
7.638704789026683706e+00
6.411655811286675721e+00
4.627476132865790071e+00
1.178077860839144897e+01
8.649383495917815523e+00
1.747632452995598129e+01
1.920503000023440521e+01
1.477415907862742372e+01
7.908562523974988601e+00
7.934868087572354511e+00
5.962265872063509775e+00
1.269870162468948216e+01
8.159931763518839531e+00
1.231394505642121295e+01
7.085632579722869195e+00
7.598301007588004197e+00
8.559720847561404611e+00
1.695320343798842799e+01
4.530798209443450020e+00
6.007627974977956420e+00
7.340101742361770931e+00
4.822107865455756759e+00
8.789863445679303666e+00
7.620299554492151017e+00
1.420574865726797320e+01
8.416623352278904235e+00
9.921002712920909516e+00
4.582206034093170288e+00
2.184620095390742378e+01
1.073810380671603326e+01
1.537633282545559510e+01
5.015906291327247857e+00
1.017761241477922951e+01
1.234281465375166675e+01
5.836361300241006411e+00
8.136678534283474207e+00
6.047877180288760535e+00
6.887525774053778527e+00
2.224146090557923117e+01
8.272856169951033678e+00
1.448422288068239006e+01
5.406038881620760961e+00
1.723694372728702717e+01
5.765525480436125783e+00
1.486915433885874727e+01
1.890085183407917668e+01
1.344170766832264263e+01
6.300137739381383106e+00
5.329237670516214997e+00
5.091755820569246360e+00
7.928775270621335025e+00
4.943914425998764628e+00
6.422768196406404506e+00
6.158219162952411452e+00
1.096633166327345776e+01
1.792350041614189848e+01
7.972961816996340545e+00
6.632042033477475229e+00
5.078911623538025388e+00
7.445825410475134021e+00
9.612231029197978671e+00
1.443005598356797847e+01
4.833585160897240662e+00
5.375955842478760793e+00
5.858541026053082135e+00
4.927198490230902728e+00
1.223555615940651364e+01
2.307743748569419040e+01
6.558266528027338005e+00
4.833031682184607547e+00
4.952907478048210521e+00
1.354360950390614882e+01
7.630946676222190916e+00
1.450437450593296518e+01
7.134210324656494073e+00
9.584172697781133010e+00
2.273739874638939540e+01
6.587101416012223432e+00
6.617038020296964973e+00
1.001210474873271572e+01
1.012334027900629252e+01
1.896875602276309536e+01
6.145691380696129080e+00
5.621818079666161871e+00
1.069883190769647108e+01
1.250835470272003747e+01
7.848984285706101183e+00
5.373043928622603715e+00
5.645155809138959313e+00
5.012029785515442093e+00
4.931767499704196034e+00
6.545500278228499447e+00
8.269229708719452177e+00
2.320853456056193309e+01
4.643399244303916262e+00
2.039487268840789014e+01
7.102760832219690457e+00
5.639493261213904596e+00
8.787840685230980498e+00
1.335369445487339313e+01
5.335799431607390453e+00
1.138810461100540472e+01
6.824331138657369067e+00
6.875988354165835759e+00
2.004533506128607456e+01
6.881152358007530445e+00
8.592632791140180970e+00
8.950124894692034871e+00
7.458941002156204370e+00
5.082367946564347427e+00
9.199974519630297110e+00
2.146494995028331942e+01
9.669469245287618975e+00
5.240693281521835445e+00
5.186460630571572139e+00
5.570984522776281977e+00
6.149062722263538561e+00
5.428866142793516758e+00
1.180284190195616567e+01
8.887746196333079496e+00
1.396625651453939909e+01
6.094324255321341255e+00
1.014560315278735203e+01
8.225637898821899441e+00
1.294823291241966423e+01
4.854199056934436207e+00
1.810813212049216503e+01
5.743151300756332844e+00
1.234060891412372918e+01
9.871110244754996543e+00
2.248089543680328717e+01
4.466425125784167172e+00
5.312681502497354380e+00
1.322243492125596021e+01
1.829077551668226320e+01
5.688601870030836949e+00
2.082061921708941910e+01
1.207658067747423480e+01
5.174415680815746654e+00
1.230620954071721762e+01
8.838862228277330146e+00
6.486814088596363881e+00
