6.165225709010186961e+00
1.983729444868687608e+01
1.062302405321950793e+01
9.460950415877180220e+00
1.071525482939471274e+01
7.936562897010384532e+00
1.920717644624228626e+01
4.860900657257195334e+00
6.666675459249103319e+00
5.018313010351404202e+00
5.868957938311217148e+00
8.406798995793275608e+00
6.070513029493469936e+00
5.209831656500777619e+00
5.670840894611195893e+00
1.572085437379320716e+01
1.745987864256310473e+01
6.756638726210455026e+00
6.163291032526483804e+00
6.666433643818916011e+00
9.649179754962201372e+00
8.100154364116695760e+00
8.399564787665564580e+00
7.473971275414918125e+00
2.324282470275701939e+01
6.804208333343390258e+00
1.695704879917217056e+01
1.641875201015326624e+01
7.536870059006338884e+00
5.075039733201794689e+00
6.146566669006774397e+00
6.393675876771558464e+00
1.091545044636758099e+01
1.193724385523730902e+01
7.211364534182679087e+00
6.721939069970487068e+00
8.694290093401132680e+00
7.163284635636056663e+00
6.547016278481816443e+00
2.185013888024897710e+01
8.415625754116163648e+00
5.614329195430920905e+00
1.065891739500379209e+01
5.991236347625045866e+00
5.455170153108193531e+00
1.289938704217233756e+01
8.474483176267998630e+00
1.043561990700233189e+01
5.507929656993300505e+00
9.946457332004907670e+00
1.314253682794365474e+01
5.985890956587335943e+00
5.295399936174984390e+00
5.430902807875034988e+00
8.706567824050821969e+00
8.337708647363188064e+00
1.126646857403100910e+01
9.787556066380771469e+00
9.245838085305667420e+00
7.889173163798904653e+00
5.519214995964712323e+00
1.272559991490714637e+01
5.826667750234746812e+00
7.831562571187176580e+00
6.607309507095416201e+00
4.831819381262659086e+00
1.426840190171022016e+01
1.198837967902130330e+01
8.842135470118844154e+00
1.780341648996818193e+01
1.961229774147064120e+01
1.502470195348155713e+01
8.101188530694988899e+00
8.127479248475699691e+00
6.159616946430777062e+00
1.291593173324307209e+01
7.248804510739783602e+00
8.352473121838084325e+00
1.252680151989519075e+01
5.702272399225940092e+00
7.279406012681859828e+00
7.791205824437003713e+00
8.752396315505183821e+00
1.230497336020452259e+01
1.726166587110648720e+01
4.735755463292520950e+00
6.204792110695586338e+00
7.533381629032475324e+00
5.025257710688648238e+00
8.982770222124438320e+00
1.444537533817106834e+01
8.609212259534240630e+00
1.011678608265258994e+01
2.247977864350031396e+01
8.005600366518571320e+00
1.093791141355646168e+01
8.243581590348938448e+00
1.564014641702633490e+01
5.217925292314600227e+00
1.037447460749155503e+01
6.034249286079930386e+00
8.329222323290451868e+00
6.244878350445812742e+00
7.081766733668203528e+00
2.293344087861423475e+01
1.472901208455341937e+01
5.605958972511362326e+00
1.755524033774217685e+01
5.963727129163164165e+00
1.512166958870399647e+01
1.929152343440357598e+01
1.366887268455300131e+01
6.496180296881718164e+00
5.529551931719718816e+00
5.293348033377690776e+00
8.121389746454463321e+00
7.454611187663879868e+00
5.146346761276961779e+00
6.618384329307560598e+00
6.354787644724408047e+00
1.116757967486280911e+01
2.055656288831344369e+01
8.165553945241551759e+00
6.826991291648035087e+00
5.280575477982825561e+00
7.638936237361657611e+00
9.806931469732035112e+00
1.467381362916326459e+01
5.036666428468647538e+00
1.816744958485196193e+01
5.576029208038633556e+00
6.056332509892635052e+00
5.129727943009353197e+00
1.244758250785117148e+01
2.396552320895634836e+01
6.753442057770043583e+00
5.036116252213981070e+00
5.155287742973954757e+00
1.377229935347240009e+01
7.823813242757329256e+00
1.474955091001881513e+01
7.327880178045730553e+00
1.085912768141973217e+01
7.270259440253440175e+00
9.778786128991592719e+00
2.352653242481822460e+01
6.782187359086623957e+00
6.812032513462852101e+00
1.020825226124353691e+01
1.031996050893683936e+01
9.370234112133537963e+00
1.936302533885258370e+01
1.147514813527688737e+01
5.820681459019426462e+00
1.089840601545037835e+01
8.041649038815718242e+00
5.573132207323865828e+00
5.843909424136210617e+00
5.134270364366253503e+00
6.740715941029281844e+00
8.461774564987917913e+00
2.415211853477359227e+01
4.847642708575441439e+00
2.088135749691031862e+01
7.296497243015481082e+00
5.838273427188072517e+00
8.980744927705027081e+00
1.357957499119301126e+01
9.519648974580832146e+00
5.536079648093686245e+00
1.159239974210223956e+01
7.018736336719925362e+00
7.070258757163728980e+00
2.050580341791724237e+01
7.075409552559544402e+00
8.785334336995640925e+00
9.143261050476400698e+00
5.284012497229428007e+00
9.393582639584789007e+00
2.205176762067449658e+01
9.864353016168475818e+00
5.441473626016156473e+00
5.387532567547759221e+00
5.770090058994187920e+00
6.345666321447763991e+00
2.217728154792667183e+01
5.628670894367545863e+00
1.201064262234314128e+01
9.080786329615571972e+00
1.420171590042395238e+01
1.034232173503911945e+01
8.418178401012697876e+00
1.316857414766348455e+01
5.057157660445803948e+00
1.846085507100257672e+01
5.941453746302453709e+00
1.255375236651261162e+01
1.006670289012737562e+01
4.671798951858062487e+00
5.513081967299251929e+00
1.344645495165017479e+01
1.865162535980599046e+01
1.019871716466654021e+01
1.478421267977711295e+01
2.134273517939638865e+01
7.146349623853057942e+00
5.375553008167684332e+00
1.251898318606223626e+01
9.031833127031370978e+00
6.682217940526562927e+00
