9.960383961493361582e+00
6.149629795075554739e+00
1.976440231116769297e+01
1.058841367085186391e+01
9.431277716049924820e+00
7.913388861055534740e+00
1.913681873020000523e+01
4.850900961717933058e+00
6.648931569141723230e+00
5.007637268024410560e+00
1.703455753126306149e+01
5.854632034617738512e+00
8.381617861385647572e+00
5.198333630401965166e+00
5.657364636983322370e+00
5.784656476160866312e+00
1.083548936753367187e+01
1.739664364664734819e+01
6.147703409735804314e+00
6.648690789044266580e+00
9.618706246476644850e+00
8.076281839562932774e+00
8.374414515054269259e+00
7.452773690779856963e+00
2.316273055592269969e+01
5.311677406003301627e+00
6.785875674461738782e+00
6.322035248866395563e+00
1.689588398322990770e+01
8.454913177023469117e+00
1.635981165936476245e+01
6.570729302235013947e+00
7.515403622946294604e+00
5.064120407414685943e+00
5.350457687859801581e+00
6.131050720466032722e+00
6.377101138179116724e+00
1.087960000248609127e+01
7.191289797114263749e+00
7.425327704472925561e+00
6.703958581352951640e+00
8.667882905086212730e+00
7.143415542160981069e+00
2.176934325287439975e+01
8.390406964626071940e+00
2.027079396385687815e+01
5.601095349013530011e+00
5.976386190536928211e+00
8.449013319270783029e+00
1.630476509856197254e+01
1.040180476874911086e+01
5.495152284790440156e+00
9.914719859052111062e+00
1.309727954704195163e+01
5.971063714772077979e+00
5.283534609829022344e+00
5.418455948400874966e+00
8.312822279156153016e+00
1.122913100088490168e+01
9.756494089152244698e+00
9.217081025425191143e+00
7.866201514453443622e+00
5.506389203485467121e+00
1.268209825472435348e+01
5.812523187300631555e+00
7.808836986158524951e+00
6.589819806710668360e+00
4.821944601923213725e+00
1.421841831972541570e+01
1.194798868376786594e+01
8.815098085855087362e+00
1.773877183395035217e+01
1.954030806411406829e+01
1.497155665223735532e+01
8.103490078712715317e+00
6.144045069184232766e+00
1.287162829410020493e+01
7.228569652105996113e+00
8.327523758832866108e+00
1.248413789430992438e+01
5.688661324253736495e+00
7.259040287948819170e+00
8.725741421610559101e+00
1.226324554481647411e+01
1.719924598799194015e+01
4.726293361154206174e+00
6.189026639633658178e+00
7.511930102827321321e+00
5.014552146703692870e+00
8.955133579894100748e+00
7.790531311085183042e+00
1.439465090804080383e+01
8.583167816106756831e+00
1.008432484750093572e+01
4.777153511746210945e+00
2.239660583659760107e+01
7.982131530215808901e+00
1.090196576502868098e+01
8.219096877729141326e+00
1.558443708408529638e+01
5.206392522135996792e+00
1.034091902695888088e+01
1.251319527981414481e+01
6.019214743991441630e+00
8.304372164170656490e+00
6.228941107189109871e+00
7.062246347467998397e+00
2.284860365523869774e+01
8.439970446159085427e+00
1.467710155787202631e+01
5.592761032851139014e+00
5.948994904310294984e+00
1.506811975614294141e+01
1.922082523565521583e+01
1.362140314707885658e+01
6.479166500567851372e+00
5.516681788969923339e+00
5.281491514156818390e+00
8.097426571119978433e+00
7.433496361847516276e+00
5.135121277534842044e+00
6.600847207193145216e+00
6.338379498440136040e+00
1.113066089887431076e+01
2.049087291959047263e+01
8.141402252810355122e+00
6.808561115631584393e+00
5.268773781496706832e+00
7.617033609389115334e+00
9.775787111984387323e+00
1.462213380361282944e+01
5.025911874373350408e+00
1.810131571312762588e+01
5.562959666028932659e+00
6.041203308518778847e+00
5.118573809150014142e+00
1.240525299468420961e+01
2.387719288380440474e+01
6.735326707598167317e+00
5.144023873579684825e+00
7.801120758691480361e+00
1.469755455724301818e+01
7.307307172094628989e+00
1.082351599852754553e+01
7.249932829622578900e+00
9.747761441216127309e+00
2.343961576572586125e+01
6.793666364517384260e+00
1.017540250258059764e+01
1.028663637381221641e+01
9.340947493077058184e+00
1.143692721177579585e+01
6.325953263660356818e+00
5.806562566473786546e+00
1.267986596033989954e+01
8.018026286755535637e+00
5.560075093704788252e+00
5.829690927067402662e+00
5.202554614823792889e+00
6.722655069269340089e+00
8.436358916163122501e+00
2.406324967927496061e+01
4.837699960704753721e+00
2.080432133721186005e+01
7.276058431848727359e+00
5.824079097623376278e+00
8.953116914031944873e+00
1.353248045548466649e+01
9.489726505181137028e+00
5.523181498811995382e+00
1.155368273707996174e+01
7.050787602940737919e+00
2.043024872627223942e+01
8.758539043849966177e+00
9.114940786296767072e+00
7.630073757596808726e+00
5.272196048151025494e+00
9.364196642914345503e+00
2.197020381943236345e+01
9.832964537186120069e+00
5.428981405842804975e+00
5.756188123244137422e+00
6.329297251524228507e+00
2.209524265286854217e+01
5.615375525860081929e+00
1.197015757528821744e+01
9.052732149660128513e+00
1.415201163362271863e+01
6.275005305371315067e+00
1.030890265877835432e+01
8.392948722032191000e+00
1.312320732116408806e+01
5.046315117426900088e+00
1.839352458204700014e+01
5.926817011920715750e+00
1.003445443499955836e+01
2.312953606771162995e+01
4.662611634104547598e+00
5.500282488748938547e+00
1.339991969981832654e+01
1.858351871665000488e+01
1.016590790405561862e+01
5.872749594260526784e+00
1.473207150433812807e+01
1.224533322018502446e+01
7.126552968215708717e+00
5.363343675147487666e+00
1.247635253077675088e+01
9.003987470071479038e+00
6.664407506296961436e+00
