9.952085262529042353e+00
6.050278526161553039e+00
1.999538913764909509e+01
9.410296423745846184e+00
1.068923380959345870e+01
7.856100110721564000e+00
1.935207629735177548e+01
4.720653237811641922e+00
4.881115108765482269e+00
1.719773318382497607e+01
5.748257500948011689e+00
8.335517573913840295e+00
5.953726182847543846e+00
5.546295376877456107e+00
1.579441893270943709e+01
5.676616446111240499e+00
1.084819997504656897e+01
1.756873496805588530e+01
6.653188260247328678e+00
6.048306267181887463e+00
6.561228588007383067e+00
8.022884353232264232e+00
7.384487777119662866e+00
2.350957988275921906e+01
5.192384585354461457e+00
6.701683305420973902e+00
6.226790094856316848e+00
1.705565016648075272e+01
8.410565197170507545e+00
1.650642261496792074e+01
6.481409201232332329e+00
7.448612464095565322e+00
4.938941038063854094e+00
5.232087200676313721e+00
6.031257027827349404e+00
6.283167705576614637e+00
1.193532629180138827e+01
7.356386804228944420e+00
6.617813611126876161e+00
8.628627906602538644e+00
7.067748743664814981e+00
6.439489012497625176e+00
8.344516789642417720e+00
2.051455389084955172e+01
1.063178774150437889e+01
5.872909970854134798e+00
5.326440815311332955e+00
1.291653057402910498e+01
8.404524279459360869e+00
1.645002734054516225e+01
1.040409824420754958e+01
5.380223621003430878e+00
9.905326021754849108e+00
1.316451017791453637e+01
5.867460784012658692e+00
5.301702830646641829e+00
8.641145718223159022e+00
8.265077484707955335e+00
1.125130641977267842e+01
9.743306458282695814e+00
9.190969537331392658e+00
7.807785748259105318e+00
5.391727861342697992e+00
1.273929467617956846e+01
5.705146394593334058e+00
7.749051264368040925e+00
4.691008687503167351e+00
1.431281318571504357e+01
1.198747323809038434e+01
1.791930614956473988e+01
1.976566652154431836e+01
1.508426167281471031e+01
8.023938707929319847e+00
8.050742669959754849e+00
6.044560809762399067e+00
1.293340373142041777e+01
7.154934125674027534e+00
8.280130374175714181e+00
1.253655441236337609e+01
5.578336793153757966e+00
7.186131682618368544e+00
7.707907324921999148e+00
8.687870423831951072e+00
1.231033172701167722e+01
1.736647433875908320e+01
4.593084355715618905e+00
6.090613571223085998e+00
7.445056039015161886e+00
4.888194370945665668e+00
8.922751304424947350e+00
7.730308450900373884e+00
1.449332553849929184e+01
1.007899911985663799e+01
4.645153127056884657e+00
2.269520723527981687e+01
7.926484794465050499e+00
8.169111993002582395e+00
5.084595917613421889e+00
1.034175087474023691e+01
1.256631323484700502e+01
5.916758173073985105e+00
8.256425390878918691e+00
6.131478625731207721e+00
6.984643609341618209e+00
2.315929082887879531e+01
8.395265203001823551e+00
1.478264141781114205e+01
5.480154591632057759e+00
1.766604673163924133e+01
5.844866597155826682e+00
1.518317638284203142e+01
1.370131991477685673e+01
6.387664668810643320e+00
5.402265307132451788e+00
5.161480801922888162e+00
8.044534286108081744e+00
7.364750399773978273e+00
5.011629988501619337e+00
6.512244817755824755e+00
1.115046780760960488e+01
2.078776434390308481e+01
8.089560722233089862e+00
6.724909530754714204e+00
5.148460621212627153e+00
7.552668351502038746e+00
9.763062001280429669e+00
1.472633703100062874e+01
4.899824150566371550e+00
1.829081830872387826e+01
5.449644180357740453e+00
5.939270260950948455e+00
4.994689080388588387e+00
1.245576555511927097e+01
2.421676903413964510e+01
6.649929406419000877e+00
4.899263313658011043e+00
1.380680790780023948e+01
7.741150772094315791e+00
1.480359183977857285e+01
7.235550121620890174e+00
1.083593885962099712e+01
7.176806948685078069e+00
9.734364465107153919e+00
2.376656165167553070e+01
6.679233912951942465e+00
6.709659710602990934e+00
1.017226198365515799e+01
1.028616528156273624e+01
9.317802434070008744e+00
1.951117729700197145e+01
1.146410272424243715e+01
6.230801436628858880e+00
5.699043906546553018e+00
1.087599065682817923e+01
1.273700846560016764e+01
7.963237029961239166e+00
5.446690978981253650e+00
5.722722746634722135e+00
5.080666748204626160e+00
4.999319537411262893e+00
6.636955730977589063e+00
8.391567327066040249e+00
2.440849056647485327e+01
2.106163335526716196e+01
7.203555835641320293e+00
5.716977347902427731e+00
8.920686374330601964e+00
1.361024334702243443e+01
9.470145512377328600e+00
5.408919646830637973e+00
1.158366885936418278e+01
6.920386172831505256e+00
6.972911587674245126e+00
2.067804797265363348e+01
6.978162661478806150e+00
9.086383753339749347e+00
7.566019798948850017e+00
5.151964274290903312e+00
9.341608453959596048e+00
2.225758661810258587e+01
5.257491533213896950e+00
5.647470565851037350e+00
6.234225078632738892e+00
2.238589984191890636e+01
5.503307157809219419e+00
1.201017645803090517e+01
9.022685905320273037e+00
1.424479455521788296e+01
6.178639945358416874e+00
1.030896600179463007e+01
8.347119311013042164e+00
1.319106501253932784e+01
4.920712445940290003e+00
1.859027291238970747e+01
5.822160749690358017e+00
1.256403945313896919e+01
1.002793236613202055e+01
2.344787102887203645e+01
5.385475869831231499e+00
1.347447290978397305e+01
1.878498709707147185e+01
1.016253956201187592e+01
5.766806307991869218e+00
1.483894833988657425e+01
2.153297559453695342e+01
1.229198731031754477e+01
7.050483963939768728e+00
5.245279674454106811e+00
1.252858112255983158e+01
8.972774459460682195e+00
6.577319879107195177e+00
