9.953010689952852985e+00
6.096290839139502538e+00
1.992344067146360231e+01
1.058926009347725916e+01
9.417136213167909276e+00
1.068231932259538119e+01
7.880558980217818643e+00
1.928126316024540898e+01
4.783186788281390989e+00
6.601277437868730225e+00
4.941627765323479693e+00
1.713592875495630707e+01
8.354443406470169364e+00
6.000920541881987980e+00
5.134409049808184911e+00
5.598508839858490127e+00
1.574164021025757876e+01
5.727219076481809168e+00
1.083962766551230317e+01
1.750490986609967692e+01
6.691885237755433202e+00
6.094342696980395324e+00
6.601033894132624980e+00
9.606946438712606451e+00
8.045408820027327934e+00
8.347152340496938550e+00
7.414469958677643469e+00
2.369445920420349694e+01
5.248997773223166519e+00
6.739796904199376826e+00
6.270648893570015758e+00
1.699466330983953810e+01
8.428632576904901086e+00
1.644880882612327255e+01
6.522178717651904378e+00
7.477839084833413530e+00
4.998727192317734769e+00
5.288205001697046548e+00
6.077501985948105201e+00
6.326340717543741832e+00
1.088432957019629121e+01
1.191575201747300916e+01
7.149916815010687543e+00
7.386700536542622153e+00
6.656936613260508118e+00
8.644212997377362484e+00
7.101483547756139991e+00
6.480765734897630637e+00
2.198370550495191011e+01
8.363339570821546332e+00
2.044238599010197888e+01
5.541614339744495688e+00
1.062547528221728399e+01
5.381383154556261594e+00
1.288757318556117504e+01
8.422660681630835811e+00
1.639277816934833965e+01
1.040018703562207847e+01
5.434497089381395085e+00
9.906756939390001904e+00
1.313327134932963602e+01
5.915713660732666135e+00
5.220545459541156674e+00
5.356953107094258648e+00
8.656588864767249092e+00
8.284810981318747380e+00
1.123858490213208761e+01
9.746496200473165672e+00
7.832806846554853486e+00
5.445858366620236701e+00
1.271199085312212418e+01
5.755397056382911103e+00
7.774756970045253901e+00
6.541487850823965999e+00
4.753916374041561532e+00
1.427153335650181276e+01
1.196738665882516450e+01
8.793244696145555039e+00
1.785373242534312865e+01
1.969402193002380486e+01
1.503677014714982008e+01
8.046450978075007754e+00
8.072945010891467987e+00
6.090643042382073880e+00
1.290428990955778055e+01
7.187632598203241407e+00
8.299691119540629103e+00
1.251116498457066406e+01
5.630153740531887330e+00
7.218459946025391538e+00
7.734093332495265649e+00
1.228710654819983894e+01
1.730372996980391420e+01
7.474324526823114212e+00
4.948618035819591476e+00
8.935017271607845757e+00
7.756232880156862741e+00
1.445055132706103684e+01
8.558457011015192961e+00
4.708640024440236438e+00
7.950126102375911330e+00
1.090699554668326954e+01
8.189948790814579382e+00
1.565989562755890674e+01
5.142556316985612774e+00
1.033850134504316287e+01
1.254064129930569571e+01
5.964405869754695111e+00
6.176499064217039425e+00
2.310233136931218212e+01
8.413507424354675024e+00
1.473752342965273243e+01
1.760172007681861928e+01
5.893397089173480374e+00
1.513492255433386546e+01
1.936716767107935766e+01
1.366527619707694186e+01
6.429569202276955053e+00
5.456264897615874965e+00
5.218479904045806528e+00
8.066808390151690489e+00
7.394965425445961138e+00
5.070504247913110163e+00
6.552641601507582791e+00
6.287178812707050923e+00
1.113877674893610958e+01
2.112321235483449300e+01
8.111314681523326797e+00
6.762743996184608086e+00
5.205622396409608221e+00
7.580671942850132794e+00
9.766036680704104356e+00
1.468167011470742089e+01
4.960101650929699346e+00
1.822357559214674438e+01
5.503055548564507404e+00
5.986641842893342336e+00
1.243114566036137347e+01
4.959547861814979974e+00
5.079504285530176411e+00
1.376984235743648277e+01
7.766948659202022043e+00
1.475830664454808527e+01
7.267292629509403135e+00
1.082749399069958862e+01
7.209245830607649452e+00
9.737651606438509688e+00
2.372092411178393689e+01
6.717617475498784962e+00
1.017082008520494618e+01
9.325664229028030050e+00
1.944000301816533849e+01
1.144922341706612023e+01
6.274611407855205769e+00
5.749369833092695004e+00
1.086712976065739689e+01
1.270972609520677921e+01
7.986452146749408065e+00
5.500138992785308822e+00
5.772756693659374605e+00
5.138676319699171380e+00
5.058348128109363628e+00
6.675848150224848787e+00
8.409851819329068334e+00
2.438455871057295354e+01
4.769842578308875147e+00
2.099004424375289446e+01
7.235677476607370373e+00
8.932975525927165705e+00
1.357500155203279135e+01
9.476325886509433971e+00
5.462836582072017499e+00
6.955878379876325290e+00
7.007776564120872465e+00
2.060595896951116401e+01
7.012964982685788051e+00
8.735986600956044512e+00
7.593866735621885411e+00
9.349206869778567963e+00
2.219117213915962594e+01
9.823948574225028096e+00
5.367594773147561504e+00
5.313292592101071854e+00
5.698433014702189325e+00
6.277993380039204929e+00
2.232046322927667603e+01
5.556053081244341385e+00
9.033831854414527740e+00
1.420408404434875749e+01
6.223085236604320336e+00
1.030606511911394918e+01
8.365912295974325730e+00
1.315958414159420897e+01
4.980727515311143883e+00
5.870970384770716421e+00
1.253838908499498039e+01
1.002803987926558094e+01
2.339560227447461216e+01
4.592860160979650885e+00
1.344043678183603774e+01
1.871584574886470520e+01
1.016120174568550460e+01
5.816297116909210807e+00
1.479338174472327694e+01
2.146268990153880907e+01
1.226893890737215287e+01
7.084424288657308111e+00
5.301232967944818242e+00
1.250326747447451403e+01
8.984479296627652545e+00
6.616931051194203661e+00
