1.085558165150278853e+01
5.678709373650511871e+00
1.912252025451112658e+01
1.161496937101775018e+01
1.019452985701010483e+01
8.193056940579223735e+00
1.885659627253036774e+01
3.702872842175302548e+00
6.410552454286617241e+00
3.946787915630619814e+00
1.766886348433821396e+01
5.239010669171072720e+00
8.826817965481772887e+00
4.241545871220648856e+00
4.941976247890458751e+00
5.133920042632822422e+00
1.190609435972433872e+01
1.790437071807102143e+01
5.675855605806679804e+00
6.410203309834916929e+00
1.043090122785967466e+01
8.415171015699010937e+00
8.817177439125369887e+00
7.555628788196286472e+00
2.223211471055252275e+01
4.415693110961924184e+00
6.608535524327905364e+00
5.933175201930322551e+00
1.757541054641160372e+01
8.924716632321576526e+00
1.719750726030738619e+01
6.296962616179751393e+00
7.643107495870586021e+00
4.034323430214429962e+00
4.475097336019692840e+00
5.651176499509166895e+00
6.014059518735034970e+00
1.195761135982826140e+01
7.187672314384588645e+00
7.517213724283259069e+00
6.490248663701514431e+00
9.207150189414189612e+00
7.119829326147380399e+00
1.966402661488157122e+01
8.838576121979796696e+00
1.930498882197158750e+01
4.856809698984360324e+00
5.421141450790767813e+00
8.916849520933277873e+00
1.715722499937272616e+01
1.139222215634998214e+01
4.695931605519836793e+00
1.079929184969104483e+01
1.436355494102170560e+01
5.413198809397022693e+00
4.372526104617325160e+00
4.579036407659370589e+00
8.734605962331686513e+00
1.236089075329850928e+01
1.060313113043336308e+01
9.921463752065053043e+00
8.128390176630221120e+00
4.713027877330397963e+00
1.394121165378486893e+01
5.175807039634110041e+00
8.049580766890034766e+00
6.324727391040055657e+00
3.657648255530057124e+00
1.543657220230336691e+01
1.316236211313119320e+01
9.400613830323104381e+00
1.811540950739222211e+01
1.903252460031789184e+01
1.610030734100730498e+01
8.452101572331960355e+00
5.670435464711848894e+00
1.413565629592394934e+01
7.240400284438160305e+00
8.754337772032567244e+00
1.373519055137620981e+01
4.989261162640100444e+00
7.283431269165959066e+00
9.283358155378470755e+00
1.350179974609344136e+01
1.777751347899912915e+01
3.507899346401415208e+00
5.737021560007854681e+00
7.638262469258181753e+00
3.957514724311771648e+00
9.583294130741929706e+00
8.024386668297047720e+00
1.559607264027889961e+01
9.095165310151809734e+00
1.100763231621623639e+01
3.587593153609911489e+00
1.972726378982695650e+01
8.287003386922110693e+00
1.198367925256809841e+01
8.608475629248280470e+00
1.660531720880879547e+01
4.253953799392865776e+00
1.131901406123048126e+01
1.376561757865851199e+01
5.484989817776009247e+00
8.723258052940892071e+00
5.796001197240718383e+00
7.004469054728877708e+00
1.973840239823977427e+01
8.904786904030249417e+00
1.584639318165205957e+01
4.844178724746991627e+00
5.380247154591875969e+00
1.618199349597392001e+01
1.889467648882446227e+01
1.487759373083807546e+01
6.163477047639421613e+00
4.728680614475778476e+00
4.369390409421342270e+00
8.443875600132182413e+00
7.528652146246121113e+00
4.144083582519364484e+00
6.340754917700661686e+00
5.957202496771363265e+00
1.224816909263573628e+01
2.761876419912168501e+01
8.503479836634536326e+00
6.641217806388875822e+00
4.349865812058805403e+00
7.784520426723801734e+00
1.062714232096771028e+01
1.579819415010485528e+01
3.975130385720887727e+00
1.832659710358819893e+01
4.798978720357121475e+00
5.517725909984930510e+00
4.118530214902462738e+00
1.365226498752022444e+01
1.965590413666448200e+01
6.535593844389893547e+00
4.157824504353616391e+00
8.038963583664120449e+00
1.586426367181125308e+01
7.351472424353715063e+00
1.189208661404519596e+01
7.270575848434650545e+00
1.059225444425331553e+01
1.970827550562685815e+01
6.619763029542157007e+00
1.111868408087518212e+01
1.125352570621417136e+01
1.007975431106748943e+01
1.259645426220213871e+01
5.938936506177639352e+00
5.166851545130629830e+00
1.393890509691106949e+01
8.335935728948699719e+00
4.794600769260774165e+00
5.201588332077684562e+00
4.248045231688140078e+00
6.517283448456534956e+00
8.899967837904533496e+00
1.962904446941761805e+01
3.682261541100469326e+00
1.946477929377841676e+01
7.307438574455646929e+00
5.193162888145463008e+00
9.580672687156617684e+00
1.479190258315835216e+01
1.026849932790328701e+01
4.738561884538697200e+00
1.272743114581105672e+01
6.988149638870846836e+00
1.935630054079939555e+01
9.326457961536380736e+00
9.790154158134185991e+00
7.802616738715746791e+00
4.355120735023339407e+00
1.010934835352087724e+01
1.969017069618413984e+01
1.069815169575998404e+01
4.595099886476974760e+00
5.091079217603367901e+00
5.943852964060765132e+00
1.970366742750482558e+01
4.878441932019321747e+00
1.318647369184041018e+01
9.709833996633404851e+00
1.537581465085766830e+01
5.863944378654233347e+00
1.128041350435427503e+01
8.841975558976733041e+00
1.438948858185956325e+01
4.006750302933575369e+00
1.848729794824263095e+01
5.347102219365712727e+00
1.094657980424640087e+01
1.973037009217148352e+01
3.407895850541297289e+00
4.703737851168670048e+00
1.466300090218201291e+01
1.858714523087861892e+01
1.110713428217927046e+01
5.266170649803025405e+00
1.589434355365730589e+01
1.348271279841109127e+01
7.095898329741006094e+00
4.494815967963305958e+00
1.372702735006789254e+01
9.646715126573990773e+00
6.432985743431022030e+00
