1.068787467284061421e+01
5.544282688722953267e+00
1.875384107179868565e+01
1.144109951369384248e+01
1.003179928671050902e+01
1.154889156818912355e+01
8.043805601066649658e+00
1.851518673903584400e+01
3.579214833426146214e+00
6.271976067667198507e+00
3.821826794598035093e+00
1.739453784899203370e+01
5.107028708819079554e+00
8.673509670264886395e+00
5.405086431652006418e+00
4.115001685968069367e+00
1.642534001166308499e+01
5.002517661822719397e+00
1.172971125223686606e+01
1.762053886592992313e+01
6.400868222513202532e+00
5.541444896536513731e+00
6.271628929890010973e+00
1.026642799202720191e+01
8.264516527303726434e+00
8.663932134625310866e+00
4.288208980821403671e+00
6.468816715878319634e+00
5.797317871429551239e+00
1.730454732177051369e+01
8.770766277880779782e+00
1.693918715178272549e+01
6.159037635793410459e+00
7.497252669457219909e+00
3.908893167988131356e+00
4.347291738760213242e+00
5.516903884418579374e+00
1.178077376884594152e+01
1.291896507563613561e+01
7.044555652678309521e+00
7.372122129964589377e+00
6.351213502721924087e+00
9.051322164629961975e+00
6.099752299837158276e+00
1.916740639377906774e+01
8.685190942803243885e+00
1.891080660303505567e+01
4.726927571047537135e+00
1.148312080787997402e+01
5.288150829013859244e+00
4.487333788967763581e+00
1.391940542278440596e+01
8.762950924810562370e+00
1.690012220293115774e+01
4.566927028815418232e+00
1.063202154991172854e+01
5.280252289257237663e+00
4.245275302265757666e+00
4.450667277699507984e+00
9.067335027962887040e+00
8.581898475089394296e+00
1.218038566125216882e+01
1.043736301105130693e+01
9.760699971050703638e+00
7.979543805541839951e+00
4.583930212651108782e+00
1.374394563196047336e+01
5.044173857439181674e+00
7.901225841683540807e+00
6.186643452019564116e+00
3.534231218861452195e+00
1.297390151288950655e+01
9.243476667788856460e+00
1.782192324960665886e+01
1.867408341001911509e+01
1.586930735457379349e+01
8.265906228046061344e+00
8.301211897957793795e+00
5.536055093811532934e+00
1.393598713082915630e+01
8.601502039578999614e+00
1.354037493347326127e+01
7.139744029534549341e+00
7.846235215831761423e+00
9.127016748168806259e+00
1.749895006162333289e+01
3.385278869374573674e+00
5.602268111102379322e+00
7.492437109278021978e+00
3.832496157026720418e+00
9.424902556939963816e+00
7.876188373911730878e+00
1.537467695106745147e+01
8.940086402974021240e+00
1.083873273319987973e+01
3.464549016391887726e+00
1.916891934243461293e+01
1.180661052930603994e+01
1.636306854097334096e+01
4.127342761632768919e+00
1.114760950353462121e+01
1.357044597441419675e+01
5.351644288418737183e+00
8.570624242924141711e+00
5.660916602333827541e+00
6.862436825167593568e+00
1.912390319225795920e+01
8.750967613172443649e+00
1.562040515816310204e+01
4.714365625574418850e+00
1.767763807675687104e+01
5.247483486006811582e+00
1.594929697021636805e+01
1.854985992976089548e+01
1.466781100162418383e+01
6.026313963950267194e+00
4.599497687198455864e+00
4.242156547445054215e+00
8.293038359140131988e+00
4.018063901265078286e+00
6.202579140608966313e+00
5.821209437678602328e+00
1.206870945863484756e+01
2.427262442232253647e+01
8.352262047243609544e+00
6.501309521362955479e+00
4.222737403766064546e+00
7.637802177837128781e+00
1.046119192284254140e+01
1.557311585727433112e+01
3.850017453556890068e+00
4.669412457702588171e+00
5.384198142869357717e+00
3.992647875066726915e+00
1.345840955128896788e+01
1.883944010022822013e+01
6.396296997126196260e+00
3.849172682213500174e+00
4.031730939826469573e+00
1.476480514554374679e+01
7.890674693018744357e+00
1.563793511699646821e+01
7.207378144373095097e+00
1.042656875067193312e+01
1.899625628801099708e+01
6.437379610048484579e+00
6.479979158287464180e+00
1.094890104053079227e+01
1.108265526500182396e+01
1.857860306711482679e+01
5.803046640835900938e+00
5.035267731491291698e+00
1.176114343476467283e+01
1.374166704079125267e+01
8.185783997382694466e+00
4.665058399412801649e+00
5.069812956412185656e+00
4.121466030839458838e+00
3.999596486251248972e+00
6.378092327958594154e+00
8.746180211062144494e+00
1.875181073777875085e+01
3.558713380447305230e+00
1.903949784696215275e+01
7.163607871975969488e+00
5.061433993430174638e+00
9.422299243889419529e+00
1.458337388784321220e+01
4.609325115541258455e+00
1.254340760619271755e+01
6.773477429584414899e+00
6.846213563771380350e+00
1.895332211241267828e+01
6.853475887014049306e+00
9.169824891387809984e+00
9.630319512794525139e+00
7.655787520563720250e+00
4.227963949031757096e+00
9.947236484579033089e+00
1.917542731255217348e+01
1.053165965658529579e+01
4.466643540932090595e+00
4.385048578310888345e+00
4.959912613995332009e+00
5.807935329663194146e+00
4.748441530683915168e+00
1.299775795647887655e+01
9.550562610446680978e+00
1.515820737339384827e+01
5.728477496127976742e+00
1.110932425156250147e+01
8.688568139990827888e+00
1.418653816009424062e+01
3.881467904810769198e+00
1.817324504999063350e+01
5.214522292525818337e+00
1.356815064206426946e+01
1.077816140620149632e+01
1.907383142932489761e+01
3.285806205568022609e+00
4.574690774893048761e+00
1.445631310422398741e+01
1.826654295679960072e+01
5.134038617032326890e+00
1.911811495130440264e+01
1.329077654142629861e+01
4.366903566038869755e+00
1.353230689994976466e+01
9.487883738038226156e+00
6.294280365618342366e+00
