1.072847751655467619e+01
5.611777324985137483e+00
1.937427150581478230e+01
1.006971952001351589e+01
1.159675302045865308e+01
8.085862160640477470e+00
1.905595194958615224e+01
3.678624658997867947e+00
3.916816488462265156e+00
1.772476821832493243e+01
5.180820985290723435e+00
8.712471889636542954e+00
5.474532449299889691e+00
4.889947351470781634e+00
1.665576638803629450e+01
5.077886965489963877e+00
1.177969899729510139e+01
1.798166168255751174e+01
6.457510747790995431e+00
5.608978808861386334e+00
6.329776834707797839e+00
8.305316909156339023e+00
7.456934959752933523e+00
2.266311264282771987e+01
4.375064138473852005e+00
6.524687311262671763e+00
5.861396516050347394e+00
1.762347288333422313e+01
8.809388443564266424e+00
1.721702935969839032e+01
6.218536191627311638e+00
7.543173095947390827e+00
4.002327649227089168e+00
4.433151354352124152e+00
5.584778336884014927e+00
5.940773844679759108e+00
1.298905503220204594e+01
7.419071906491105040e+00
6.408428673217796856e+00
9.089180862418333007e+00
7.027651439346570328e+00
6.159976529222533692e+00
8.724110306545357574e+00
1.960251857660889740e+01
1.153026350967123292e+01
5.359274993099601758e+00
4.570865866538620814e+00
1.401639904731783304e+01
8.801599003617903705e+00
1.717397396890411443e+01
1.126476650318667438e+01
4.649156613857776676e+00
1.067230561160176450e+01
1.426613068341490909e+01
5.351491070953796836e+00
4.534804365064402987e+00
9.105160095612619742e+00
8.621215661545857500e+00
1.223668165844612332e+01
1.047667082300688612e+01
9.798155149778409623e+00
8.021999759030391530e+00
4.665883481826240242e+00
1.383543673161142529e+01
5.118911330554067440e+00
7.944188710766885819e+00
3.634474409025954422e+00
1.536882668882361180e+01
1.304520664714478251e+01
1.821413767805371364e+01
1.926502748736996296e+01
1.605854045752933601e+01
8.306699275441213004e+00
8.341821055896270209e+00
5.603663661310046784e+00
1.403351975086830805e+01
7.146364586476902758e+00
8.640740465027183959e+00
1.362592439415393741e+01
4.936238084258284253e+00
7.188742623162712952e+00
7.889567125053773999e+00
9.164726111624483806e+00
1.338900760695254277e+01
1.784298132366409462e+01
3.488311923080939181e+00
5.668964862620503808e+00
7.538396177154716327e+00
3.927294381329466511e+00
9.462266279729199425e+00
7.919317933786995667e+00
1.553396232254093867e+01
1.088028497248985360e+01
3.566091561579689984e+00
2.025523200772355636e+01
8.178664117957568536e+00
8.496440241192257048e+00
4.216948793396090522e+00
1.119152155953867833e+01
1.365684420373442443e+01
5.421852889058711433e+00
8.609987413354719621e+00
5.726815415021873079e+00
6.914107293193753279e+00
2.032444638161930328e+01
8.789655906145235065e+00
1.579387730555539626e+01
4.794222002991972431e+00
1.804720203755004349e+01
5.319199483554982066e+00
1.614391940876739540e+01
1.479273163806325364e+01
6.087450819808833735e+00
4.681198570361765121e+00
4.329793222057726432e+00
8.333689669966860336e+00
7.430345503182765654e+00
4.109571861247459879e+00
6.261551078708663454e+00
1.212330293634117417e+01
2.719028694998434048e+01
8.392613663495970044e+00
6.556815785926974449e+00
4.310705071300346525e+00
7.682629507404163505e+00
1.050060814861972780e+01
1.574375643358412979e+01
3.944501783117775773e+00
1.844937648467185554e+01
4.749986934947489026e+00
5.453941343802878983e+00
4.084601996336847840e+00
1.354169503686024889e+01
2.038834272936801284e+01
6.452991939715841063e+00
3.943672130533302678e+00
1.489393548173340776e+01
7.933707535385561727e+00
1.581246967099435707e+01
7.255762260491986915e+00
1.176564309276955100e+01
7.176081709980032919e+00
1.046582845785783356e+01
2.037589223289821661e+01
6.493605662068141271e+00
6.535724241325012507e+00
1.099122975576994676e+01
1.112602346163297007e+01
9.955537266930036822e+00
1.913824385430907071e+01
1.247387467243116177e+01
5.867049938759801186e+00
5.110139928691402211e+00
1.181152372750856827e+01
1.383308905051638327e+01
8.227011741571320869e+00
4.745702686287879501e+00
5.144163684997664632e+00
4.211173663626736285e+00
4.091428487081904208e+00
6.434996625134524528e+00
8.784884732553184250e+00
2.039017432635234073e+01
1.981410751774788892e+01
7.212387967970570024e+00
5.135910931708460581e+00
9.459664281641673611e+00
1.470474848919419664e+01
1.014333628437892720e+01
4.690866967561737155e+00
1.260591252851755684e+01
6.826055975344945459e+00
6.898047813709410114e+00
1.966891913652193935e+01
6.905236719372743082e+00
9.667676935817087980e+00
7.700479853436780431e+00
4.315842447577264984e+00
9.984973022020506406e+00
2.016650770533582104e+01
4.470276194465087727e+00
5.035932580056051933e+00
5.871874400398671590e+00
2.019483977369854699e+01
4.827756789261774983e+00
1.306959950994623121e+01
9.587899458679563836e+00
1.530601515759356701e+01
5.793468501378970181e+00
1.115291262377495585e+01
8.727475215609322490e+00
1.429263242733303407e+01
3.975390478779481818e+00
1.863048518391215325e+01
5.286721063494355555e+00
1.365448373713259400e+01
1.081931681014253854e+01
2.035435934969873273e+01
4.656794108031777846e+00
1.457255247423137945e+01
1.874410130611260428e+01
1.097968826553509736e+01
5.207427758603095036e+00
1.584377615514918958e+01
1.997157192307887641e+01
1.336965172884376685e+01
7.004094104265613296e+00
4.452434495538370562e+00
1.361763030810982578e+01
9.525224995123537042e+00
6.352160932094243151e+00
