1.076314653108241082e+01
5.650486551927865975e+00
1.911351540604313470e+01
1.151644793593593441e+01
1.010824754054610430e+01
1.162439029825618420e+01
8.129465507666363777e+00
1.882860745749401232e+01
3.706596687692344183e+00
6.371363574085244785e+00
3.946397934985271139e+00
1.759332683684253240e+01
8.755444125122478383e+00
5.512662648732254311e+00
4.236245520186122882e+00
4.925285886107639399e+00
1.657440826699636460e+01
5.114179520489422259e+00
1.180554695914579177e+01
1.783539126974410394e+01
6.499114099719926152e+00
5.647676525741531783e+00
6.371019538640035229e+00
1.034233340712186866e+01
8.348794110096296350e+00
8.745918097641251165e+00
7.500360023328604520e+00
2.239208091774352027e+01
4.407523708541987162e+00
6.566469079610622650e+00
5.901082099156226057e+00
1.749753139784000666e+01
8.852187088642660129e+00
1.711142942333689021e+01
6.259442204835068857e+00
7.586668605411850841e+00
4.032468159027065013e+00
4.465954798067643061e+00
5.623376002192275180e+00
5.980748827752271346e+00
1.185672441193064763e+01
1.300001867613156392e+01
7.137418786096628942e+00
7.462461535543360114e+00
6.449896749693122544e+00
9.131359443296204859e+00
7.070516632829538572e+00
6.200696927346831977e+00
1.973359290130492383e+01
8.767062799183779731e+00
1.931310813682314276e+01
4.841482710470780049e+00
1.155852341964123653e+01
4.604465369109330020e+00
1.400986799295996121e+01
8.844412374672181443e+00
1.707038100801623415e+01
1.129536956980697049e+01
4.683196533229010861e+00
1.070735108460413088e+01
1.425455276244877645e+01
5.389077117074553058e+00
4.365065622025344538e+00
4.568198037296825831e+00
9.147297844323585281e+00
8.664332343006353909e+00
1.225755253688232393e+01
1.051295708406920504e+01
8.065621115376300665e+00
4.700016347364345926e+00
1.383235674144595428e+01
5.155405090073101881e+00
7.987820774263377999e+00
6.286797989215576976e+00
3.662139780249504817e+00
1.533049745693785049e+01
1.305533863839714392e+01
9.322653428451515012e+00
1.805322471400357998e+01
1.901646531150512942e+01
1.599903304107378510e+01
8.350175362761799391e+00
8.385267496276025412e+00
5.642339483285546464e+00
1.402665338624772140e+01
7.189418960035419914e+00
8.683827780983937927e+00
1.362663371404389423e+01
4.971816489676787576e+00
7.231858229893871837e+00
7.933199387018739834e+00
1.339374699170634031e+01
1.770487960962480756e+01
7.581888159191522369e+00
3.956944866721419984e+00
9.503334466575463324e+00
7.962950833250795668e+00
1.549091233283258262e+01
9.020654505174396931e+00
3.593276862060959420e+00
8.222226342281681255e+00
1.188262271585532837e+01
8.539724965210643504e+00
1.650970884293616336e+01
4.248448233696067611e+00
1.122273163866155343e+01
1.365700785808623863e+01
5.459752993710349500e+00
5.765987007833765610e+00
1.986455052234863672e+01
8.832491592099703581e+00
1.574296313684280513e+01
1.789692897541676686e+01
5.356638832236509273e+00
1.608150538327569379e+01
1.886909129226366133e+01
1.476934664482297954e+01
6.127933393622114977e+00
4.715416181244754590e+00
4.361981481516199466e+00
8.377143206101354878e+00
7.473745968957548946e+00
4.140399369223043635e+00
6.302589764246381066e+00
5.924747058488414098e+00
1.214547828371554594e+01
2.748483470981497589e+01
8.436012607166286870e+00
6.598680122310265794e+00
4.342778069013242259e+00
7.726208464457735126e+00
1.053674839396412111e+01
1.569440164236093693e+01
3.974265324203958283e+00
1.827226650171097333e+01
4.784580973489218181e+00
5.491982120377793208e+00
1.354386749238403098e+01
3.973430229900627886e+00
4.153911985696857379e+00
1.486808695933078361e+01
7.977340103411076022e+00
1.576097168908215274e+01
7.298967884197895550e+00
1.179163254161498209e+01
7.219179371675441104e+00
1.050218032925078582e+01
1.987145851260038043e+01
6.535305849131511025e+00
1.102401511605295958e+01
9.994614687286313526e+00
1.890284840562774704e+01
1.249186181640147986e+01
5.906756472695852800e+00
5.146590882340976947e+00
1.183704884389242196e+01
1.383005273088206444e+01
8.270545467751368562e+00
4.780273481884004916e+00
5.180780030137938752e+00
4.242637372617195979e+00
4.122140882421835961e+00
6.476538439564221150e+00
8.827729244030244615e+00
1.983864685233895386e+01
3.686335070040254625e+00
1.949282295910344587e+01
7.255536290268895350e+00
9.500741366267376975e+00
1.468345239369653576e+01
1.018149188384350801e+01
4.725137902631927567e+00
6.868541077780760951e+00
6.940677077066109923e+00
1.937016553758145676e+01
6.947879866372865365e+00
9.249322912816396070e+00
7.744066748691715851e+00
1.002391207046254706e+01
1.976937299927367420e+01
1.060711338883683119e+01
4.584000213013533553e+00
4.503296905536776862e+00
5.072016746969846501e+00
5.911598772105030264e+00
1.978905938070430537e+01
4.862768070445450341e+00
9.628518333216616654e+00
1.526942793877824833e+01
5.832898304664337452e+00
1.118443594589229839e+01
8.770421944255165414e+00
1.428049889227595948e+01
4.005355952224891602e+00
5.324011245346280674e+00
1.365468921185719431e+01
1.085335763936776665e+01
1.987347185633107927e+01
3.416654194411049339e+00
1.455430511830616247e+01
1.854434130849332618e+01
1.101256067734249733e+01
5.244346965152473672e+00
1.579128850312430998e+01
1.962141404935891842e+01
1.337470879653218958e+01
7.046918684330726101e+00
4.485351035702964673e+00
1.361848521373574705e+01
9.566072855810549669e+00
6.393468850718418750e+00
