1.085271854555913329e+01
1.916726628344125771e+01
1.161389583705888917e+01
1.019028052100708770e+01
1.172289073808583026e+01
8.185433684630821105e+00
6.400783441382714045e+00
3.935105165138337746e+00
1.769586282017507628e+01
5.228194415439748610e+00
8.820141331822059172e+00
5.528157972683095167e+00
4.230035913143741055e+00
4.930935278588375326e+00
1.668862457784267406e+01
5.123022476131190217e+00
1.190576828095892203e+01
1.793351063929941347e+01
6.530555151780611745e+00
6.400433944652176521e+00
1.042713034408295769e+01
8.407867657105525083e+00
8.810485611640954673e+00
7.547154981217333969e+00
2.227007394124913731e+01
4.404291970544651491e+00
5.922947431401580864e+00
1.760160694944597992e+01
8.918195723959337684e+00
1.722068680950203046e+01
6.287080303943155535e+00
7.634744669707210107e+00
4.022690516864726895e+00
4.463734476701296749e+00
5.640698714076567200e+00
6.003906296024211109e+00
1.195742132446711992e+01
1.311001116143605927e+01
7.178750942239217281e+00
7.508691744093649589e+00
6.480560716709482527e+00
9.201093419029897191e+00
7.110828761673355203e+00
6.227395738030645944e+00
1.972418143504630450e+01
1.935344066867057577e+01
4.845707191327196739e+00
1.165638397066742016e+01
5.410470882000148585e+00
4.604633400364222418e+00
1.412559040707914271e+01
1.718010253884110128e+01
1.139060040296050680e+01
1.437124294871102492e+01
4.361097518889206270e+00
4.567741964898976548e+00
9.217241810082882125e+00
8.727785027349552749e+00
1.059972078206782342e+01
9.916684454228143153e+00
8.120676122678705866e+00
4.701824354962287345e+00
1.394726720964592026e+01
5.164941643612990241e+00
8.041757461516336747e+00
6.314872530571458142e+00
3.645809607385249951e+00
1.544904269800260543e+01
1.316571062187016317e+01
9.394888068421652250e+00
1.814663104621171641e+01
1.907567222427476850e+01
1.611630421998076201e+01
8.409268308757681609e+00
8.444852624596006052e+00
1.414244789192213325e+01
7.231541168299613354e+00
8.747547522488067884e+00
1.374049368558263851e+01
4.978254911908241098e+00
7.274623421022807790e+00
7.986347329354422264e+00
9.277430483867618705e+00
1.350628291429858940e+01
3.495985138366572986e+00
5.726618270700622126e+00
7.629893449615995138e+00
3.945838014427379026e+00
9.577890982889760707e+00
8.016528760177148882e+00
1.560934541707985090e+01
9.088921834261377342e+00
1.100510991686688556e+01
3.575718721716608428e+00
1.979260232159978372e+01
8.279513908691441770e+00
1.198355849810803875e+01
8.601461000436842141e+00
1.662437445506563094e+01
4.242451427615677062e+00
1.131721646185967600e+01
1.377103011316688352e+01
8.716419517824444796e+00
5.785649904516982467e+00
6.995336162140617375e+00
1.980753920888589903e+01
8.898234081509283300e+00
4.833067198797013297e+00
1.799379336606687474e+01
5.369543344661018125e+00
1.619846110077131485e+01
1.893558949698624971e+01
1.488744889943382432e+01
4.717487914916050684e+00
4.357959842205088918e+00
7.520144474322255412e+00
4.132514918620956657e+00
6.330915975177713761e+00
5.946996737803551092e+00
1.224876843451480646e+01
2.758616275904867621e+01
8.496307173050517747e+00
6.631687023974277118e+00
4.338422943987626290e+00
1.062378305167962189e+01
1.581252311908667707e+01
3.963463636035623239e+00
1.836008764667966631e+01
4.787835150764119696e+00
5.507135080268192873e+00
4.106946417343054101e+00
1.973343838162790931e+01
6.525952605993518674e+00
3.962613832864338104e+00
4.146264022591282128e+00
1.498635522028516220e+01
8.031125677138021501e+00
1.587894796442346923e+01
7.342746493015901876e+00
1.189172374391390541e+01
7.261752640523199354e+00
1.058882102410366421e+01
1.978235512237946025e+01
6.567317040025193009e+00
6.610209622425676557e+00
1.111641594169018354e+01
1.125157258278350803e+01
1.007527929867306504e+01
1.896776995306372982e+01
1.259805145367324997e+01
5.928714003365042728e+00
5.155979244440492160e+00
1.193756346998880602e+01
1.394495207510738588e+01
8.328516813414617914e+00
4.783454114931526391e+00
4.236539244190803188e+00
4.113936696568922358e+00
6.507623297930281936e+00
8.893407314799162577e+00
1.970788147094625842e+01
3.670435647981648231e+00
1.951727481167903022e+01
7.298659510069283485e+00
5.182310914683139202e+00
9.575264839563695674e+00
1.480138164247834709e+01
1.026439771770932552e+01
4.727376039030884769e+00
1.272941889846171293e+01
6.905749738410239758e+00
6.978998261737607400e+00
1.940594607247845715e+01
6.986311886923676440e+00
9.320604042332584882e+00
9.785128438532629147e+00
7.794460908915811004e+00
4.343681171382201001e+00
1.010493112097522683e+01
1.975197044278665004e+01
1.069494466894101770e+01
4.583816181292946546e+00
4.501721756911265082e+00
5.080149074380052809e+00
5.933634961610380287e+00
1.976649877266441280e+01
1.318990062820822473e+01
9.704660178282690453e+00
1.538798643404269662e+01
5.853653812696056669e+00
1.127852403299882766e+01
8.835322865236094003e+00
1.439728099401360240e+01
3.995101557453947905e+00
1.852266499305468628e+01
5.336371693437240715e+00
1.376869916527275173e+01
1.094391958051702574e+01
1.980187066434189802e+01
3.395933121369308694e+00
4.692527925396019484e+00
1.862375535743023391e+01
1.110483948281798661e+01
5.255375736234029205e+00
1.590919132125289970e+01
1.963062181115798666e+01
1.348713037822475513e+01
7.086870073907591383e+00
1.373230123342463216e+01
9.641426310901675123e+00
6.423239417516720451e+00
