5.680834045392384901e+00
1.909384254219303756e+01
1.163513305230075723e+01
1.021222160049834038e+01
1.174397815423376379e+01
8.205074039876164349e+00
1.883598320374123247e+01
3.695550584876337474e+00
6.415826940214045315e+00
3.940700399538765719e+00
5.239147336247666153e+00
8.840872426311207732e+00
5.540230566218965258e+00
4.236925901705494546e+00
4.940731375508052636e+00
1.667908898786170013e+01
1.790183599213662546e+01
6.546002368624875167e+00
5.677967600123917435e+00
6.415476342466923221e+00
1.044910444305628694e+01
8.427925491638927014e+00
8.831202472255231584e+00
7.565397321444581991e+00
2.213393055767345174e+01
6.614626245843825636e+00
1.757701399998039449e+01
1.720305279151538258e+01
7.653195870488697317e+00
4.028674573809316151e+00
5.653178736132571380e+00
6.017652871549298510e+00
1.197813523518516554e+01
1.312777060564704357e+01
7.196057898617673310e+00
6.495853609834709275e+00
9.222325260033375827e+00
7.127953426001845116e+00
6.241884051184558579e+00
1.960298226581641501e+01
8.852666407270016080e+00
4.855163130214366518e+00
1.167756455379735314e+01
5.422109986178975660e+00
4.613107122824314565e+00
1.413891993835531302e+01
8.931176394060917900e+00
1.141209896006581914e+01
4.693519578914220780e+00
1.081821612063611227e+01
1.438319228224103696e+01
5.414131312919464811e+00
4.368549449054206057e+00
4.576062795164841823e+00
9.238492207487359664e+00
8.748376918969892557e+00
1.238170468106353717e+01
1.062168324682292386e+01
9.938519273015145927e+00
8.140188002798613098e+00
4.710697605269844601e+00
1.396151805227006726e+01
5.175652299376189092e+00
8.061108608871087711e+00
6.329643181917968597e+00
3.650095076419980433e+00
1.545318330447304334e+01
1.318327541086988219e+01
9.416327886311229634e+00
1.810978514485632829e+01
1.900682803363326201e+01
1.611384592524867188e+01
8.429328653811106520e+00
8.464976248586589591e+00
5.672523372659584950e+00
1.415568689080513565e+01
7.248987715824455336e+00
8.768169773449493221e+00
1.375573240034075440e+01
4.988238250042008382e+00
7.292182526539675358e+00
8.005582913347769392e+00
9.298748091823132000e+00
1.352254144044862549e+01
1.777666370400959295e+01
3.499577155577838106e+00
5.739404618852470996e+00
7.648333220919530717e+00
3.951481090289276299e+00
9.599497219820465332e+00
1.561204140762020032e+01
9.110018710407359777e+00
1.102692148042490317e+01
1.965358224371108520e+01
8.299335372354432749e+00
1.200422635707241881e+01
8.621851537087824369e+00
1.661570984979370280e+01
4.249395006637725736e+00
1.133878785797060651e+01
5.486247181460925937e+00
8.736993809083113405e+00
5.798644323339102513e+00
7.012143980913622343e+00
1.965465724031696482e+01
1.586123536374941168e+01
4.842472371869786407e+00
1.796071072507750799e+01
5.381029932315493092e+00
1.619507550601607804e+01
1.887303450730178866e+01
1.489604134462343410e+01
6.167711094717062359e+00
4.726425108720126111e+00
4.365398416995204478e+00
8.456723562713655440e+00
7.538321344269337310e+00
4.138981382859750369e+00
6.345737914571596860e+00
5.960549811516107965e+00
1.226891713073561441e+01
2.763192120923847028e+01
8.516520582320501020e+00
6.647441747080041097e+00
4.345778252605419389e+00
7.795118393923837985e+00
1.064574144955031265e+01
1.581326501962328202e+01
3.969185160091034614e+00
1.831745841166985755e+01
4.797057989844709880e+00
5.519130792659545648e+00
4.113301084776748162e+00
1.367288578651968400e+01
1.954509899781758619e+01
6.541385679197673220e+00
3.968331577970856117e+00
4.152790474608111460e+00
1.499422787304763638e+01
8.050454823547640970e+00
1.587901958989830042e+01
7.360481063561319814e+00
1.191254944800131277e+01
7.279278248154548159e+00
1.061078513250306088e+01
1.960985318902186236e+01
6.582876762035629881e+00
6.625899565507883615e+00
1.113815458738339181e+01
1.127320377985823718e+01
1.009718445168822321e+01
1.890383711122595400e+01
1.261736618841180402e+01
5.166655401799007841e+00
1.195831176743397961e+01
8.348429987028652022e+00
4.792659238253475174e+00
5.201552627893126335e+00
4.120321959650636856e+00
6.522999917057981101e+00
8.914243964167269496e+00
1.951238990590099576e+01
3.674834116645863791e+00
1.942067961136477550e+01
7.316280878259058262e+00
5.193088307938915626e+00
9.596868897909196505e+00
1.481057955200143539e+01
1.028635511728606033e+01
4.736353535289006267e+00
1.274837355300515540e+01
6.922305876053894025e+00
6.995760564216583433e+00
1.931806214462857696e+01
7.003094585851090237e+00
9.341967953003466718e+00
9.806886991006289023e+00
4.351058908882278864e+00
1.012684676122871785e+01
1.962523258794447045e+01
1.071688748831122062e+01
4.592203712862305665e+00
4.509767280939107614e+00
5.090531648605254311e+00
5.947142333762672095e+00
1.963623474038647032e+01
4.876897626464733904e+00
1.320737925679754987e+01
9.726364214819687604e+00
1.539265583144228700e+01
1.130013128555102320e+01
8.856076187788968213e+00
1.440907618805538526e+01
4.000963528135172531e+00
1.847514136497209236e+01
5.347734003365522959e+00
1.378380806454829610e+01
1.096576534243981271e+01
3.399056396986640749e+00
4.701363166158444962e+00
1.468199880727383366e+01
1.857293529706900514e+01
1.112658636222853836e+01
1.590895244666229047e+01
1.952270795628663436e+01
7.103929719318088587e+00
4.491434962123191710e+00
1.374757736665022279e+01
9.663083373530632514e+00
6.438353505128372234e+00
