1.094328989532412066e+01
5.658830150105641721e+00
1.172581213108282938e+01
1.026396030114193003e+01
1.183804720096326868e+01
8.216097761282144418e+00
1.944748365553719793e+01
3.658720046026222583e+00
6.401646730593834711e+00
3.905240594761822948e+00
1.811215778256388731e+01
5.213079151845028569e+00
5.516882481053971610e+00
4.203287775519848779e+00
4.912175063649026008e+00
1.702680984652953100e+01
5.106599610766775044e+00
1.202647091256785572e+01
1.837169532194191746e+01
6.533352212228058065e+00
5.655935824362997799e+00
6.401292072182449111e+00
1.050668030782197704e+01
8.442766053790380809e+00
8.853370038033272493e+00
7.566336303639050520e+00
2.264894389871199820e+01
4.379452209474246516e+00
6.602800748746835424e+00
5.916981065053888322e+00
1.800965602559221423e+01
8.963289019448886563e+00
1.759757648019432708e+01
6.286277331666353163e+00
3.993736699554281788e+00
4.439557280023634256e+00
5.630906682619108317e+00
5.999065461784574005e+00
1.207971583279936567e+01
1.327099588247980222e+01
7.191734496679559996e+00
7.527211653665477620e+00
9.252138764537438220e+00
7.122702627894197391e+00
6.225728501845035012e+00
2.046467041789458108e+01
8.875239527410142770e+00
1.998330354116545493e+01
4.825930712607356732e+00
1.176955761823141167e+01
5.397669248394032948e+00
4.582050494110211147e+00
1.432650759422771003e+01
8.955246645250952042e+00
1.755385706238849508e+01
1.149602663738033392e+01
4.663054593426087635e+00
1.088537911385210677e+01
1.458279693437644831e+01
5.389617964148352591e+00
4.335780007987819040e+00
4.544738377643396277e+00
9.268633604614032961e+00
8.768994489817201199e+00
1.249696524671146491e+01
1.068366546149263741e+01
9.983807306104347745e+00
8.150130570271894470e+00
4.680360853995770398e+00
1.414071739013452600e+01
5.149037579338387793e+00
6.314474436443492600e+00
3.613023762672337380e+00
1.571275729474374572e+01
1.332873163610535450e+01
9.450139820392720935e+00
1.641777695177138341e+01
8.444193762872254538e+00
8.480467159611377426e+00
5.650438698517263880e+00
1.434408182362806450e+01
7.245394200941047913e+00
8.789155593165878244e+00
1.392554015827590774e+01
4.960064435050952625e+00
7.289190608549867889e+00
8.013325289053080169e+00
9.330120040048306862e+00
1.368212527272721246e+01
1.823166524797135679e+01
3.461738065254952090e+00
5.717974785081086253e+00
7.650509060305131115e+00
3.916084385626386055e+00
9.637214055568078308e+00
8.044059328862303460e+00
9.137580738912147282e+00
1.109978183171084254e+01
3.542244939872321918e+00
2.058021497509077591e+01
8.311953820536039927e+00
1.210666284439653317e+01
8.640146762421277771e+00
1.695820674883306367e+01
1.142055225147976216e+01
1.395730091825092956e+01
5.462395613349067425e+00
8.757400205781861402e+00
5.777803628969112815e+00
7.005346255986277804e+00
2.062857477031089815e+01
8.942915657749912484e+00
1.614742892652024864e+01
4.813141079426163316e+00
1.843780528988564882e+01
1.650493464221019124e+01
1.949186080852629743e+01
1.512278947184912248e+01
6.150736956442484527e+00
4.696206335085067352e+00
8.472069221730997413e+00
7.538860970863681565e+00
4.104720642871743763e+00
6.330752308552759722e+00
5.941363391631661273e+00
1.238025788357334989e+01
2.719542382877411058e+01
8.532923822756643517e+00
6.636015042402101827e+00
4.312855886984897857e+00
7.799534064741647121e+00
1.070834845049008344e+01
1.609620381925794774e+01
3.933892598310947175e+00
1.884235679983611789e+01
4.767375817922207659e+00
5.495585089559752667e+00
4.078880434432400115e+00
1.383901151332824497e+01
2.062122811816497503e+01
6.528680493488265846e+00
3.933033980220440373e+00
4.118616294623255847e+00
1.522649305476400983e+01
8.058924299873037711e+00
1.616642873876653752e+01
7.358451360700480670e+00
1.201199549439427372e+01
7.276106043319725103e+00
6.570668168626759176e+00
6.614210742870283433e+00
1.121413610580267850e+01
1.135305585677574136e+01
1.014617423082832204e+01
1.952890890434776239e+01
1.274106892443239225e+01
5.922827387130862320e+00
5.139963995015600418e+00
1.205924464654655104e+01
1.413830667186745949e+01
8.361890434122042137e+00
4.762943325116633986e+00
5.175159718305452294e+00
4.209861425262976908e+00
4.085944890956108466e+00
6.510076140362514252e+00
8.937989497906503544e+00
2.060346275474158517e+01
3.637893328705699147e+00
5.166622739266901299e+00
9.634528795046358951e+00
1.503261291611902095e+01
1.033989477895082665e+01
4.706209520056228612e+00
1.287692155726491094e+01
6.914333964768540675e+00
2.004730809160324156e+01
6.996177567766846295e+00
9.374230803244360644e+00
9.849181363916258647e+00
7.817976592269036296e+00
4.318171907861606762e+00
1.017654006955242885e+01
2.050756815853360138e+01
1.078135741353871957e+01
4.560995607388838025e+00
4.477971087373358472e+00
5.063198845414269123e+00
5.927816451678070031e+00
2.053150231104353196e+01
4.847835382272214666e+00
1.335381118157922842e+01
1.564847719564882489e+01
5.846734144609454731e+00
1.138076591463673459e+01
8.878713882325406814e+00
1.902378556955189737e+01
1.395487631137982731e+01
2.064302863975490610e+01
3.360729587307047961e+00
4.670956652359341099e+00
1.489708705842638459e+01
1.120224049058169236e+01
5.240601655525556346e+00
1.619841860954276669e+01
2.033325899542485971e+01
1.366223434850171792e+01
7.098354920664078804e+00
4.459509995365190882e+00
1.391702020673628581e+01
6.424434875998873196e+00
