1.129323346732082811e+01
5.690018678625377468e+00
1.895549642571660698e+01
1.209235600915861397e+01
1.059173438613473017e+01
1.220612141374186521e+01
1.882303602135920428e+01
3.500719576020891122e+00
6.495025489297850285e+00
1.796968781943489546e+01
5.204746798608340441e+00
9.125425998617020085e+00
5.535659830302540385e+00
4.099729186102117673e+00
4.876274280434324204e+00
1.710595736183000071e+01
5.088592323477086232e+00
1.239660564518796981e+01
1.815899412253279266e+01
6.637257739253778155e+00
5.686872935718835897e+00
1.084315381082641316e+01
8.680617740731323195e+00
9.115026118015247647e+00
7.747227591224350007e+00
2.058976434198996230e+01
4.293053600659236579e+00
6.712194471805812412e+00
5.970314482254100774e+00
9.230987841636652647e+00
1.757278257662467880e+01
6.370308675728304948e+00
7.842492480624878581e+00
3.869475652471982219e+00
4.358961755335385213e+00
5.659666751921651695e+00
6.059323149855875279e+00
1.245031498333145059e+01
1.363719676731295394e+01
7.345883188463571578e+00
7.705374691146948507e+00
6.582476826679838133e+00
7.271774117627539447e+00
6.304807365048395340e+00
1.894238646915497171e+01
9.138109165956976199e+00
1.901745669977533026e+01
4.781999500248427459e+00
1.213672448872800835e+01
5.405896775959735834e+00
4.515106287050679512e+00
1.466134993071534964e+01
9.222508163391871960e+00
1.753792441338504560e+01
1.185875203128082944e+01
4.603803638246637853e+00
1.123370208020873129e+01
1.490540208091734975e+01
5.397128865095473849e+00
4.245148332569888439e+00
9.552362532546037954e+00
9.025916332591151559e+00
1.286933645403156845e+01
1.102594364467954868e+01
1.030051261049883671e+01
8.369869328877635795e+00
4.622747174982117180e+00
1.448322746702108788e+01
8.284353211514538629e+00
6.400801168333859259e+00
1.595519826817804798e+01
1.369393997953368824e+01
9.742857155354350596e+00
1.832221230032633130e+01
1.891510834542707897e+01
8.682131516027608242e+00
8.720583971941689327e+00
5.680898109387440442e+00
7.403457821783446136e+00
9.047216163571029313e+00
1.427572902693902535e+01
4.928598159642350929e+00
8.224279483507377364e+00
9.616939688168796962e+00
1.403951818216173564e+01
1.805787763228166298e+01
3.283538800779187028e+00
5.754285822472522405e+00
7.837217765701160133e+00
9.938761484060696816e+00
8.257004334605555940e+00
1.610793351976630916e+01
9.414567427678250056e+00
1.145384313953950439e+01
3.372332828268888694e+00
1.878237855435909154e+01
8.541824287324761400e+00
1.247747694159966692e+01
8.889680756152079866e+00
1.704827877942099690e+01
4.113508894065395438e+00
1.430643529708912354e+01
5.476365357021627744e+00
9.013665060761875125e+00
5.819266983546236283e+00
7.145682019156104126e+00
1.861316082116342585e+01
9.209505194636539827e+00
1.634559360778477810e+01
4.768014164735583371e+00
1.820584175251069325e+01
5.360749351867196033e+00
1.884422313197514498e+01
1.541278873783922521e+01
6.223637819125713122e+00
4.640089762678888619e+00
4.241668050470702944e+00
8.711682845604434178e+00
7.717837942812220575e+00
3.991463156255297129e+00
6.418400964979920076e+00
5.996759548907950155e+00
2.778506971901779821e+01
8.776165912865828034e+00
6.748018136672142120e+00
4.219996661394253223e+00
7.996365935713531492e+00
1.105139929448650449e+01
3.803662137937677823e+00
1.847816534417056289e+01
4.717960142620277963e+00
5.512486141561767639e+00
3.963068817434198365e+00
1.419193760122831449e+01
1.803194240548931404e+01
6.632215278103902989e+00
3.802717689876040197e+00
4.006730332187374621e+00
1.550908793116567708e+01
1.636245957904720427e+01
7.524672007836087140e+00
1.238199490214707943e+01
7.436397818282352468e+00
1.101441038785701920e+01
1.831543443442801333e+01
6.677528006047327658e+00
6.724501981181381538e+00
1.171295270299079405e+01
1.046942653549810487e+01
1.886135886506418302e+01
1.311287504926312941e+01
5.976655859691453188e+00
5.124997821752819149e+00
1.242967146292088643e+01
1.448090982042876185e+01
4.713111428803370195e+00
5.163392135209711853e+00
4.106947197538160843e+00
3.970832019995355289e+00
6.612132561831170818e+00
9.204310080475188727e+00
3.477769762584989266e+00
1.903682144703563495e+01
7.476628414362426867e+00
5.154080207564172511e+00
1.067048080592385517e+01
4.651037093225704133e+00
1.324787585472311591e+01
7.047805438997034599e+00
7.127836662439250404e+00
1.902829936512933884e+01
7.135825341756555140e+00
9.663238916070755025e+00
1.016018766333166035e+01
8.016045427757720887e+00
4.225829583215180207e+00
1.890012126049474617e+01
1.112664012597183572e+01
4.492043735566563001e+00
4.401070490850277572e+00
5.041222643924548663e+00
5.982067160477567924e+00
1.886961466990732816e+01
4.805949145984344639e+00
1.371856405439903170e+01
1.007426400101872943e+01
1.589676611886468294e+01
5.894096683135325421e+00
1.174123761415469147e+01
9.141775801451474948e+00
1.493117685731812649e+01
3.838820882723965155e+00
1.859082289678639910e+01
5.324149866565776712e+00
1.430409214010489549e+01
1.138938882662816177e+01
1.848306887594210224e+01
3.172070998317561674e+00
4.612453558024863121e+00
1.520189442015372805e+01
1.865769661383427191e+01
1.155878753662479141e+01
5.234755546730460729e+00
1.639081715977827969e+01
1.901353056350221493e+01
1.402014876272954069e+01
7.245624789547895794e+00
4.380835027327838915e+00
1.426748737337228867e+01
1.000669494997915621e+01
6.519646065301977877e+00
