1.089716117361018455e+01
5.636029738734125161e+00
1.855492777869138621e+01
1.164830373524402418e+01
1.023832194707938115e+01
1.175531410071125826e+01
8.218577109493852006e+00
1.833205131206714000e+01
3.577119589048095349e+00
6.392368073001428286e+00
3.832549135164799115e+00
1.732118178512799034e+01
5.179920498391007655e+00
8.861915122838128767e+00
5.490962166940552613e+00
4.140764471064263041e+00
4.871107009984052105e+00
1.643713438273508487e+01
5.070725467130782427e+00
1.193454044492962041e+01
6.525966580219408897e+00
5.633073483389775760e+00
6.392008107940122308e+00
1.047440976174484994e+01
8.852154071130089008e+00
7.568256516633574904e+00
3.013434989779264583e+01
4.322623454904341855e+00
6.596350618444454028e+00
5.899419227112250752e+00
1.723979568683297714e+01
8.960992677978147469e+00
1.690796290528165358e+01
6.275213580956955362e+00
7.657691319419296150e+00
4.384617146713452485e+00
5.607505860331922776e+00
5.983050175868324771e+00
1.198508822910438454e+01
1.310401228035138743e+01
7.191440403566064177e+00
7.528964053626062913e+00
6.474512125067922064e+00
9.246361983466007572e+00
7.121854074069375429e+00
6.213680858550675090e+00
1.906551012816109036e+01
8.873819205819984290e+00
1.871026378305912630e+01
4.782462121805998834e+00
1.169003510541270430e+01
5.368999162174760365e+00
4.531476450685262058e+00
1.407409910631798589e+01
8.953033870927265880e+00
1.687234148451506854e+01
1.142863640882150378e+01
4.614892290019944276e+00
1.084123425606304281e+01
1.430624372568283498e+01
5.360757931506504370e+00
4.277561607273949740e+00
4.493036258409535577e+00
9.262629658273954902e+00
8.768517915057328693e+00
1.237966356478409757e+01
1.064608049642288989e+01
9.964903276305889790e+00
1.390494387247320063e+01
5.114256716052867802e+00
8.072477492535846011e+00
6.303857852964871000e+00
3.529722937368908742e+00
1.531168208663171448e+01
9.441430282806507535e+00
1.770622349151804542e+01
1.847931421732617707e+01
1.592209463071133690e+01
8.445845980187492330e+00
8.481937498811594978e+00
5.627458542259558882e+00
1.409006250216484091e+01
7.245499905035320154e+00
8.788509407492401948e+00
1.370815143660480473e+01
4.920303800514162162e+00
7.289602305396818416e+00
8.016087583600723931e+00
9.323241943021256972e+00
1.348443005055920807e+01
1.741545642553402828e+01
3.372699693723511860e+00
5.696424441898832569e+00
7.652739483226181250e+00
3.843774508889707953e+00
8.046805792711660743e+00
1.545923448432067460e+01
9.133296476842673428e+00
1.104806428771426674e+01
3.456280441429613770e+00
1.919124093621079652e+01
8.314151782778884225e+00
1.201065357184711502e+01
8.640650092911492663e+00
1.637973940464521760e+01
4.153727775885696083e+00
1.135631849231030444e+01
1.373725695020848647e+01
5.435233109729199263e+00
8.757019168439644119e+00
5.757487764469258806e+00
7.003452135246066135e+00
1.929237534731873183e+01
8.940829623134936455e+00
1.568971757476484363e+01
4.769311481752447790e+00
1.757645833368979638e+01
5.326563213321730217e+00
1.599653733331635408e+01
1.836390922523785108e+01
1.479057162646861379e+01
6.137426144730187438e+00
4.274287838262083028e+00
8.473582907304141543e+00
7.540664899417994782e+00
5.924266986846599359e+00
1.226957717026833450e+01
8.534106472596340254e+00
7.802142201988898407e+00
1.564544377733543179e+01
1.788609097087232769e+01
5.469182172512254247e+00
4.012193873562269530e+00
1.362875564239491410e+01
1.973018433848805131e+01
6.521230372233953076e+00
3.861318794404522858e+00
4.053272162368152465e+00
1.488280279241105397e+01
8.061659654511460715e+00
1.192079075421403367e+01
7.276428239399455045e+00
1.063524804260308976e+01
1.947980506342813456e+01
6.563790603728295814e+00
6.607910146454088363e+00
1.115812171697108113e+01
1.129157600557558006e+01
1.012348593705362454e+01
1.839041907377016827e+01
1.260919881896424855e+01
5.905377614149496246e+00
5.104950603447207413e+00
1.196565917913796717e+01
1.390274431590257009e+01
8.363903872303831477e+00
4.717684336145508084e+00
5.141044562401575924e+00
4.147554854536986468e+00
4.019497861798581262e+00
8.935953625165824477e+00
1.990681505459914291e+01
3.555519792660644107e+00
1.885236674177430771e+01
7.314201389108403006e+00
5.132290631828203331e+00
9.622679350277596910e+00
1.471016088967123991e+01
1.031226214135507213e+01
4.659311140411292129e+00
1.273651244305519548e+01
6.911540387777463046e+00
6.986694615613076031e+00
6.994196328432439991e+00
9.366698896037144451e+00
9.833170320274053466e+00
7.820616122135006343e+00
4.259389092851970204e+00
1.015310782260157652e+01
1.910562682874740759e+01
1.074066299446180039e+01
4.509786329966010143e+00
4.424223433224983459e+00
1.913045517455826428e+01
4.804982077646221761e+00
1.318089199145606472e+01
9.752511293293398609e+00
1.525533830123617562e+01
5.827802911098527439e+00
1.131816330833125761e+01
1.433078886585043676e+01
3.895289974051108217e+00
1.802203994694913902e+01
5.292160936928115511e+00
1.373503575047811509e+01
1.098750205712600447e+01
1.936940293777594135e+01
3.267768547411107338e+00
4.623026875338905661e+00
1.458895128081029569e+01
1.810614292981506779e+01
1.114668153629352609e+01
5.208129922769955122e+00
1.573371204221929531e+01
1.895955856712684096e+01
1.346609782118451371e+01
7.097300077676954366e+00
4.405190673568009530e+00
1.370034036353942142e+01
9.689083969681137276e+00
6.415494843152219850e+00
