1.097587865886112368e+01
5.685325417034058582e+00
1.947776778231564521e+01
1.175314431956682348e+01
1.186445593818348776e+01
8.253330204617762789e+00
1.920100965495903722e+01
3.668949941766233014e+00
6.432527514611705577e+00
3.917801171252696335e+00
1.797108743356097449e+01
5.236492068974481384e+00
8.901045075712291421e+00
5.542431860996266835e+00
4.218548895491357698e+00
4.933324759528280978e+00
1.694015953794073326e+01
5.129228186890797403e+00
1.205122818741412161e+01
1.821440659171051379e+01
6.564908405151604676e+00
5.682412142086788798e+00
6.432170994898468663e+00
1.054136119490833678e+01
8.480313125160121146e+00
8.891190849296586762e+00
7.602052784480890502e+00
2.240383423341842217e+01
4.396247918304720059e+00
6.634700309577715949e+00
5.945109226085350862e+00
1.787459059617120261e+01
9.001116434888281503e+00
6.316540681537861524e+00
7.691421571119718692e+00
4.007112646885302887e+00
4.456865939605036075e+00
6.027688861843478740e+00
1.210398302081175537e+01
1.328136937334333112e+01
7.226181708532693371e+00
7.562808755063231914e+00
6.513908436708318206e+00
9.289844914959614286e+00
7.156885603306837318e+00
6.255658262230977762e+00
2.004551502837277965e+01
8.913063935094069024e+00
1.966821460822615819e+01
4.846405284344735165e+00
1.179653515231591854e+01
5.422398333394631287e+00
4.600553375334611061e+00
1.431916439464001733e+01
8.993074551762747504e+00
1.744312559162680287e+01
1.152511303239767670e+01
4.682222547402237645e+00
1.091827860181099830e+01
1.457024777011446126e+01
5.414290803619341119e+00
4.352199602168390413e+00
4.562931534077069529e+00
9.306326666056472519e+00
1.251702142532512951e+01
1.002026458249755336e+01
8.187250177689376684e+00
4.699669591215006825e+00
5.171980944731130236e+00
8.106720989515483922e+00
6.344890900436753078e+00
3.622812139542567866e+00
1.567216839428489905e+01
1.333827789970761302e+01
9.487643982533864317e+00
1.843263692561322742e+01
1.938401576300249474e+01
1.635462625437688544e+01
8.481742453144715199e+00
5.676878987610286309e+00
1.433639381603387974e+01
7.280040360409965494e+00
4.981583961419860707e+00
7.323994942014747878e+00
8.050180818485921819e+00
9.367758354050232938e+00
1.368626597326202798e+01
1.808331533761750975e+01
3.470043787717473016e+00
5.744854176612277818e+00
3.928745482097130370e+00
9.674436039208961446e+00
8.080977696503159891e+00
1.583610240475539932e+01
9.175359288905909239e+00
1.113147862341957861e+01
3.551343647579626062e+00
2.011297887429382314e+01
8.349333217894459480e+00
1.213067801161414216e+01
8.677873847674471008e+00
1.687441743808117423e+01
4.231209566274201528e+00
1.145017569140616764e+01
1.395680598915047277e+01
5.487572990651942817e+00
8.795191939271763459e+00
7.039058774607008573e+00
8.980744017396332879e+00
1.609346260870565715e+01
4.833514542095512567e+00
1.827613253758748968e+01
5.380655311956027198e+00
1.643866936227205500e+01
1.924059522805679023e+01
6.180244522626427539e+00
4.715643567375903622e+00
4.348999911086076864e+00
8.509648601416042624e+00
7.574493942891075804e+00
4.119103052662720366e+00
6.361256514553698338e+00
5.969639876824032854e+00
1.240155942478177487e+01
2.762884075436170406e+01
6.668075678699189268e+00
4.329076910469051853e+00
7.835896892793936530e+00
1.074213418521675578e+01
1.604390007119874895e+01
3.946718405134051366e+00
1.865123025797861089e+01
4.787385392679697205e+00
4.093030119327893956e+00
1.384055665734131679e+01
2.003362628286325275e+01
6.560213270451165535e+00
3.945851856099339194e+00
4.133123447948059415e+00
1.519906520628692981e+01
8.095872332457998866e+00
1.611183963716239020e+01
7.393498075638353484e+00
1.203688420589274521e+01
7.310863517933787747e+00
1.070643892296529387e+01
2.009266653765016031e+01
6.602409962111551955e+00
6.646165867334599575e+00
1.124513203786272797e+01
1.138314349349968424e+01
1.018216188483972040e+01
1.927354538545112916e+01
1.275834424852525117e+01
5.950991206518179588e+00
1.208370149487767797e+01
1.413454729325125037e+01
8.399338341787583317e+00
5.198295409194464867e+00
4.225180638216092355e+00
4.100158297728087042e+00
6.541515270619130185e+00
2.000153897015800908e+01
3.647922361558915583e+00
1.983553918764884827e+01
7.348517863762798363e+00
5.189695697076173175e+00
9.671755467002085993e+00
1.500995377879288739e+01
1.037522622296216568e+01
1.289254299332665887e+01
6.947663389191117922e+00
7.022390864583942793e+00
1.972187857094924368e+01
7.029852211838349518e+00
9.411824025036986896e+00
9.885973637819549964e+00
7.854385721973919487e+00
4.334439049137930766e+00
1.021243181788561216e+01
1.081478918024042990e+01
4.579323974953441123e+00
4.495604723772673061e+00
5.085502507404809691e+00
5.956010654081921096e+00
2.008768548204498217e+01
4.868482528778527829e+00
1.336299332237207338e+01
9.803834500662617302e+00
5.874429245552548196e+00
8.916538757344051547e+00
1.459686284170263093e+01
3.978979845443293417e+00
1.881772830036707589e+01
5.346822911564008685e+00
1.395442392877505000e+01
1.106899920045037788e+01
2.011669775117839976e+01
3.368027638769542254e+00
4.690188945381053465e+00
1.487761046713912982e+01
1.892125775074139682e+01
1.123331128449460081e+01
5.264214331893787957e+00
1.614277336393568163e+01
1.995092995709090999e+01
1.366669533515996982e+01
7.132442483789700916e+00
4.476987731426001815e+00
9.739288666286419982e+00
