1.140087665505481240e+01
5.440108595733972763e+00
1.713831056368118055e+01
1.211362527786593191e+01
1.074475926728384856e+01
1.221201292653017845e+01
8.564643758282352692e+00
1.688207710392277860e+01
2.706693018092131808e+00
6.391783297283379461e+00
3.056721673150721852e+00
1.617987820681949884e+01
4.852250832214198617e+00
9.285625959550344533e+00
5.254260233405053881e+00
3.475056343012095983e+00
1.568112139566400387e+01
4.709988806576916431e+00
1.237499974727914598e+01
1.629833936161384145e+01
6.556822063814487400e+00
5.436331813701679394e+00
6.391337362600083338e+00
1.098312089508368139e+01
8.820484860591051302e+00
9.274867609334497942e+00
3.719800944237852569e+00
6.643394160454187514e+00
5.774835000508675265e+00
1.613355972070320021e+01
9.394506912102805529e+00
1.594712743064151717e+01
6.246293646191879212e+00
7.916741586788447194e+00
3.181490132863872944e+00
3.802874475366707863e+00
5.403649440218678990e+00
1.242055773573572353e+01
1.338165531168525035e+01
7.364852417111775296e+00
7.765563054493285655e+00
6.493369013942737134e+00
9.704838435417990183e+00
6.169593743102320893e+00
1.848072771158564365e+01
9.298738668624116244e+00
1.738416139824804674e+01
4.331636669117659544e+00
1.215208900968790395e+01
5.097199023805746521e+00
3.998941869386806403e+00
1.413873410427908617e+01
9.385782132399690170e+00
1.592717596423727144e+01
4.109849472353303668e+00
1.134628645364994881e+01
5.086559496402214720e+00
3.659302425863734332e+00
3.947720806926063641e+00
9.722381562910658914e+00
9.182455639449765172e+00
1.276991145041878184e+01
1.115417746793815468e+01
1.046425415439560602e+01
8.489522756781369139e+00
4.133492498359787604e+00
1.401196352223461261e+01
4.766772499455927736e+00
8.397587492674819742e+00
6.281931626774496458e+00
2.641412837812693315e+00
1.342537669292069502e+01
9.914142743630844024e+00
1.640841463144641565e+01
1.704169720719184511e+01
1.537880651565925127e+01
8.822085087085209665e+00
8.862694274822581875e+00
5.429157203368533580e+00
1.415058200957292733e+01
9.204582320111923011e+00
1.386167376630116443e+01
7.482031868249489293e+00
8.332784849596443166e+00
9.787605041932682326e+00
1.623413535508489147e+01
2.424408796736917449e+00
5.517170072635571465e+00
7.910943060298176732e+00
3.072035266127778996e+00
1.010931967772669893e+01
8.368108183453186300e+00
1.509250432641527517e+01
9.582467044282026336e+00
1.154713312889079013e+01
2.540056293060896753e+00
1.922001439895505825e+01
1.244353042590509695e+01
1.564815005206657617e+01
3.492553827882668660e+00
1.184113139229901535e+01
1.388409110901897492e+01
5.182585408512452751e+00
9.169718114208345483e+00
5.594897952173703004e+00
7.138989659336692384e+00
1.992791547333300173e+01
9.372396007074138780e+00
1.523696202252562770e+01
4.314280038910043302e+00
1.632899653966187259e+01
5.042377749256917951e+00
1.542348069239904618e+01
1.691399614548402397e+01
1.465077385318189584e+01
6.074271999352519380e+00
4.155123793779462282e+00
3.654903433892920273e+00
8.853300625154648884e+00
3.337299781835821655e+00
6.302481703015501147e+00
5.806231207428932173e+00
1.267356739349036943e+01
2.307258563916627736e+01
8.921259946506502558e+00
6.684687040607101949e+00
3.627499693496335276e+00
8.085291508669239846e+00
1.117784842096961206e+01
1.520951078235627918e+01
3.097168748267780103e+00
4.252090309886024322e+00
5.226266741767287449e+00
3.301088965764105154e+00
1.380018888728875659e+01
2.257912366485771116e+01
6.550987216596025675e+00
3.095957379744017413e+00
3.356755653358165947e+00
1.471375850775063476e+01
8.385169711155459282e+00
1.524709658620873576e+01
7.564925654441802649e+00
1.114344064723100836e+01
2.120140297954943520e+01
6.603377784231288850e+00
6.657587461608726720e+00
1.165283871695228335e+01
1.177991790102061387e+01
1.694155862416258529e+01
5.782366539527480143e+00
4.754641079710208551e+00
1.240306802904236427e+01
1.401030038185702864e+01
8.729606658508256345e+00
4.246060229486746884e+00
4.801669346865060639e+00
3.484222786040192865e+00
3.310992631427839950e+00
6.527736843596692928e+00
9.367045335754664137e+00
2.336942686588222529e+01
2.676956029772059598e+00
1.769774438740429545e+01
7.511314624370140969e+00
4.790269369252394327e+00
1.010653589810843300e+01
1.459531757435180843e+01
4.168771620235427022e+00
1.307613998011892775e+01
7.027869107323874154e+00
7.118763671586095576e+00
1.747118405765557725e+01
7.127819948910567582e+00
9.834230854058603200e+00
1.032742200369707319e+01
8.106763559615398407e+00
3.634877466472447693e+00
1.065784602284516502e+01
1.869262396379164315e+01
1.124759774432007298e+01
3.970048731719848956e+00
3.855852704965004651e+00
4.651801297924813561e+00
5.788791993888493970e+00
4.361339815879580861e+00
1.344428561211553053e+01
1.024310499261533103e+01
1.496143618100300721e+01
5.684169252449541077e+00
1.180509057643877568e+01
9.302527919391854638e+00
1.432682263932110622e+01
3.142237397223314410e+00
1.662101268367164764e+01
4.997869415901001311e+00
1.388238263461756006e+01
1.148861856038931073e+01
2.047232694162246247e+01
2.278770013800174965e+00
4.120647180029741286e+00
1.451076421112773751e+01
1.668485486644498295e+01
4.888907599185045250e+00
1.802878921539562995e+01
1.367270623201541646e+01
3.830403372448130117e+00
1.385564643098575033e+01
1.017651684684194535e+01
6.420419239245998000e+00
