1.156083482613538926e+01
1.757499468780486751e+01
1.230168085337684580e+01
1.088279905820365201e+01
1.240434154252063159e+01
8.651030101915695880e+00
6.450773109426889640e+00
3.105994704020366370e+00
1.665238683492835392e+01
4.902613326644543967e+00
9.385966584694735104e+00
5.306131581272405029e+00
3.523810210909489538e+00
4.497751574544746056e+00
1.611339863326367805e+01
4.759935087265851017e+00
1.257463569758423638e+01
1.677670782485694190e+01
6.617219906251611050e+00
6.450323505394949919e+00
1.112872330996617087e+01
8.911508674697726562e+00
9.374979301849611701e+00
7.886395123149045006e+00
2.989373288706661924e+01
3.768460158357614720e+00
5.829421770639718225e+00
1.660321481984031777e+01
9.497201515209614087e+00
1.640294566504870133e+01
6.304124429705185051e+00
7.992817642959894719e+00
3.230561994485267263e+00
3.851537558626550783e+00
5.456210168306235175e+00
5.935627627583904165e+00
1.262228864294389474e+01
1.363354083490303914e+01
7.433648991379865123e+00
7.839513097349233739e+00
6.553213647726781943e+00
9.814622038460806053e+00
7.349277869602264701e+00
6.226843998989371798e+00
1.869113474054584145e+01
1.778609914131449798e+01
4.380765181283098109e+00
1.234180295756632972e+01
5.148421498513244821e+00
4.047687770589637246e+00
1.443964972271422376e+01
1.638134270533704040e+01
1.208866367295744304e+01
1.462238713562092940e+01
3.707970377300317644e+00
3.996435002962874794e+00
9.832583151546053557e+00
9.280627621106773972e+00
1.130548326214694121e+01
1.059394018313673413e+01
8.574610195238120625e+00
4.182356012491335484e+00
1.430398985085189523e+01
4.816877668368608312e+00
8.481123178416206443e+00
6.340039277373526794e+00
2.691631403695688096e+00
1.536725414840262438e+01
1.367984292480486452e+01
1.002903754019703619e+01
1.688998826344013438e+01
1.749013240916702472e+01
1.578275719948119615e+01
8.913138966801165353e+00
8.954515615392608652e+00
1.445234337483761422e+01
7.499031124952403538e+00
9.303214390719753979e+00
1.414353148614886813e+01
4.562529760544114410e+00
7.552264642005170003e+00
8.415251491035425246e+00
9.899377237481310488e+00
1.395771008783837885e+01
2.475286070016240902e+00
5.570302523782293846e+00
7.986935685485135217e+00
3.121281514854733263e+00
1.022923124472878698e+01
8.451155031013492192e+00
1.547018510059785434e+01
9.689386925025070596e+00
1.171246954367737203e+01
2.590568691935183576e+00
1.929307270800072516e+01
8.761583145036356157e+00
1.264632658570231172e+01
9.135657634115045056e+00
1.607736329933547736e+01
3.541295729219273269e+00
1.201787036699391464e+01
1.416744070247402298e+01
9.267626472777946489e+00
5.648446032000853378e+00
7.205178193333831693e+00
1.986994649250902611e+01
9.474607090576379065e+00
4.363380918533944275e+00
1.680849383891953153e+01
5.093391799271256737e+00
1.583161406123626236e+01
1.737577780079197609e+01
1.499068515184917594e+01
4.204010890631109554e+00
3.703572398463159221e+00
7.853482062969040278e+00
3.386175461971880019e+00
6.360751072767951264e+00
5.861010294987587521e+00
1.288736734575298826e+01
2.242383570845879603e+01
9.014203374143834324e+00
6.746245251453599323e+00
3.676176119128307107e+00
1.132996222352246640e+01
1.559779055903780609e+01
3.146372305576442319e+00
1.700736576658285415e+01
4.301099178758758690e+00
5.278016780614223080e+00
3.350004742049182305e+00
2.204689878679030102e+01
6.611333565703387372e+00
3.145162958564831523e+00
3.405611173004545744e+00
1.505882236167120780e+01
8.468498965861883221e+00
1.563882508532717708e+01
7.636209415239236797e+00
1.256164474463805014e+01
7.536372964502829674e+00
1.129438146248697805e+01
2.091213598375927063e+01
6.664191028109732962e+00
6.718894618537713193e+00
1.182218205455431459e+01
1.195421560258301064e+01
1.076200353666177101e+01
1.740069398266699707e+01
1.319678092280688375e+01
5.836999141559529924e+00
4.804711497985157287e+00
1.260399192769003029e+01
1.430221201168495426e+01
8.818944830428877779e+00
4.295060756872004504e+00
3.532970285943208388e+00
3.359897109242695024e+00
6.587879259685736066e+00
9.469139833509869320e+00
2.270110798184690992e+01
2.727077344131406456e+00
1.804876627227565677e+01
7.581915328675187915e+00
4.840443093695051324e+00
1.022637416724536763e+01
1.493075767322326541e+01
1.096017085091214582e+01
4.217674266406103989e+00
1.331076468118805245e+01
7.092850312896693765e+00
7.184728772028433852e+00
1.785956962192855713e+01
7.193884889438352914e+00
9.947141966688331394e+00
1.045323752417839636e+01
8.185658451999639595e+00
3.683551688658626144e+00
1.079323578060925293e+01
1.886376853835190559e+01
1.140211951044744509e+01
4.018775867644887256e+00
3.904527910751811604e+00
4.701594669494992829e+00
5.843463847770489217e+00
1.898013270201244396e+01
1.369987685564075264e+01
1.036659998112574854e+01
1.532752162728683842e+01
5.738219201832728267e+00
1.198038783069201507e+01
9.403229532444024485e+00
1.464147438482616614e+01
3.191368349407863736e+00
1.710134805351989584e+01
5.048721055344795872e+00
1.416561822567018503e+01
1.165178043712519518e+01
2.031470166531899224e+01
2.330151168873938250e+00
4.169497305472599002e+00
1.716276442701505189e+01
1.181081242151192612e+01
4.939387172327987408e+00
1.565739781925562646e+01
1.832173572462112787e+01
1.394232409848522458e+01
7.319450661649395506e+00
1.413710449870378305e+01
1.029821331978681798e+01
6.479646196666304370e+00
