1.145200285214436420e+01
5.480455895881306994e+00
1.767275665280395458e+01
1.218679887734569434e+01
1.078120903739374015e+01
1.228880565723531681e+01
8.581174988701334883e+00
1.741326638083374689e+01
2.800924484872148401e+00
6.419855519476380223e+00
3.142710088795877432e+00
1.663072516354887753e+01
9.304582094532817038e+00
5.297438927163502953e+00
3.551671638117356977e+00
4.505375830257113634e+00
1.604890870826388394e+01
4.762216264004613286e+00
1.245812807160628211e+01
1.676834017746696048e+01
6.583167860524167025e+00
5.476735301348659490e+00
6.419414418101207609e+00
1.102434298949524205e+01
8.837465974920876377e+00
9.293760397553336716e+00
7.829403101873833926e+00
3.007661483101892941e+01
3.791183409795315207e+00
6.668884712684953975e+00
5.810430531744832372e+00
1.657667727877298347e+01
9.414153072884667850e+00
1.635869544139470122e+01
6.275990232256022594e+00
7.933987843457937394e+00
3.264627528302294301e+00
3.872524069626988474e+00
5.444541503990399711e+00
5.914573718972702565e+00
1.250553548816533045e+01
1.351486756907338638e+01
7.384632105802589663e+00
7.783335250124760130e+00
6.520363782807324426e+00
9.726954704314243472e+00
7.301773990936683667e+00
6.200184587287837168e+00
1.890158711451387674e+01
9.317773180971196112e+00
1.791058305833164965e+01
4.390788518546928643e+00
1.222665951420107433e+01
4.064590411801607850e+00
1.432568196339195588e+01
9.405369693877666748e+00
1.633537663401115125e+01
1.197529154890278669e+01
4.173290876728620979e+00
1.139600089983886377e+01
1.451060011730951871e+01
5.132407866125716644e+00
3.731960769471652561e+00
4.014402445603548308e+00
9.744660418419964998e+00
9.200839582955280704e+00
1.287028715549687874e+01
1.119920913639461446e+01
8.506003394059945322e+00
4.196468700835904286e+00
1.418870780905444029e+01
4.818004696126307884e+00
8.414055252075460345e+00
6.311221563683500513e+00
2.737220777684719941e+00
1.527072616520217707e+01
1.356126140131391011e+01
9.938365040962796826e+00
1.689492176131195578e+01
1.757649362236566404e+01
1.570119444717073165e+01
8.839070394363476524e+00
8.879791834540391449e+00
5.469667583934688437e+00
1.433851136663820647e+01
7.448847391645887939e+00
9.223082373962585123e+00
1.402699646028493241e+01
4.568829524923315510e+00
7.501134557709113970e+00
8.349275506422731752e+00
1.384009318528276467e+01
1.669388900820408139e+01
7.928207078572604871e+00
3.157671257453549263e+00
1.013584232648862304e+01
8.384583105189548746e+00
1.537682183601433827e+01
9.603518424483832305e+00
2.638335866017194498e+00
8.689937821768577209e+00
1.252945410775857482e+01
9.058098588753640712e+00
1.601073357231889460e+01
3.568788765077069325e+00
1.190504346236213173e+01
1.405107283535654616e+01
5.226891942611972652e+00
5.632991422063594378e+00
2.014664013814416776e+01
9.391894788350571233e+00
1.553989790407142380e+01
1.680374675964337783e+01
5.088947267363303162e+00
1.575224097952109936e+01
1.744635313362329043e+01
1.488497884888261602e+01
6.106010148650097058e+00
4.217676022420251414e+00
3.727655004225425284e+00
8.870371216412319626e+00
7.797061334323807991e+00
3.416942731844972325e+00
6.331539724064535690e+00
5.841404559395266816e+00
1.276947419990308319e+01
2.241532903601944327e+01
8.938539337230036352e+00
6.709782047499549762e+00
3.700833407175797785e+00
8.102107084194981823e+00
1.122343356847491691e+01
1.550881750689578453e+01
3.182227834366401886e+00
1.702716697624525821e+01
4.312761421002245577e+00
5.269883573129437337e+00
1.396103898030740709e+01
3.181044228003990337e+00
3.435967450137969337e+00
1.495452878992823109e+01
8.401639823447441202e+00
1.555138327709201995e+01
7.583593832823825487e+00
1.244520610013935702e+01
7.485525043292952319e+00
1.118822340398290649e+01
2.122493050478651710e+01
6.629259304925773755e+00
1.171096826041869399e+01
1.066184655443132989e+01
1.747473969960765672e+01
1.307808900512622152e+01
5.817860421926498660e+00
4.806084925667380325e+00
1.248733164194868905e+01
1.418691434969691834e+01
8.746378078763857644e+00
4.306847391531784197e+00
4.852295703265455451e+00
3.560638703348576239e+00
3.391220406413511412e+00
6.554377802771428563e+00
9.386509010916528339e+00
2.304850687164671541e+01
2.771904119674437172e+00
1.820276197186541012e+01
7.530259583092373532e+00
1.013302338525366331e+01
1.482388906953473828e+01
1.085768417544513476e+01
4.231057161902399777e+00
7.049993787050895300e+00
7.140198775337946557e+00
1.799273284376962323e+01
7.149188627013240094e+00
9.857605898730488647e+00
8.123536291672214915e+00
1.069270447340411501e+01
1.908637981085835378e+01
1.129485186781333894e+01
4.036278967178826171e+00
3.924408831574154100e+00
4.705060682778682946e+00
5.824199341873161018e+00
1.921036748941321548e+01
4.419929935031940538e+00
1.027139974422098412e+01
1.522985482419090175e+01
5.721006847224407998e+00
1.186785801563561549e+01
9.321585320262832042e+00
1.452994447976296755e+01
3.226266714753323939e+00
5.045172838569147444e+00
1.404923738286590940e+01
1.154209140664949729e+01
2.060870310149799067e+01
2.383553484121884836e+00
1.473100252701035195e+01
1.720354931506316731e+01
1.169969697120218832e+01
4.938038900132301734e+00
1.557066934448326379e+01
1.850216952447120633e+01
1.382463411266818198e+01
7.272483602827697347e+00
3.899483636435332468e+00
1.402052566617528484e+01
1.020390932269610573e+01
6.448182976779934350e+00
