1.142285291128994729e+01
5.532353474937306004e+00
1.734709879523260057e+01
1.213189481849769180e+01
1.077163766975708015e+01
1.222993421646629741e+01
8.614420288308236806e+00
1.706878575501302464e+01
2.840570022795058325e+00
6.470326573992465136e+00
3.185124077050308866e+00
1.629340014604480658e+01
4.953199531639962849e+00
9.326961359341064295e+00
5.349238789007816131e+00
3.596962659334006940e+00
4.555433111063457829e+00
1.575507146060915176e+01
4.813067771849328658e+00
1.239244542859951537e+01
6.633045625205721052e+00
5.528632072564214184e+00
6.469886931638769489e+00
1.100807801086608073e+01
9.316323654915489527e+00
7.871062024506583654e+00
2.846484605493199638e+01
3.837932355613131730e+00
6.718408281466373033e+00
5.862201612471590551e+00
1.624268932654676334e+01
9.434631178902586512e+00
1.604005475927514723e+01
6.326896652879952399e+00
7.974641145362967087e+00
3.919729125742042353e+00
5.496429231526340331e+00
5.966222224471578350e+00
1.243789422962479385e+01
1.339968008819188050e+01
7.430003024307909598e+00
7.825420818094023900e+00
6.570482289113118490e+00
9.741614141026539997e+00
7.347738085372840899e+00
6.251288002261426335e+00
1.873589339098109718e+01
9.339927255312815646e+00
1.760949540560142168e+01
4.440422642234014283e+00
1.217021712013344903e+01
5.194501050767256878e+00
4.112792686284397092e+00
1.416305995252472272e+01
9.426002778527047710e+00
1.601851366637733065e+01
1.192829849387307739e+01
4.222007256518257812e+00
1.136862194523012448e+01
1.433584869164252495e+01
5.184019343999111129e+00
3.778365115016200981e+00
4.062355035622477573e+00
9.758972770490442983e+00
9.224955071132841411e+00
1.278679006724277656e+01
1.117785123437684369e+01
1.049357495756797398e+01
1.403474461200977785e+01
4.869000113956389875e+00
8.449414079329521599e+00
6.362028847249544761e+00
2.776314554281365421e+00
1.504068849475922676e+01
9.948752711519738057e+00
1.654534078205438874e+01
1.724273395052042090e+01
1.543633515854949145e+01
8.868768455870215561e+00
8.908897394012491588e+00
5.521562685015109828e+00
1.417506425717860630e+01
7.493737691236617593e+00
9.246830786118968248e+00
1.388290754619440293e+01
4.619102982142471170e+00
7.545619917424495782e+00
8.385415317967364501e+00
9.823515008835006057e+00
1.370696005549334906e+01
1.635297261494971011e+01
2.562724815318387250e+00
5.608286593121914798e+00
7.968917315749689756e+00
3.200198948565542878e+00
8.420299875618880492e+00
1.513839909327290911e+01
9.620544285982665755e+00
1.156819544368863184e+01
2.676551231376509854e+00
1.946836308814931726e+01
8.721729961258182229e+00
1.246081595187249924e+01
9.084503315798929890e+00
1.572006409703832652e+01
3.614189616832734320e+00
1.186058620689161813e+01
1.390553731743822929e+01
5.278622807688492458e+00
9.212362340233735125e+00
5.684879503310779292e+00
7.207184608836168849e+00
2.015623894786988046e+01
9.412764753862822076e+00
1.528831680826144535e+01
4.423329201589752735e+00
1.645751623866459568e+01
5.140493531436694852e+00
1.548313958861005624e+01
1.710371474917711154e+01
1.468408620234809092e+01
6.157327505087771158e+00
3.774033886338883370e+00
8.899614643506188472e+00
7.839020819073415858e+00
5.893143381723312757e+00
1.269050171147735462e+01
8.966774277910625202e+00
8.141034573025519805e+00
1.525976729444435520e+01
1.667474889446764053e+01
5.321658544681552527e+00
3.425690237850946840e+00
1.382087146129214439e+01
2.264615239713031514e+01
6.627292477935420756e+00
3.223748280252796583e+00
3.480493555476089629e+00
1.474854442321398196e+01
8.437149973663705893e+00
1.238005336532374301e+01
7.530132574791415401e+00
1.116719249455428198e+01
2.136775136243339546e+01
6.678950304087611478e+00
6.732403793531093861e+00
1.167328644339551502e+01
1.179968069848372103e+01
1.065540149235572365e+01
1.713381993416476945e+01
1.298490852157220665e+01
5.869624087530811885e+00
4.857050461909511618e+00
1.242044517329398801e+01
1.403306271574948205e+01
8.777391620554620744e+00
4.356144986157292287e+00
4.903374451886873153e+00
3.605987368407254312e+00
3.435440231394791599e+00
9.407473358409820463e+00
2.336501068590899877e+01
2.811299679915047811e+00
1.793810219443840381e+01
7.574514057974899295e+00
4.892145107276037130e+00
1.013922652393273260e+01
1.462740809116850293e+01
1.084605502424848922e+01
4.280031793673786389e+00
1.309324323375239274e+01
7.097576899385415139e+00
7.187233262434573611e+00
7.196166527665403656e+00
9.869658438457795668e+00
1.035799974440782911e+01
8.162233992312428299e+00
3.754316485932391423e+00
1.068546108164113129e+01
1.894755543315365642e+01
1.127060661561136357e+01
4.084341345110509280e+00
3.971894372031752329e+00
1.908950124771286738e+01
4.469675655386760482e+00
1.346259748180033711e+01
1.027447737446941645e+01
1.500300704537145258e+01
5.772851258785690831e+00
1.182472495603025031e+01
1.435389456826426091e+01
3.269307585054410215e+00
1.678096516480107780e+01
5.096646899379701168e+00
1.390381243364310393e+01
1.151003787568622272e+01
2.067791316040916527e+01
2.419384125845937650e+00
4.232640376574678953e+00
1.454112025742845482e+01
1.685162739680263044e+01
1.166239844873204490e+01
4.989308835293771338e+00
1.531657284532356478e+01
1.827882837561327278e+01
1.369238571842061170e+01
7.318650167077110247e+00
3.946835453337653732e+00
1.387682415353999410e+01
1.020852724960685975e+01
6.498558723299269424e+00
