5.509017588138160448e+00
1.752894012095663001e+01
1.231978763648586295e+01
1.090083607641338048e+01
1.242242534744683624e+01
8.668313311270143373e+00
1.731237207342035589e+01
2.772356026041721488e+00
6.467239916826655666e+00
3.121658163042748235e+00
4.918624290007126199e+00
9.403531003359425711e+00
5.322248515190211471e+00
3.539535617887353158e+00
4.513666129864339460e+00
1.611772674237698411e+01
1.676630483338034239e+01
6.633743037802979359e+00
5.505220974695720138e+00
6.466790162355204430e+00
1.114681057109613604e+01
8.928892809416701937e+00
9.392539627160914506e+00
7.903381970873284423e+00
2.968488697166827706e+01
6.721124113648595078e+00
1.659786256463138798e+01
1.640225282682599683e+01
8.009845385437726506e+00
3.246242693629699527e+00
5.472368943618556969e+00
5.951928466708567456e+00
1.264030532216238711e+01
1.365078854547564369e+01
7.450464583266161789e+00
6.569714972889787674e+00
9.832341537707860013e+00
7.366062150428303035e+00
6.243237057320329519e+00
1.859215038315146984e+01
9.416928612564156253e+00
4.396653783497906254e+00
1.235990137632606611e+01
5.164495867708329691e+00
4.063507261874979903e+00
1.445536195603967933e+01
9.505887898853154994e+00
1.210680256062169313e+01
4.174530428191746800e+00
1.152242434384493741e+01
1.463755970752318980e+01
5.153812333949163715e+00
3.723726795661745026e+00
4.012244495134791755e+00
9.850308913462200167e+00
9.298152604072923211e+00
1.300634562223275026e+01
1.132359903244263322e+01
1.061190501263269503e+01
8.591863684807835355e+00
4.198202587878874681e+00
1.432004779755174972e+01
4.832867373207811568e+00
8.498340287195496501e+00
6.356469317406291175e+00
2.707245096780182436e+00
1.537896322865476506e+01
1.369703082230378932e+01
1.004683025256557372e+01
1.687570728330945968e+01
1.744846448581554910e+01
1.579109059451609198e+01
8.930523730379341885e+00
8.971916323751319311e+00
5.498008820318798229e+00
1.446802099003254405e+01
7.515871125432500577e+00
9.320747864223090318e+00
1.415994605880440105e+01
4.578459057531921950e+00
7.569124604340608187e+00
8.432442965097880716e+00
9.917126090003701933e+00
1.397447608779590311e+01
1.670127801027958370e+01
2.490878443842122536e+00
5.586493962900020094e+00
8.003961162770792725e+00
3.136947033100680571e+00
1.024708883488249178e+01
1.548118725027078568e+01
9.707062171139222428e+00
1.173062134273880730e+01
1.917067737165761088e+01
8.778909281046821889e+00
1.266433420578054303e+01
9.153127724435840662e+00
1.608220431655887239e+01
3.557023983786494092e+00
1.203601567340747458e+01
5.250248401902669393e+00
9.285146560410790784e+00
5.664660262110462696e+00
7.221909516670559803e+00
1.972769411909126447e+01
1.563752437947112206e+01
4.379265738043510048e+00
1.679705062753735589e+01
5.109451660319203725e+00
1.583944431769335814e+01
1.733994459510166308e+01
1.500444808772159178e+01
6.147191905424874925e+00
4.219861930378845827e+00
3.719328050023146481e+00
8.962340692401623343e+00
7.870456304378871337e+00
3.401879167425124084e+00
6.377187945991136253e+00
5.877288207131924125e+00
1.290526372248994136e+01
2.253740096717496044e+01
9.031627026051481266e+00
6.762812882577845741e+00
3.691927022869775143e+00
8.180953388519005998e+00
1.134808138360406637e+01
1.560780716490037712e+01
3.162041237979170916e+00
1.698856300985349677e+01
4.316970603991407529e+00
5.294126020336289429e+00
3.365702954749431264e+00
1.409454426968323126e+01
2.184477881489078754e+01
6.627854684275308550e+00
3.160831725432367012e+00
3.421317866130302310e+00
1.507226670465710860e+01
8.485711161394577928e+00
1.564849612602506923e+01
7.653101008635991853e+00
1.257968276248109873e+01
7.553226959569328436e+00
1.131249564885404446e+01
2.073874051823612064e+01
6.680730276749538454e+00
6.735452757341677810e+00
1.184033524089371348e+01
1.197236501213898663e+01
1.078001193956756154e+01
1.736360125185637315e+01
1.321447189152063295e+01
4.820698222502537433e+00
1.262201527138580381e+01
8.836293192336631463e+00
4.310930896635246867e+00
4.867875255678848490e+00
3.375596815440360388e+00
6.604392372615455642e+00
9.486735074103416210e+00
2.248440336069546674e+01
2.742694836172499429e+00
1.797871279660528643e+01
7.598786442757782034e+00
4.856438597045424466e+00
1.024423085830216706e+01
1.494478431425778453e+01
1.097822489339690577e+01
4.233528138497907989e+00
1.332835913621485169e+01
7.109540841888436269e+00
7.201452635964861848e+00
1.779889551490728294e+01
7.210612091511558575e+00
9.964907130070304930e+00
1.047116286798812368e+01
3.699303865712201933e+00
1.081125181011941194e+01
1.875774364705092268e+01
1.142024781880778050e+01
4.034589697393458962e+00
3.920319901002971896e+00
4.717556498660864683e+00
5.859736411259691025e+00
1.886951735189089163e+01
4.426412722776690067e+00
1.371703800786486482e+01
1.038449978792404060e+01
1.533948471243905587e+01
1.199853573964308495e+01
9.420800372542853296e+00
1.465658515607230683e+01
3.207043511123425894e+00
1.707856883302850903e+01
5.064769271494723668e+00
1.418198680933319622e+01
1.166992982538721080e+01
2.345731044456746073e+00
4.185341244192511745e+00
1.485390553733841834e+01
1.713723060757088490e+01
1.182896564849286847e+01
1.566690750683665811e+01
1.823883283702737401e+01
7.336223925699540516e+00
3.894859053034649410e+00
1.415353227660148683e+01
1.031609236281373043e+01
6.496122684604760167e+00
