1.158954559556155850e+01
5.512353332865546740e+00
1.745439136248317169e+01
1.232716492024369614e+01
1.091324458665504338e+01
8.681207767657557639e+00
1.723818703472844760e+01
2.760833160671120279e+00
6.474472710722366742e+00
3.112302617135801253e+00
1.658609262567939879e+01
4.919193679835389688e+00
9.417078538881373362e+00
3.532675976247058092e+00
4.512189245919506320e+00
4.775772598731947483e+00
1.259851299524231649e+01
1.670316464617726382e+01
5.508539784676518281e+00
6.474021310669884066e+00
1.115865919741928103e+01
8.942099377413958550e+00
9.406082732879408326e+00
7.914889840422819844e+00
2.994346841560573580e+01
3.778778378484831890e+00
6.729256833050715869e+00
5.850481864118868280e+00
1.653967320523590701e+01
9.528389884864996162e+00
1.634988147590811991e+01
6.327229256719219208e+00
8.021586237106408390e+00
3.237642490684007779e+00
3.862341156756157190e+00
5.475540745136521004e+00
5.957160631819604646e+00
1.264585945217890561e+01
7.460845598179398408e+00
7.867883297517925811e+00
6.577318002579898959e+00
9.845926404328521286e+00
7.376209650856174527e+00
1.854017788336167882e+01
9.430481318879110120e+00
1.765636325602152112e+01
4.394564032428094791e+00
5.166249386470084026e+00
9.519468519220428249e+00
1.632933732525513548e+01
1.211523623885032386e+01
4.171251372868861829e+00
1.153318177776497500e+01
1.462336820589531960e+01
5.155515338218412680e+00
3.717932666893781768e+00
4.008075459083589642e+00
9.311650755111449129e+00
1.300944309958531520e+01
1.133497082056346628e+01
1.062482530288177784e+01
8.604650538511799951e+00
4.195051876007141800e+00
1.431021409307917835e+01
4.833013270102365588e+00
8.510985849035979101e+00
6.363291419720461306e+00
2.695310305762265379e+00
1.535201384177387141e+01
1.369423361078529844e+01
1.006033048993390899e+01
1.680953736931612141e+01
1.737375421379459084e+01
1.575510886599841776e+01
8.985166118803068258e+00
5.501295429391164227e+00
1.445622825916839993e+01
7.526428114074765752e+00
9.334257898974730239e+00
1.415209979632463266e+01
4.577317422755874610e+00
7.579821622341137655e+00
9.930686008986356228e+00
1.396877159975996996e+01
1.664002334808572670e+01
2.477557272041546632e+00
5.590172807944744804e+00
8.015689463519279911e+00
3.127684688228467014e+00
1.026044440661879698e+01
8.480958521072187395e+00
1.545214229956630092e+01
9.720663988375299880e+00
1.174064258908469505e+01
2.593592940621060716e+00
1.913776830831532294e+01
8.791946636036215068e+00
1.266973973802834053e+01
9.166533025929053835e+00
1.603885314190624811e+01
3.550266433276629385e+00
1.204477454178852902e+01
1.417567137897412621e+01
5.252404253327664918e+00
9.298637552858625810e+00
5.668680435721544342e+00
7.231641667330142020e+00
1.971439652767319473e+01
9.505781403378840366e+00
1.560509318977834958e+01
4.377084105120783164e+00
5.110943997632356961e+00
1.580229697863526006e+01
1.726556993326776990e+01
1.498444223353122418e+01
6.153208911305019235e+00
4.216828317493137135e+00
3.713508727409111199e+00
8.975581073584775638e+00
7.881889609531797625e+00
3.394209240347796364e+00
6.384087685513446075e+00
5.882211954500139228e+00
1.290908192702325863e+01
2.241951733568612326e+01
9.044932832554186675e+00
6.771087765730207764e+00
3.685950481431452097e+00
8.193042287383697442e+00
1.135938205717244109e+01
1.557603702357426911e+01
3.152931561395995175e+00
1.691956777459145300e+01
4.314458083902505514e+00
5.296485573211724862e+00
3.357818126023710104e+00
1.408747233970169077e+01
2.190821624319747940e+01
6.635663573919424074e+00
3.413763077714034200e+00
8.498336837242998598e+00
1.561581877140259245e+01
7.664012860529966886e+00
1.258560421468811086e+01
7.563882481612377084e+00
1.132389927658321760e+01
2.076206581938545526e+01
6.743634519727645937e+00
1.184992863640491834e+01
1.198140559276923511e+01
1.079265311886394940e+01
1.321597737017746965e+01
5.858093263380389715e+00
4.820783591085248787e+00
1.430846325649330986e+01
8.849398661804686483e+00
4.308386154490126962e+00
4.868194679214832732e+00
3.541891046624028760e+00
6.612118555121789143e+00
9.500310632025410484e+00
2.257074606098045422e+01
2.730984623867539263e+00
1.791025260651548479e+01
7.609560183178103898e+00
4.856701429490481559e+00
1.025758895287927075e+01
1.492578626044599588e+01
1.099046990495420850e+01
4.230568247167507678e+00
1.332892900048345908e+01
7.211124174897780570e+00
1.772710565925243031e+01
9.978448116838348980e+00
1.048427813085507232e+01
8.214891606928524936e+00
3.693369697671325280e+00
1.082383543918987812e+01
1.871101294714708274e+01
1.143133152067440683e+01
4.030544244891226313e+00
4.717124556368299082e+00
5.864586966369812693e+00
1.882643733186592527e+01
4.424479739229633779e+00
1.371404238521022556e+01
1.039771804455736692e+01
1.531332051023170493e+01
5.758866285852553446e+00
1.200746170502350907e+01
9.434354526263650342e+00
1.464211368230917465e+01
3.198206664004624056e+00
1.700763471029452134e+01
5.066047923638263839e+00
1.168017577230520843e+01
2.016073587048796156e+01
2.331464934792258248e+00
4.182120848812118652e+00
1.483639457268181872e+01
1.706521984564499661e+01
1.183860469459574105e+01
4.956156778285334852e+00
1.563381450539723616e+01
1.395358204312385908e+01
7.346287154125040963e+00
3.890035389054055326e+00
1.414576289235136386e+01
1.032938292111222012e+01
6.503460779374526268e+00
