1.157400337997393258e+01
5.524385173779296387e+00
1.233146562177399908e+01
1.088599338657667381e+01
1.243697724281983064e+01
8.647290871152119252e+00
1.794021524573098247e+01
2.846156808377692471e+00
6.467382237612384621e+00
3.186939817690322752e+00
1.707995846333885126e+01
4.944857440980307217e+00
5.340937661632074729e+00
3.595000300294781681e+00
4.547948312064631793e+00
1.643236602176266103e+01
4.804927158131220288e+00
1.261232885861242004e+01
1.723356874998293975e+01
6.631570847379566480e+00
5.520654984251373243e+00
6.466938874408805660e+00
1.113502004177094840e+01
8.906915010423801959e+00
9.369836764297861720e+00
7.887226432905007023e+00
2.963166110515291507e+01
3.834140856964858290e+00
6.717778998484522646e+00
5.855352900522770909e+00
1.701958997337132118e+01
9.492133685397199372e+00
1.677634541877778318e+01
6.322808810838822069e+00
3.308554040689004161e+00
3.915382455267266693e+00
5.488379631834312100e+00
5.959868986548824132e+00
1.266147312692326388e+01
1.371354480427735822e+01
7.438511993073676720e+00
7.840718314804285605e+00
9.810204012965241915e+00
7.354993115345910049e+00
6.246653647237635276e+00
1.942333125190510401e+01
9.394224013781347082e+00
1.845598324955752645e+01
4.433347595157198562e+00
1.237268467567971264e+01
5.186074931565425317e+00
4.107270274604441163e+00
1.456858248754666896e+01
9.483209104327791295e+00
1.675036887328295521e+01
1.211298269591044274e+01
4.215904687159195419e+00
1.151644557996366025e+01
1.476515731073383719e+01
5.175589860383513319e+00
3.774999013270988968e+00
4.057121383864294550e+00
9.828222230755562450e+00
9.275491653585895335e+00
1.304034471525466543e+01
1.131436359780821199e+01
1.059417750326207042e+01
8.571192329045205227e+00
4.239071738249685417e+00
1.442338362206335312e+01
4.860765804458397454e+00
6.358208104209807310e+00
2.782664378423366891e+00
1.558097291421315589e+01
1.376220146335827899e+01
1.002544911681976991e+01
1.604965838878835171e+01
8.908541154052690203e+00
8.949817609147169506e+00
5.513569136975477569e+00
1.458219968500734254e+01
7.503255021177140272e+00
9.298071823240224631e+00
1.425238285464663157e+01
4.611422165222618830e+00
7.555982096559004546e+00
8.412603702601179734e+00
9.895248362289178701e+00
1.405527560429368528e+01
1.715049372416309481e+01
2.571743271288199129e+00
5.600516118694378598e+00
7.987000181152084544e+00
3.201862217265662114e+00
1.022671777589352615e+01
8.448322102725423832e+00
9.684632123695674721e+00
1.172851314672092116e+01
2.684122353174679620e+00
2.002726700823018291e+01
8.757435213948225439e+00
1.268627633861354909e+01
9.130638127926220093e+00
1.639016524747592030e+01
1.204050178037138785e+01
1.427781445577899966e+01
5.270247069261895234e+00
9.262495728552142538e+00
5.677344601280550407e+00
7.212419564422028806e+00
2.059077649546797062e+01
9.469518276095721276e+00
1.587340278960880191e+01
4.416321125606839537e+00
1.727303529661638493e+01
1.610560554256729304e+01
1.797540858785873041e+01
1.516527821821578037e+01
6.152067375765052581e+00
4.260270228325535591e+00
8.940267968647972907e+00
7.854574792277920992e+00
3.460531518064764445e+00
6.378624731638802281e+00
5.886434806723833901e+00
1.293549096221459038e+01
2.256115216877236662e+01
9.009378221813697962e+00
6.758918458045772404e+00
3.743917028666008839e+00
8.162693008375711656e+00
1.133922463779174095e+01
1.583953001526208482e+01
3.226356103476823112e+00
1.752091710872175767e+01
4.355328142978331485e+00
5.313324747733511266e+00
3.425200636504826868e+00
1.418276112923039811e+01
2.265022259374929803e+01
6.625762575801902976e+00
3.225175491831575147e+00
3.479517293761976937e+00
1.523995503601022072e+01
8.465579011348106420e+00
1.588592732038397415e+01
7.639153917257591075e+00
1.259893722644759961e+01
7.540240290866957018e+00
6.677923760757033200e+00
6.731918088424579061e+00
1.184046638829866716e+01
1.197538245998193318e+01
1.076387384357396826e+01
1.800550016054238256e+01
1.325682941769863987e+01
5.862808435313955790e+00
4.848834693835517129e+00
1.264259977840773708e+01
1.442148468657148186e+01
8.814611444881848001e+00
4.349415242773332579e+00
4.895091294645854241e+00
3.603951352827817534e+00
3.434862994360103894e+00
6.602620651366563287e+00
9.464046433495381550e+00
2.325725442075454907e+01
2.817231752100942899e+00
4.883877173900071256e+00
1.022384325134469485e+01
1.509977819306494595e+01
1.096428138987452350e+01
4.273646300825507893e+00
1.337564811372904039e+01
7.101341904690273488e+00
1.853868791140279626e+01
7.201249576635042615e+00
9.943198243529906222e+00
1.045228822866110718e+01
8.184350849871290023e+00
3.751127135188146333e+00
1.079543616439627485e+01
1.959871489914064568e+01
1.141254344062299175e+01
4.078980209942550061e+00
3.967211281314629190e+00
4.747727649364309244e+00
5.869169350372001048e+00
1.971585268143581260e+01
4.462489630184942158e+00
1.378326943246967495e+01
1.553674719559855077e+01
5.765632028932503594e+00
1.200215086062424241e+01
9.398095844740668170e+00
1.763802644663016750e+01
1.427587535159360499e+01
2.101845509004252222e+01
2.430305922522486561e+00
4.226484640735731269e+00
1.500034744698581335e+01
1.182885812780473422e+01
4.980932856672318110e+00
1.590696720251371588e+01
1.904005142487526570e+01
1.403899694209005489e+01
7.325474541895982128e+00
3.942312249628368903e+00
1.424554945220617697e+01
6.495856125777123680e+00
