1.139873463769462170e+01
5.441073866027266170e+00
1.791421857700896680e+01
1.072224505339163869e+01
1.224671178180939179e+01
8.518862456448168530e+00
1.764300065676860640e+01
2.798760611861169867e+00
3.135090682749983593e+00
1.679539116432962587e+01
4.869506701316643316e+00
9.241149881247888942e+00
5.260158512955823262e+00
4.477985964895331961e+00
1.616169356406596336e+01
4.731481858160558218e+00
1.241893348853643175e+01
1.694602563853263177e+01
6.532720345584592359e+00
5.437395280487751670e+00
6.370427997650624619e+00
8.774538018439777431e+00
7.770165470107488481e+00
2.953936287888475931e+01
3.773746050922559103e+00
6.617699138501140332e+00
5.767443493547677491e+00
1.673624269675092791e+01
9.350724108199123918e+00
1.649811845015182854e+01
6.228337621713620820e+00
7.874214731524705080e+00
3.255108112625406225e+00
3.853906432803645199e+00
5.405566228736453205e+00
5.870499431386857481e+00
1.349976012272094295e+01
7.724344053357247830e+00
6.470468763260137202e+00
9.663803947849581633e+00
7.245732889921126407e+00
6.153256997342203327e+00
9.254338838982125282e+00
1.815730547260656635e+01
1.218355944170939686e+01
5.107424460028036073e+00
4.043232734752982616e+00
1.433796368675930033e+01
9.341938704329452392e+00
1.647270319265495431e+01
1.192842438169502906e+01
4.150412096173323739e+00
1.134215461704275363e+01
1.453052789474515194e+01
5.097083220576767992e+00
3.993754341793383844e+00
9.681537670243180571e+00
9.137447829527223675e+00
1.283918081505600206e+01
1.114348480544989783e+01
1.043521088613148606e+01
8.443914749119509011e+00
4.173268385548928094e+00
1.419569235379371541e+01
4.786560906501484247e+00
8.352266556949352605e+00
2.736094370826651190e+00
1.532910701340864357e+01
1.354748405877143291e+01
1.708441174375775518e+01
1.781435821141566578e+01
1.578749774273447493e+01
8.776139319965412966e+00
8.816784740527580766e+00
5.430407446574109898e+00
1.435130482200092494e+01
7.391834324131114187e+00
9.159678422671614584e+00
1.402810218245212326e+01
4.540601473771706864e+00
7.443790757893217425e+00
8.287715146013596268e+00
9.747503783533533195e+00
1.383487765627227972e+01
1.686453491978624797e+01
2.527910209384987894e+00
5.516150546945381983e+00
7.868462688205022815e+00
3.149817371390119192e+00
1.007369024948613578e+01
8.322896561528391857e+00
1.544161997679401210e+01
1.155060633942156834e+01
2.638832498043607533e+00
1.974083076927505331e+01
8.627335881029601694e+00
8.994830179328294761e+00
3.554637633555692844e+00
1.185720720890258484e+01
1.405302906012430952e+01
5.190440607466820566e+00
9.124652973586904636e+00
5.591913050737419510e+00
7.105228036160912808e+00
2.031085246513768539e+01
9.328461293549302979e+00
1.561514014737907097e+01
4.348134730362419376e+00
1.698476296744581759e+01
5.054147085851590226e+00
1.584220276412135142e+01
1.492231386227568279e+01
6.060002293987110100e+00
4.194182377129981099e+00
3.711147577599219982e+00
8.807381174916274702e+00
7.737996040564429023e+00
3.405084336975250370e+00
6.283364592645537705e+00
1.273624761612854783e+01
2.255257355198887126e+01
8.875433200116628285e+00
6.658250897775016774e+00
3.684720719700078639e+00
8.041544205048754890e+00
1.116792778333474523e+01
1.558201325086450240e+01
3.173989881211626507e+00
1.722849216101849379e+01
4.287962860810386800e+00
5.232925748261060939e+00
3.370219273814710981e+00
1.395985776568825187e+01
2.239617146828146588e+01
6.526994796707318081e+00
3.172824763789115377e+00
1.499540947137349534e+01
8.339893807184290964e+00
1.562738859757095256e+01
7.525744480976768180e+00
1.240578193826105391e+01
7.428279156766201652e+00
1.113240111204341254e+01
2.131863730628111142e+01
6.578412614931310465e+00
6.631636319483765973e+00
1.166063577948054153e+01
1.179321933980181925e+01
1.060213380557273233e+01
1.770783544052434522e+01
1.305166290445419719e+01
5.774795001003941053e+00
4.774792184656620364e+00
1.244866107016320811e+01
1.419383151153291678e+01
8.683642276324219367e+00
4.282129501600375754e+00
4.820418951368806937e+00
3.546609629639533967e+00
3.379754273684783872e+00
6.504182333356011370e+00
9.323074718030879282e+00
2.301116247792068492e+01
1.844981499114940959e+01
7.472734969490528734e+00
4.809357586794772210e+00
1.007086183655560951e+01
1.485819412356036473e+01
1.079923999240518917e+01
4.207378862991305368e+00
1.316826271376284119e+01
6.995756140576710358e+00
7.085295075224585126e+00
1.824017130352572025e+01
7.094219757986668817e+00
1.029562550001967125e+01
8.062879139217088209e+00
3.691835137076132423e+00
1.063317808306961787e+01
1.930772802886249906e+01
3.905044471794477445e+00
4.675059419663556426e+00
5.781067146178827443e+00
1.942606182624422928e+01
4.393680930173352372e+00
1.356814726516682157e+01
1.020974717497114703e+01
1.528583958902249229e+01
5.678972937349746175e+00
1.181952308628445536e+01
9.258150490800645116e+00
1.455070659790711041e+01
3.217342480094134594e+00
1.734394940023807408e+01
5.010904834778627581e+00
1.405112847062285297e+01
1.148979486501988490e+01
2.074370966979352460e+01
4.160850150979797490e+00
1.476084682629994838e+01
1.741925212506936305e+01
1.164922748429182953e+01
4.905089843180038933e+00
1.564796435234861427e+01
1.874412473378171740e+01
1.381891738427357552e+01
7.216643331392795346e+00
3.880477399419569373e+00
1.402140424988562728e+01
1.014199722360313238e+01
6.398935060587755963e+00
