1.187053797567137892e+01
5.559074988607086709e+00
1.775537840563316294e+01
1.265135696519647546e+01
1.115796522230417054e+01
1.275973176375925711e+01
1.763502706863533476e+01
2.753587848239154923e+00
6.546498243218228374e+00
1.714512601728874586e+01
4.952078767520595726e+00
9.591882128546560082e+00
5.366942495165693217e+00
3.538038441981630644e+00
4.536314692589661135e+00
1.664571957069814800e+01
4.805504164730336036e+00
1.293959200616982663e+01
1.724835210039502442e+01
6.718372857294943046e+00
5.555168308766345042e+00
1.141618570288655654e+01
9.097413343245305484e+00
9.580421181326959967e+00
8.032059665030317319e+00
2.730574981507422194e+01
3.788556445440415033e+00
6.808609285534328315e+00
5.905681708290338783e+00
9.707940161959873748e+00
1.692249453912687684e+01
6.395143005475367737e+00
8.142475408784740409e+00
3.237966669933050934e+00
3.873663292881084352e+00
5.521365683783375999e+00
6.015127112178247692e+00
1.298994069963614351e+01
1.405993046301270155e+01
7.562785695110084028e+00
7.983431713531340179e+00
6.652268490050571970e+00
7.475415623521867836e+00
6.315410562475632261e+00
1.830375857057677536e+01
9.605852779061120117e+00
1.785880121949906041e+01
4.416265774376410214e+00
1.269370744539833673e+01
5.204740315276896290e+00
4.074680051485084498e+00
1.491318135956063529e+01
9.698635797444994822e+00
1.690242065526418003e+01
1.242661509637246731e+01
4.188482001649442843e+00
1.181103206177811593e+01
1.510619009049686667e+01
5.193758089792303245e+00
3.726600781555228892e+00
1.005817224424902001e+01
9.482022164315296209e+00
1.337713101145438621e+01
1.160194586347221879e+01
1.085499846234944066e+01
8.746846877841687018e+00
4.212750976121486524e+00
1.476973803232683835e+01
8.649645103233883248e+00
6.432204001196677901e+00
1.588756765167284080e+01
1.410896592590765231e+01
1.026354326813588358e+01
1.733690234935302499e+01
1.771207485373982138e+01
9.099110857299439914e+00
9.142197107917132470e+00
5.547747188500792070e+00
7.630509169112091428e+00
9.505574535774417910e+00
1.459995347344078098e+01
4.602805458912307301e+00
8.581176084451476171e+00
1.012797978423521705e+01
1.440322798408412375e+01
1.719336922948675195e+01
2.466141160700462631e+00
5.638806943561085916e+00
8.136371656447204614e+00
1.047299095941267488e+01
8.618493251051143389e+00
1.599432147952508743e+01
9.908578392301302884e+00
1.203016774916613052e+01
2.583856343366886410e+00
1.862720446743272618e+01
8.941350618240690551e+00
1.301534152303819525e+01
9.330903598850909475e+00
1.661029705942945256e+01
3.555938029969530678e+00
1.462525878661345935e+01
5.292902465472107743e+00
9.468466142849750966e+00
5.719267315602666102e+00
7.326251870937680266e+00
1.895793442506265691e+01
9.684361957302696666e+00
1.615677137607359981e+01
4.398429732850623886e+00
1.727375785978717815e+01
5.148160744495448249e+00
1.765110217997092334e+01
1.549399251780462095e+01
6.216376805249594462e+00
4.234957724575775906e+00
3.722096609980684701e+00
9.132229066487274949e+00
7.997920053675241725e+00
3.397172800191583519e+00
6.453578685283663852e+00
5.938230044019174869e+00
2.343374258362626961e+01
9.204362993642941859e+00
6.851669213997676700e+00
3.694040000981011040e+00
8.320023075239900479e+00
1.162768191364393111e+01
3.151859723243040534e+00
1.742253514771241640e+01
4.334536435610828242e+00
5.338021405700672517e+00
3.360161319906435740e+00
1.453058492814667346e+01
2.034168523134132300e+01
6.712292994600189466e+00
3.150622970194104422e+00
3.417061706679124455e+00
1.556548353463395173e+01
1.616812852434286540e+01
7.772649417703059171e+00
1.292586755618441963e+01
7.669195052285683545e+00
1.159027479886215417e+01
1.959719294229948616e+01
6.766892368032339178e+00
6.823408553932800658e+00
1.228486120170338936e+01
1.103122607506715980e+01
1.766469180459942834e+01
1.359750660064525007e+01
5.913489029875396596e+00
4.851496958800633585e+00
1.297060797714783575e+01
1.476785749107034107e+01
4.328342349380216447e+00
4.899949997740231211e+00
3.547415332421265166e+00
3.370283284529683954e+00
6.688068739977922839e+00
9.678656965518570132e+00
2.723288521413089747e+00
1.798464269924566850e+01
7.716383366124192733e+00
4.888203425264768143e+00
1.123917728769478508e+01
4.248969983361575942e+00
1.371815764287943651e+01
7.210026701058869669e+00
7.305089680276900310e+00
1.789406132888935375e+01
7.314564756248604915e+00
1.017791091946152626e+01
1.070755445801477990e+01
8.342658945411869809e+00
3.701593143922454754e+00
1.839406759763256360e+01
1.170355983548622270e+01
4.045044183636292701e+00
3.927957943235312666e+00
4.745587634098341390e+00
5.920150063486232739e+00
1.845607602013083692e+01
4.446793381172604143e+00
1.413018274973060784e+01
1.061680828538149335e+01
1.584624619187295025e+01
5.811725547766418032e+00
1.231244979012848262e+01
9.609890279161280802e+00
1.512633239785793293e+01
3.197878165933699002e+00
1.748643734001786854e+01
5.102238517939380991e+00
1.462332996167127241e+01
1.196626699299302388e+01
1.922478353902470971e+01
2.317990749534424744e+00
4.199565187155378965e+00
1.533505127309318894e+01
1.752599100313645408e+01
1.213374804747102331e+01
4.989866532596268556e+00
1.618717226226715411e+01
1.811727202167594086e+01
1.438693593238123292e+01
7.444534223679220020e+00
3.901874313934923233e+00
1.459315087875120120e+01
1.054520122566109386e+01
6.576306306849351024e+00
