1.176112737626246307e+01
5.525031612218185728e+00
1.781699133539654412e+01
1.251790976491834506e+01
1.262265158675761612e+01
8.777154902658024227e+00
1.758765727624988529e+01
2.700340530803239325e+00
6.512546329873019957e+00
3.061200381566378859e+00
1.690106321769953723e+01
4.916165634293569120e+00
9.532216144846001882e+00
5.332452330699658738e+00
3.492788538560550826e+00
4.498362338202369415e+00
1.636845125094425057e+01
4.768941238454957876e+00
1.279632262384445518e+01
1.702348647741002807e+01
6.684046652026328417e+00
5.521117205565844621e+00
6.512083038512702871e+00
1.131905797744296649e+01
9.044855861671495134e+00
9.520933937214683951e+00
7.990797219774985471e+00
3.044597933161665537e+01
3.745448059084275361e+00
6.774038757560858492e+00
5.872096527124115006e+00
1.685262069850673328e+01
9.646426189449570643e+00
6.361422847080771881e+00
8.100287365589974087e+00
3.189885989509889885e+00
3.831235843413760556e+00
5.981592138954701987e+00
1.284490312163559445e+01
1.387377906083445467e+01
7.524850966999438562e+00
7.942559479217289997e+00
6.618100318028103501e+00
9.972226371631286668e+00
7.437994027127231789e+00
6.281776016826194464e+00
1.896436340164098056e+01
9.545968005869228890e+00
1.803120174770582196e+01
4.377612954973417736e+00
1.255884919253491638e+01
5.169767738088292042e+00
4.033765978720637690e+00
1.469036887105556666e+01
9.637272536908113807e+00
1.663372557907715787e+01
1.230047053724373818e+01
4.148365011460918517e+00
1.170330056217795089e+01
1.487490614471210648e+01
5.158749398567526789e+00
3.682981766724321648e+00
3.980848836929250290e+00
9.990656623687574012e+00
1.321798066281044015e+01
1.077136679531028207e+01
8.698598272880424531e+00
4.172798342736343535e+00
4.827700110699058023e+00
8.602486621053357041e+00
6.398435505186667704e+00
2.633065686859108467e+00
1.562419891581225073e+01
1.392078078520756534e+01
1.019220596564080772e+01
1.713505316161559477e+01
1.773143683473583465e+01
1.603959190264378520e+01
9.046531056129603954e+00
5.513681251546022288e+00
1.470319531027941906e+01
7.592153958495395649e+00
4.565219713961576886e+00
7.646947843134516809e+00
8.534758611790556060e+00
1.005919050545933757e+01
1.420261360004464635e+01
1.695741334480335993e+01
2.409487147858602629e+00
5.604908868166988967e+00
3.076993137120804800e+00
1.039752104110970521e+01
8.571674655776730489e+00
1.572730147741017070e+01
9.843705017480697705e+00
1.191614682733384711e+01
2.528627687665752521e+00
1.959142091414150499e+01
8.890784875989199421e+00
1.286940599742329638e+01
9.275142240166053043e+00
1.633269028574790127e+01
3.510847881186264008e+00
1.222817776954972580e+01
1.441505257688388930e+01
5.258203968719293186e+00
9.410689652786720316e+00
7.289630568826959589e+00
9.623229035012757393e+00
1.588489098525347387e+01
4.359668629469394041e+00
1.705478520919138319e+01
5.112997453861597208e+00
1.608828659789048032e+01
1.761668801150196728e+01
6.182813845689102195e+00
4.195153742736255076e+00
3.678439983881845343e+00
9.079210977838783947e+00
7.956932669209139775e+00
3.350629764188712834e+00
6.419779836849199839e+00
5.904664576575069823e+00
1.311499539450023200e+01
2.216017041151451394e+01
6.816970402150776209e+00
3.650147605257840322e+00
8.276230390535157966e+00
1.152499006873614640e+01
1.585494377900620933e+01
3.102914021889095597e+00
1.725080012250351302e+01
4.295378525969238304e+00
3.313268000067761676e+00
1.432448724626567760e+01
2.247305994738096757e+01
6.677982062163716037e+00
3.101664674760680196e+00
3.370705099278644923e+00
1.531456402492523061e+01
8.589507091624374979e+00
1.589594673726161211e+01
7.733346593598243501e+00
1.278307746442540171e+01
7.630590690659947661e+00
1.148858642083509807e+01
2.128502223609166322e+01
6.732438907383524906e+00
6.788794790616375252e+00
1.202827058417311079e+01
1.216316244410260694e+01
1.094355196293222043e+01
1.764163720000563629e+01
1.342992534421873252e+01
5.879908945543360410e+00
1.282625118375440820e+01
1.455142290875810396e+01
8.949736365694713314e+00
4.863814467045633805e+00
3.502249246888648582e+00
3.323486194317422981e+00
6.653817173976619870e+00
2.315755462385750008e+01
2.669693939663283277e+00
1.830004652774556106e+01
7.677466240634316819e+00
4.852016451678766273e+00
1.039459138850543063e+01
1.518572436917632018e+01
1.114650356034136891e+01
1.354584266779587587e+01
7.173963361366597624e+00
7.268574231318033263e+00
1.810616933368494585e+01
7.278002148146556216e+00
1.010819464378860921e+01
1.062716967135131085e+01
8.298651287789516218e+00
3.657764472041044268e+00
1.097554376795717701e+01
1.159880683908367871e+01
4.003915427899955581e+00
3.885952449943325338e+00
4.708737305473253976e+00
5.886574144070078951e+00
1.926507410687784727e+01
4.408323372842692045e+00
1.394111411404888834e+01
1.053836118502525743e+01
5.778060864654138484e+00
9.549942089765124820e+00
1.489416711060169796e+01
3.149397663555593141e+00
1.734368456033292105e+01
5.066911958990272247e+00
1.441320769573998106e+01
1.185411019136247468e+01
2.065956476004419784e+01
2.259483775562014962e+00
4.159523501710370219e+00
1.509382962571980613e+01
1.740452480419401127e+01
1.201665257494498640e+01
4.954108583608891614e+00
1.591449800880235621e+01
1.858143089526538461e+01
1.418701891913823765e+01
7.407286130603747409e+00
3.859667323024924102e+00
1.046825077798801473e+01
