1.153255349023869769e+01
5.479522579283464090e+00
1.759983214183385414e+01
1.224649434088108890e+01
1.087387996259306178e+01
1.234494951001253860e+01
8.672306816074538460e+00
1.729073259530706252e+01
2.651793019988263111e+00
6.456614850969494057e+00
3.015598576342916726e+00
1.643700264710278702e+01
9.402734383811582219e+00
5.288250786842735529e+00
3.449758721624613944e+00
4.457186816295066301e+00
1.587321437064532503e+01
4.727247470366782167e+00
1.250801283011037590e+01
1.657741256420460374e+01
6.625655486039886632e+00
5.475637063772648361e+00
6.456157939192557649e+00
1.111335548922120608e+01
8.931771835328078168e+00
9.391852521959366484e+00
7.907062426180049286e+00
2.900795972240156573e+01
3.703435010009584971e+00
6.714278256469311756e+00
5.823640433791549498e+00
1.638280124581206465e+01
9.512835831654772534e+00
1.616865868966369391e+01
6.307497060041479031e+00
8.013883570672062362e+00
3.145160313891720794e+00
3.789484878096695653e+00
5.442011195629016029e+00
5.932046784293190989e+00
1.255358576689109285e+01
1.351512171889155667e+01
7.451516712058026570e+00
7.859973177938267774e+00
6.560678165687704677e+00
9.826352818943705714e+00
7.366429090949860203e+00
6.228846758372594827e+00
1.907717002276827500e+01
9.415996923832135934e+00
1.788790066226719944e+01
4.336527432578867192e+00
1.228498662177719325e+01
3.992465025665495215e+00
1.427538392074516516e+01
9.504015229559461986e+00
1.614611049074790472e+01
1.204183321884133662e+01
4.107212977971759216e+00
1.147780964989467911e+01
1.444736130128387508e+01
5.115529018342948042e+00
3.640751277694143972e+00
3.939453269676301606e+00
9.844063142764936103e+00
9.298357962092511642e+00
1.290300548603639541e+01
1.128507827199735658e+01
8.596064703969515719e+00
4.131668122287993405e+00
1.414767819795740422e+01
4.785835498157644530e+00
8.502722133527459647e+00
6.344032430128413225e+00
2.583890006233281245e+00
1.515047684048431620e+01
1.355891167770602834e+01
1.003756290057091860e+01
1.670999350603085176e+01
1.748425175922639241e+01
1.554850297101574519e+01
8.933393784153032868e+00
8.974550297209235694e+00
5.468255727055636228e+00
1.428733104580510194e+01
7.517412359316123727e+00
9.320747387304125553e+00
1.399654083728399812e+01
4.523956990041013704e+00
7.571036944709957694e+00
8.436904199470774302e+00
1.382134240192859487e+01
1.650099967471581763e+01
8.007982191338312461e+00
3.031503817130022593e+00
1.023434340759621897e+01
8.472783349933870056e+00
1.524842016571265191e+01
9.702776938422596587e+00
2.478428052970627071e+00
8.782506981541853719e+00
1.257656512424848749e+01
9.154537723598645371e+00
1.583729958397749193e+01
3.467902809193231128e+00
1.197370609878201719e+01
1.401906880306768244e+01
5.214444710248821835e+00
5.638715277736459086e+00
2.049035508269939143e+01
9.490481418131533786e+00
1.539910515862731266e+01
1.661414813780128696e+01
5.070004456020551942e+00
1.559590047988655570e+01
1.732965383486470401e+01
1.479423720426197697e+01
6.131064917481907628e+00
4.154040412051820397e+00
3.636192813208123376e+00
8.965030712603530461e+00
7.874005903823348085e+00
3.306868387632130091e+00
6.365097416938020558e+00
5.855892543752367452e+00
1.280664709081981556e+01
2.289252622792230341e+01
9.033892013520899766e+00
6.756537466810086379e+00
3.607793860937136277e+00
8.185355870619924090e+00
1.130883296427963280e+01
1.537036575579194420e+01
3.057606319611978929e+00
1.685238290970698216e+01
4.254304789846672818e+00
5.259427528148444608e+00
1.393477807374988053e+01
3.056348304533437421e+00
3.327053953209676784e+00
1.485852446023533524e+01
8.490111290735113059e+00
1.540972864784809282e+01
7.655548885751188415e+00
1.249558463804904740e+01
7.555031068494328927e+00
1.127430280109827443e+01
2.164524217207471679e+01
6.673318152012210902e+00
1.178509996985071240e+01
1.075601564672231625e+01
1.736318005388129748e+01
1.310109654799634527e+01
5.831377684768324521e+00
4.773319737838353838e+00
1.253609060413694820e+01
1.414600422598245366e+01
8.839640746901382684e+00
4.248070760385369127e+00
4.821834462691309220e+00
3.459264055925373782e+00
3.279572167111076464e+00
6.595873806877667889e+00
9.485071487333122775e+00
2.348158395967870860e+01
2.620863330449420214e+00
1.824270959758739252e+01
7.600894899181058761e+00
1.023153792198692535e+01
1.473773652367027331e+01
1.094929268998208727e+01
4.168154758728776166e+00
7.107454753279439430e+00
7.200309243683781446e+00
1.798774591337674522e+01
7.209558753889480087e+00
9.956946271200466825e+00
8.207190859212056822e+00
1.078650485296276074e+01
1.929295027755405556e+01
1.137881739062454756e+01
3.962563106007244151e+00
3.844346485886345199e+00
4.667196928036458914e+00
5.837978444586408244e+00
1.943651245871677702e+01
4.367223177288999558e+00
1.036913251278470582e+01
1.511275242571780097e+01
5.730478901320505969e+00
1.193761281336450963e+01
9.419829326832930505e+00
1.446532504969137989e+01
3.104406284417834616e+00
5.024134973844590846e+00
1.401735171530638979e+01
1.162052168762389570e+01
2.099232066424319498e+01
2.206373731144208872e+00
1.465175903388023926e+01
1.704866069307580290e+01
1.177412883618755401e+01
4.911805359421780537e+00
1.542757168880546637e+01
1.860350794065048774e+01
1.380682614379702500e+01
7.336334124225165176e+00
3.817993860419694130e+00
1.399048463137386911e+01
1.030205437803729751e+01
6.485953844061173257e+00
