1.150172655071000705e+01
5.436833067281996890e+00
1.780443783519427114e+01
1.083937094143938573e+01
1.232057583455507732e+01
8.631446458686513168e+00
1.747767279862627277e+01
2.609463379654607174e+00
2.973213006913588696e+00
1.655514152369060454e+01
4.831344049313227806e+00
9.363243129600640202e+00
5.245564424949777482e+00
4.414573225769533593e+00
1.594823681590872511e+01
4.684601705055367660e+00
1.248526403872209123e+01
1.670756823220174425e+01
6.583121865305226805e+00
5.432947551290090438e+00
6.413577756598341395e+00
8.891335038802886004e+00
7.865279895115349085e+00
2.812644490185002155e+01
3.660935766128742497e+00
6.671772988985125608e+00
5.780962897247990284e+00
1.649638382580517160e+01
9.473602576089065863e+00
1.626497510209735253e+01
6.264883774063075172e+00
7.972204061966068345e+00
3.102753759595188399e+00
3.746971496768274346e+00
5.399321794575417499e+00
5.889378396687990680e+00
1.350587289069500407e+01
7.818147582872870593e+00
6.518125535985343610e+00
9.787941126310412798e+00
7.324230949098294197e+00
6.186218686622863672e+00
9.376535954683104634e+00
1.810419268607794052e+01
1.226004669566525784e+01
5.083811636823206470e+00
3.949919045660315930e+00
1.428211487662746926e+01
9.464760746534418345e+00
1.624069108496859926e+01
1.201475634599861486e+01
4.064649222907354975e+00
1.144663089094662745e+01
1.445872436113863024e+01
5.072850624321742607e+00
3.896915678163172636e+00
9.805701943150991085e+00
9.258635718928660552e+00
1.288476758708529069e+01
1.125273111718236407e+01
1.055600988321527645e+01
8.555091609274604991e+00
4.089100655323527178e+00
1.415124649594255679e+01
4.743183674815798057e+00
8.461617838406908731e+00
2.541570159568293352e+00
1.518644107748885830e+01
1.355041925262803737e+01
1.685159365954180899e+01
1.768287736009428102e+01
1.560383503544806771e+01
8.892959838711256282e+00
8.934189579023614769e+00
5.425566221324967131e+00
1.429436951401759615e+01
7.475313771442968935e+00
9.281073607821893390e+00
1.399664186885788020e+01
4.481334850583169604e+00
7.528976641697924244e+00
8.395711759537556773e+00
9.871726776872513653e+00
1.381776282226349473e+01
1.662458580758477922e+01
2.315758160061976767e+00
5.516100321221674818e+00
7.966296793768901985e+00
2.989115695018635055e+00
1.019721770776434511e+01
8.431638520067332720e+00
1.528871730747006730e+01
1.164933496858825457e+01
2.436122925693775976e+00
2.002139105532718943e+01
8.741818786581939449e+00
9.114517817090263208e+00
3.425442745943030776e+00
1.194607355478206046e+01
1.401966875108065658e+01
5.171761195373304254e+00
9.245718294410517402e+00
5.596028270062363141e+00
7.178683135249086078e+00
2.066813229449639877e+01
9.451194556351675047e+00
1.544660287312970404e+01
4.275994315773322896e+00
1.674747580450687678e+01
5.027328894452102404e+00
1.565387262600340357e+01
1.481645756146651749e+01
6.088420947135529282e+00
4.111469575105791030e+00
3.593704703268240319e+00
8.924652905262870917e+00
7.832192994538628383e+00
3.264435163279873819e+00
6.322496137647497960e+00
1.278722738251363822e+01
2.317799765456629757e+01
8.993639908430001384e+00
6.714046738066569375e+00
3.565310470158982614e+00
8.143857963202602690e+00
1.127662410957578665e+01
1.541643773671337136e+01
3.015213993032865858e+00
1.700609773201976438e+01
4.211719177273395509e+00
5.216742175515193480e+00
3.226868440886515810e+00
1.393354197544062245e+01
2.284858355420029596e+01
6.577145792754127918e+00
3.013956181009838975e+00
1.488301170731021905e+01
8.448989831330511180e+00
1.545775984796207503e+01
7.613552170371059802e+00
1.247270746525793328e+01
7.512959173038441740e+00
1.124189342406188530e+01
2.175554205521113715e+01
6.630799425459089846e+00
6.686304221792611635e+00
1.175601962702412884e+01
1.188428401311392157e+01
1.072096145365765452e+01
1.755473686861184035e+01
1.308547184836949562e+01
5.788700709699890368e+00
4.730669178090215254e+00
1.251363470110176479e+01
1.414953253146359557e+01
8.799046246227144152e+00
4.205486049944401117e+00
4.779179100117724843e+00
3.416805435048139383e+00
3.237143471836363862e+00
6.553331290391821717e+00
9.445771747235125915e+00
2.344364361299196275e+01
1.846754265334268652e+01
7.558856601499422290e+00
4.767420792915744165e+00
1.019440245292809877e+01
1.475803484330663196e+01
1.091514902594881065e+01
4.125581808810093065e+00
1.319523805946479911e+01
7.065112260670361799e+00
7.158014854006388816e+00
1.820706236935056666e+01
7.167269374180842867e+00
1.041772569971798390e+01
8.165717575072257262e+00
3.572955207659416654e+00
1.075158873426527251e+01
1.951339112570491352e+01
3.801824175610929224e+00
4.624557736995298818e+00
5.795301959434059569e+00
1.965363367570177289e+01
4.324621644740292759e+00
1.356969313917835329e+01
1.033249249392087599e+01
1.514711626479838991e+01
5.687795665262008526e+00
1.190969308749481215e+01
9.380377148906212881e+00
1.447719848999300396e+01
3.062006375279731518e+00
1.713345659531507792e+01
4.981462554885535354e+00
1.401791342124001183e+01
1.159027955887078853e+01
2.114352605908705485e+01
4.075816410389902167e+00
1.466925272446909645e+01
1.721823590143353755e+01
1.174496819560601502e+01
4.869141795635346881e+00
1.547650686600254133e+01
1.883128492738052984e+01
1.380295675205616135e+01
7.294117541520219739e+00
3.775475829868419897e+00
1.399045257218684846e+01
1.026516862150631582e+01
6.443381144928157056e+00
