1.142096468264957565e+01
5.449900171062424192e+00
1.720076384232322297e+01
1.211905781604129650e+01
1.077515686606313849e+01
1.221514449353737675e+01
8.607901340698134618e+00
1.690942380833469016e+01
2.644114155427637503e+00
6.417719076064119399e+00
3.005440343428221084e+00
1.611986557026400035e+01
4.849643952262790769e+00
9.328163165360868092e+00
5.260328190696360373e+00
3.436521014461771273e+00
1.559900150451771772e+01
4.704111546657332887e+00
1.237417539776783393e+01
1.624895303288511172e+01
6.585047559347459334e+00
5.446049542360500872e+00
6.417266746664338939e+00
1.101012673074788317e+01
8.863873142733631028e+00
9.317440579459990602e+00
3.688334339550710883e+00
6.672759076510260456e+00
5.790867944683531832e+00
1.607001100518258596e+01
9.436638866512749857e+00
1.587269069535627075e+01
6.270083999006453190e+00
7.957816099971780410e+00
3.134097146536142464e+00
3.773741227095926742e+00
5.412724967332986026e+00
1.241859592729909600e+01
1.335276873375693896e+01
7.402031185087244225e+00
7.805753800341934223e+00
6.520732369284675478e+00
9.745379687835960425e+00
6.192205532981786220e+00
1.863268389407459580e+01
9.341231244881711859e+00
1.747538546376914326e+01
4.316559852269290509e+00
1.215662987637627346e+01
5.099978150510825259e+00
3.975181948689866296e+00
1.408598752757323069e+01
9.427949470205655658e+00
1.585186946994625856e+01
4.089045250565173539e+00
1.136734897268712530e+01
5.089111159923678684e+00
3.626115439292934006e+00
3.922575353077145888e+00
9.762813485924011658e+00
9.225304249421412806e+00
1.275878246576602493e+01
1.117850076536758586e+01
1.049812931429307916e+01
8.532662455143869451e+00
4.113310492531488727e+00
1.396325170075468236e+01
4.762213069177088087e+00
8.440534202431539512e+00
6.306258447339906148e+00
2.576664077810490117e+00
1.339515131494812294e+01
9.953243019283938509e+00
1.637089397911922006e+01
1.709140500217464265e+01
1.529579582148960704e+01
8.865472860934469068e+00
8.906063602193469819e+00
5.438734439195621384e+00
1.409745964689501108e+01
9.247370073961366899e+00
1.381775470326428135e+01
7.520191153809391515e+00
8.375563451126085468e+00
9.827612156771758478e+00
1.617870684552182325e+01
2.352306176034956398e+00
5.528451810523074883e+00
7.951986255462607289e+00
3.021235124089063806e+00
1.014680594555749948e+01
8.410981699999599215e+00
1.501337458590694496e+01
9.623712969920497073e+00
1.156450596037969980e+01
2.471899600451059165e+00
1.936361029669912170e+01
1.244098986310449106e+01
1.556559244181199730e+01
3.454533445090900212e+00
1.185258811279139657e+01
1.383945779766653494e+01
5.187168567750988224e+00
9.212600291387731843e+00
5.607650574370285135e+00
7.174048741940297624e+00
2.003682906020137011e+01
9.414616645214000101e+00
1.515544360066331109e+01
4.298763866859854232e+00
1.628272818775509023e+01
5.043978528243801662e+00
1.534021414134071648e+01
1.694591094779341489e+01
1.458242276207910848e+01
6.095373629749492927e+00
4.135508630655983175e+00
3.621590662187827547e+00
8.896675169115813020e+00
3.294659107107556828e+00
6.327114647604303421e+00
5.822818572011787985e+00
1.266504334125872155e+01
2.309032614474108414e+01
8.964583837501679753e+00
6.714580402614536148e+00
3.593401227643124862e+00
8.127185888139727865e+00
1.120178412016810299e+01
1.512838584064497205e+01
3.047155966133843652e+00
4.234987521072064887e+00
5.231758008835015517e+00
3.257354120156537913e+00
1.375822594937468324e+01
2.239557700970712162e+01
6.579134385626278281e+00
3.045906717107289108e+00
3.314700290677432104e+00
1.464364871990478001e+01
8.428086257391496972e+00
1.516544078600144552e+01
7.603728979860622239e+00
1.116793844003161240e+01
2.119753544047409477e+01
6.632221319281876859e+00
6.687135113662865393e+00
1.166815471357046619e+01
1.179265664242494971e+01
1.697738622149521603e+01
5.798532969702106854e+00
4.749801493151974086e+00
1.240154451272399605e+01
1.396164160089263007e+01
8.772996675771729258e+00
4.228802569877537110e+00
4.797911591898482264e+00
3.445957406482374363e+00
3.267557661934388680e+00
6.555569985585183446e+00
9.409286944765863581e+00
2.306005086458462472e+01
2.613391154403269745e+00
1.781719822939017206e+01
7.549706128313902198e+00
4.786250413952720884e+00
1.014404703123522467e+01
1.452855643543690611e+01
4.149512898931639882e+00
1.305636807239114994e+01
7.061775286301140042e+00
7.153618281902502929e+00
1.757120446494815269e+01
7.162766409072873763e+00
9.873916541595789909e+00
1.036279320071749943e+01
8.148749773820963327e+00
3.600990886605062613e+00
1.068938036533302061e+01
1.884554377158688965e+01
1.127036816077609238e+01
3.945508837382353473e+00
3.828189925451295661e+00
4.644556514026493055e+00
5.805072062949348854e+00
4.347011380597981756e+00
1.341347886463483086e+01
1.027933302429132389e+01
1.488505578885076552e+01
5.698571165136751659e+00
1.181730530101753374e+01
9.345007386198451727e+00
1.426816079610348531e+01
3.093629034886321794e+00
1.661088196321954058e+01
4.998502000031941783e+00
1.383780377301980025e+01
1.150709592122447411e+01
2.054015247560091240e+01
2.201611487881552698e+00
4.100127466622542904e+00
1.444649069098631067e+01
1.668372800455105320e+01
4.887126524694038743e+00
1.816808347475799579e+01
1.363477864412785578e+01
3.802035930410023745e+00
1.381191932608172301e+01
1.021338663478980635e+01
6.446763318191393921e+00
