5.509233624365799997e+00
1.744522295726565986e+01
1.237444098560388106e+01
1.098834901069855974e+01
1.247357032451312087e+01
8.755739753311438278e+00
1.718216490154924969e+01
2.630720836957509690e+00
6.503370597089833893e+00
3.001135728371407740e+00
4.892986851367156831e+00
9.497297780577433457e+00
5.314584707395089147e+00
3.443162250339300012e+00
4.468726992678178966e+00
1.594083641743624646e+01
1.657284293619800053e+01
6.675318767323253688e+00
5.505279622265114803e+00
6.502905807865763776e+00
1.123062294388999227e+01
9.019230892427943402e+00
9.486255014804477526e+00
7.978235710322911345e+00
2.858913420003320027e+01
6.765460252876828839e+00
1.640215483898888138e+01
1.621083288489796459e+01
8.086799017400322143e+00
3.133047537386423276e+00
5.471060854342812085e+00
5.969698250939074136e+00
1.268346473515419426e+01
1.364694445720304650e+01
7.515163731803617964e+00
6.609225455634142321e+00
9.927045949966679217e+00
7.428654281625230560e+00
6.271663863703846431e+00
1.874105277540391512e+01
9.510756205425055398e+00
4.345905682165106754e+00
1.241320268874748578e+01
5.149959759924207070e+00
3.995661993628047082e+00
1.440192350884990091e+01
9.600068283640629474e+00
1.216822784629766474e+01
4.112474051325615498e+00
1.159901783148332655e+01
1.457142973163031563e+01
5.138803696616155214e+00
3.637606862434400679e+00
3.941695823590722014e+00
9.945006496703081567e+00
9.391371375978827984e+00
1.303440469007010627e+01
1.140425341580898788e+01
1.070276037593578877e+01
8.678300930649692546e+00
4.137368772848464715e+00
1.427569915866350847e+01
4.803247347931632660e+00
8.583485231742189470e+00
6.388844273962382303e+00
2.561582665647650803e+00
1.525687018482530277e+01
1.369063051888765692e+01
1.014120575469400620e+01
1.668758687706535682e+01
1.734663221293547153e+01
1.563703440240017528e+01
9.020877773255561394e+00
9.062665910993057850e+00
5.497768167546747797e+00
1.441371727738352604e+01
7.582157195006732131e+00
9.414094517930868378e+00
1.412596839985856434e+01
4.536692142404660899e+00
7.636672975050718293e+00
8.516623416375127320e+00
1.001176517423370882e+01
1.395198059308545879e+01
1.650616660849912520e+01
2.331628732975049800e+00
5.589896320509762262e+00
8.080801631784902739e+00
3.017329579570291465e+00
1.034066319058298689e+01
1.535107580022606655e+01
9.801710067572745544e+00
1.180237223440969174e+01
1.941054792817392283e+01
8.867658880998494197e+00
1.270656762647186611e+01
9.245391902988473021e+00
1.590757119272987019e+01
3.461634516934181782e+00
1.209954182098284114e+01
5.239472462996813462e+00
9.378289163009336349e+00
5.671227930999408251e+00
7.280749986916580596e+00
2.003159050577752254e+01
1.549521034771506933e+01
4.327645662106272439e+00
1.660475031094569331e+01
5.092471356995230458e+00
1.568178044241877167e+01
1.721519814293945316e+01
1.491133674565230649e+01
6.172184182330673785e+00
4.160143098301943176e+00
3.632966072840388083e+00
9.053000405222411118e+00
7.944638228968472937e+00
3.297685746129299655e+00
6.410273418632125519e+00
5.892212941772871915e+00
1.293770707863846425e+01
2.302246984393420348e+01
9.122914844561126557e+00
6.808442243486982015e+00
3.604054165955969502e+00
8.261048214234120834e+00
1.142826504804909860e+01
1.546780019147907481e+01
3.043905661522212647e+00
1.680971590445850694e+01
4.262208024516898952e+00
5.285251550814013655e+00
3.259432285087199510e+00
1.406468121633877999e+01
2.223270092458893643e+01
6.669241982646950895e+00
3.042624824100123249e+00
3.318236824773897808e+00
1.497398992350356117e+01
8.570674704544469336e+00
1.550533247835367767e+01
7.722585350791592695e+00
1.262513815769403180e+01
7.620401302857824355e+00
1.139336082209560708e+01
2.111043653167847367e+01
6.723798713836074192e+00
6.780235118192930344e+00
1.190928663746478833e+01
1.203771719145924202e+01
1.086905287236104556e+01
1.724366732712058337e+01
1.323298006353433109e+01
4.790508459352071036e+00
1.266587344854382557e+01
8.925678688041703168e+00
4.255862103759130655e+00
4.839887872425840065e+00
3.269895166175127876e+00
6.645025842420968054e+00
9.580847014852791332e+00
2.285837309857446442e+01
2.599228592012209571e+00
1.800086444291716603e+01
7.667026277440924353e+00
4.827918888739876735e+00
1.033782005074869481e+01
1.485617642053469645e+01
1.106465945500254655e+01
4.174511032523062326e+00
1.334133927647222251e+01
7.165324188492052215e+00
7.259745167134950883e+00
1.777891610769475150e+01
7.269150434787766457e+00
1.005947224262258821e+01
1.056326271818298679e+01
3.611838293031380154e+00
1.089991574616318104e+01
1.893545929237063774e+01
1.149899621697493401e+01
3.965221788425709715e+00
3.844875486925266372e+00
4.682492147557912432e+00
5.873985409959844972e+00
1.906539358038846999e+01
4.377151720468503981e+00
1.370952054437280232e+01
1.047724316794044697e+01
1.522048523706162193e+01
1.206314432181201646e+01
9.514645166837128798e+00
1.458910108538264438e+01
3.091554511255226068e+00
1.691003756678497183e+01
5.045787386341321401e+00
1.414660648148357325e+01
1.174315553427137715e+01
2.177191642226299351e+00
4.123843710999995693e+00
1.477207650538668204e+01
1.697681731505002034e+01
1.189821518119317645e+01
1.552232108502138708e+01
1.831845478913615821e+01
7.398055293605614757e+00
3.818047781221428849e+00
1.411996127505862120e+01
1.040927830708013069e+01
6.533215207941013070e+00
