1.145668625436803545e+01
5.546622475207605873e+00
1.747917657370417288e+01
1.213906873864065261e+01
1.082440896215158510e+01
1.223294905099104035e+01
8.691236613056409155e+00
1.714084533604330929e+01
2.717699522781713117e+00
6.514938729792357996e+00
3.083741728547331640e+00
1.620450835737377204e+01
4.944079566763964984e+00
9.402331839224279619e+00
5.356489893052359896e+00
3.519794323730846664e+00
4.528254134967348854e+00
1.561905417348074465e+01
4.797768936833003650e+00
1.238832684092660585e+01
6.681946892736897681e+00
5.542761953634054883e+00
6.514487102498401683e+00
1.105460041539708094e+01
9.391762133670830792e+00
7.942790784668231296e+00
2.854046932345980281e+01
3.774178027501367438e+00
6.769442117957564342e+00
5.888219172199921303e+00
1.614675639694743836e+01
9.509233420666195258e+00
1.592171273942553711e+01
6.367486041671532426e+00
8.047474770421588985e+00
3.860400223710936718e+00
5.509349169751538433e+00
5.995704232617657503e+00
1.243172857952619559e+01
1.334563951519909430e+01
7.495617777809007620e+00
7.896622524986277369e+00
6.617769134483247662e+00
9.813222983541034949e+00
7.411962400870749867e+00
6.289666061424274979e+00
1.899459843605365350e+01
9.415212934334151740e+00
1.778851729101295120e+01
4.407724474935905690e+00
1.217577845442521323e+01
5.195548884498297326e+00
4.063649842691179792e+00
1.406783997230935057e+01
9.500671957798568101e+00
1.589830544044501082e+01
1.194375135677452171e+01
4.178464369873457152e+00
1.140423848536054585e+01
1.423162894694604574e+01
5.184637987032728823e+00
3.711347119204266853e+00
4.010586355398018554e+00
9.830376671170364844e+00
9.300919220434874291e+00
1.276419447271810981e+01
1.121944463023238647e+01
1.055277491803523482e+01
1.394637223616014232e+01
4.856191544457697518e+00
8.525675421219650829e+00
6.403624469931081364e+00
2.649314285045754502e+00
1.490620521994512693e+01
1.001766570405506940e+01
1.649982389831248852e+01
1.735332994078036251e+01
1.529499028393644267e+01
8.945788922603508553e+00
8.985877442098912482e+00
5.535427885823994032e+00
1.407920960721051173e+01
7.560375958570094035e+00
9.322678591244262236e+00
1.380273991358408736e+01
4.594922329380128012e+00
7.613056616699399370e+00
8.461372527416642697e+00
9.894123280584810942e+00
1.363634990579025086e+01
1.627309730385235298e+01
2.421722761250958644e+00
5.625362362085126300e+00
8.041693199304859263e+00
3.099731309814464542e+00
8.496429003776214017e+00
1.500122225982624258e+01
9.693476122141209572e+00
1.159706740376626222e+01
2.543063349606645929e+00
1.969286581487234855e+01
8.798729137389965871e+00
1.245360942875323751e+01
9.161072173331525903e+00
1.558281542403915054e+01
3.537998841007658601e+00
1.187868313072464765e+01
1.382414252972734481e+01
5.283073877979941102e+00
9.288390750075794955e+00
5.704724697147179668e+00
7.268853304367897117e+00
2.030400751786859104e+01
9.487534809563582527e+00
1.514817908871989616e+01
4.389799444381962346e+00
1.639536308111679475e+01
5.139317776064253884e+00
1.534183519718402877e+01
1.718373005878784099e+01
1.456313007052205499e+01
6.192870645699489529e+00
3.706777242203691536e+00
8.976605808028201849e+00
7.910382142334666966e+00
5.920203593346681892e+00
1.267256224894843442e+01
9.043661002539593596e+00
8.215376609604494007e+00
1.512007077824072709e+01
1.665620800941756485e+01
5.327822232867045926e+00
3.338648151824782140e+00
1.374407206302729989e+01
2.227096460803066336e+01
6.676047101577620602e+00
3.124705270541712210e+00
3.396641377436885101e+00
1.462480154296159540e+01
8.513356872260960273e+00
1.237648903213160700e+01
7.597334204476807074e+00
1.120910617789650665e+01
2.130114703670308884e+01
6.729008468086721706e+00
6.783779523316409765e+00
1.169840684964742827e+01
1.182010851954749775e+01
1.071098120794518138e+01
1.722061635266527801e+01
1.295246517158453337e+01
5.895892698629896955e+00
4.843712537266933182e+00
1.241506809346347140e+01
1.394478074047177074e+01
8.854430105463402256e+00
4.319318495575063643e+00
4.892080501630768907e+00
3.529331504100896133e+00
3.348967754060952373e+00
9.482283118778488173e+00
2.278776449785401681e+01
2.686552690755715123e+00
1.816018569628058543e+01
7.642381868466411099e+00
4.880357690500654932e+00
1.020517686567686333e+01
1.450899842645199378e+01
1.089693700476820659e+01
4.239416153741769833e+00
1.305527516229203222e+01
7.157095903292933770e+00
7.248520859262396421e+00
7.257625324488801155e+00
9.939665366461808205e+00
1.041997311762665213e+01
8.236744511033123217e+00
3.685971127772648792e+00
1.074033119116373847e+01
1.920218770479888093e+01
1.130935169981904664e+01
4.033720369010700857e+00
3.915353691016559168e+00
1.933862856897076199e+01
4.438393861775008276e+00
1.340519116383104148e+01
1.033804162521111181e+01
1.486970021622547300e+01
5.795800512013517647e+00
1.184419977011192771e+01
1.424875477224569131e+01
3.173005832770818380e+00
1.678619454106579312e+01
5.093643729208960913e+00
1.382251114418368054e+01
1.154092685587665201e+01
2.074433732140253284e+01
2.268750552174550350e+00
4.189636408823989910e+00
1.442673846497691770e+01
1.687316905653080568e+01
1.168791389311711804e+01
4.981748521381248018e+00
1.517606075150654377e+01
1.852749877446635196e+01
1.362256690248392133e+01
7.382364191095001082e+00
3.888958694791231352e+00
1.379698657640826198e+01
1.027328432934723246e+01
6.543936042599240999e+00
