1.164320302351284830e+01
5.526510948555103830e+00
1.238171219249586841e+01
1.096637813008853435e+01
1.248401107551318567e+01
8.727972040785092034e+00
1.781472179825995283e+01
2.720250819691217625e+00
6.501902212826571770e+00
3.080092717729575824e+00
1.689797485966878909e+01
4.923654516954737659e+00
5.335953695476841396e+00
3.509952426671045789e+00
4.509325822487523006e+00
1.626914441257092747e+01
4.777714782749682421e+00
1.265370699301390012e+01
1.705314373890550428e+01
6.670999835460507121e+00
5.522638758014990046e+00
6.501445293812365911e+00
1.121199933650236424e+01
8.990196086062233860e+00
9.456107692366522599e+00
7.956625415515533817e+00
2.867992550538701835e+01
3.761340719532801025e+00
6.759696300709670425e+00
5.869649034960544576e+00
1.683780038430793624e+01
9.578834407643563864e+00
1.659912788919254112e+01
6.352823455376367612e+00
3.208321314233868460e+00
3.846653197029370475e+00
5.489130281858934701e+00
5.977830460021325010e+00
1.270119489932247347e+01
1.371021513129279867e+01
7.498774544059118696e+00
7.909254010375748045e+00
9.897300740375143846e+00
7.413358592259535307e+00
6.274226841213775607e+00
1.954894921349635695e+01
9.480592815673674068e+00
1.841401890334772418e+01
4.389482244386841536e+00
1.242169311095350714e+01
5.174889853993678734e+00
4.047973234545840349e+00
1.451975129116024199e+01
9.569883631066323559e+00
1.657394522101966317e+01
1.216943148201702130e+01
4.161832733366452430e+00
1.158679652593867537e+01
1.470466129593419069e+01
5.163978389510830880e+00
3.699206582279480404e+00
3.995384203859413397e+00
9.915309799410019664e+00
9.361327185331603573e+00
1.306623972490306684e+01
1.138844154072752524e+01
1.067764828494281737e+01
8.650988315942926832e+00
4.186103262764111932e+00
1.438290089856848297e+01
4.835968800976917947e+00
6.389341621134553506e+00
2.653122881981690995e+00
1.546887639626760347e+01
1.375652900031249359e+01
1.011221176962640023e+01
1.590787795078270861e+01
8.991836448755345046e+00
9.033465149808261430e+00
5.515282871825829325e+00
1.453257354253502243e+01
7.564946124205612854e+00
9.384019750865316922e+00
1.422141988827529069e+01
4.575662694826480248e+00
7.618809360390940810e+00
8.490377877533155981e+00
9.982271800647788851e+00
1.403484641536020838e+01
1.696884112035725778e+01
2.429936077162170083e+00
5.605516636743093528e+00
8.058184995034739728e+00
3.095832051894348513e+00
1.031271959050206988e+01
8.526572420802194685e+00
9.771698129464697402e+00
1.179442332250552283e+01
2.548886316375876593e+00
2.023605053037454127e+01
8.839299110286855665e+00
1.272515024203611311e+01
9.215630826622856375e+00
1.622908008587151585e+01
1.209887504378180090e+01
1.424545771492392809e+01
5.262454968347804574e+00
9.348264241230083371e+00
5.685200795208687374e+00
7.267406380473063976e+00
2.085875918334570400e+01
9.556151031540233376e+00
1.574255606949417086e+01
4.371668765658782263e+00
1.709353325584173433e+01
1.596045644346011549e+01
1.785475388004079988e+01
1.507994397207936288e+01
6.176543147125085120e+00
4.208308126844484853e+00
9.023835500217519012e+00
7.923369737483224817e+00
3.368424614632356651e+00
6.410398932844745268e+00
5.901829965187897820e+00
1.296540064963443051e+01
2.298381517536503793e+01
9.093504535205346073e+00
6.802001418524032061e+00
3.666542304360038251e+00
8.236801309999963294e+00
1.141287037470487853e+01
1.571082695382948202e+01
3.121663639903771159e+00
1.735276279901927765e+01
4.307839462550353105e+00
5.307248388346323509e+00
3.331218620699135879e+00
1.415557359631943335e+01
2.300130265182292177e+01
6.665021697487526708e+00
3.120418642802132769e+00
3.388414522568410803e+00
1.514985819785654542e+01
8.544055055892201267e+00
1.575429082067551256e+01
7.703723376071351048e+00
1.264076128748560102e+01
7.602730919629580697e+00
6.718698350538113040e+00
6.774237603668093577e+00
1.190381059532920638e+01
1.203542863201091251e+01
1.084566762995700451e+01
1.788911456297464397e+01
1.327397775962940507e+01
5.877368882328634747e+00
4.823523523797426549e+00
1.268296136364408966e+01
1.438110956290455356e+01
8.897043081786724983e+00
4.301650182287074742e+00
4.871767677733439328e+00
3.519368991826469006e+00
3.341394628474128048e+00
6.641200202669725883e+00
9.550661957463894680e+00
2.359830578140184798e+01
2.689672818385975273e+00
4.860073159057498593e+00
1.030985901729252419e+01
1.501859402125423060e+01
1.104367291089347169e+01
4.222317569218573041e+00
1.338773312468780041e+01
7.153574878341382615e+00
1.851162388956588956e+01
7.255964263073968468e+00
1.003014662542183189e+01
1.053691325102326104e+01
8.258799852082844950e+00
3.674120050431235018e+00
1.087688208414625279e+01
1.975058848654437682e+01
1.148487167504477569e+01
4.018308809716986119e+00
3.901055067887993388e+00
4.718017279058977387e+00
5.883954958236786048e+00
1.988431250124056859e+01
4.419966468440696516e+00
1.377657301576221016e+01
1.542751266080129113e+01
5.776713201218621307e+00
1.206151576738204056e+01
9.484479629321883820e+00
1.747881396945824406e+01
1.424362515754872227e+01
2.132008514578026137e+01
2.280112562126443532e+00
4.172917097079365867e+00
1.492540671385901696e+01
1.189247556716388843e+01
4.961255745587419774e+00
1.577400770557448872e+01
1.910279840287487829e+01
1.401941611107642771e+01
7.383154972872552513e+00
3.874922261678219737e+00
1.421495965727034161e+01
6.531243316730986237e+00
