1.186796157545905750e+01
5.559051099715842881e+00
1.775850818101729445e+01
1.264950566704920298e+01
1.115496048411430152e+01
1.275800333304709078e+01
1.763977523120690449e+01
2.758450089788262005e+00
6.545238448430967360e+00
1.715210891191546594e+01
4.952945061180719755e+00
9.588648420432983599e+00
5.367189891998958018e+00
3.541341265184741349e+00
4.537845735965619021e+00
1.665200856309274258e+01
4.806599781588429821e+00
1.293807984824051793e+01
1.725526658692229631e+01
6.716925805410205896e+00
5.555149838099900705e+00
1.141331144376835027e+01
9.094294801063080413e+00
9.577189169048706319e+00
8.029469784294970935e+00
2.734042936374788368e+01
3.791391830354461145e+00
6.807067320045926628e+00
5.905193460522316862e+00
9.704691927695593634e+00
1.692930847139817985e+01
6.394055078384759838e+00
8.139813593870982800e+00
3.241849039217100881e+00
3.876343313684220249e+00
5.521394264651259043e+00
6.014499020826825415e+00
1.298849187557455309e+01
1.406012712961539535e+01
7.560544105219780597e+00
7.980874735732649050e+00
6.650892457495791277e+00
7.473246367435374182e+00
6.314415774247290614e+00
1.829865959315144863e+01
9.602617067116565153e+00
1.786028042439838615e+01
4.417996897565163117e+00
1.269190349948918950e+01
5.205224334625860649e+00
4.077000098513798854e+00
1.491511586740568163e+01
9.695388549534774469e+00
1.690920515793870749e+01
1.242452657114611903e+01
4.190602639986245492e+00
1.180841159436853616e+01
1.510856985729311042e+01
5.194258379721114594e+00
3.729550367326488924e+00
1.005490977143616860e+01
9.478806632867105009e+00
1.337621079794669399e+01
1.159918271463794071e+01
1.085187537517520617e+01
8.743860927990244392e+00
4.214829501915246190e+00
1.477135379820533601e+01
8.646703216958476546e+00
6.431073391010860618e+00
1.589191508515784079e+01
1.410925210432511889e+01
1.026029352317421939e+01
1.734364010470842388e+01
1.771583651821224237e+01
9.095991774555605147e+00
9.139064635544096760e+00
5.547739021515219804e+00
7.628213112674748331e+00
9.502354747016257264e+00
1.460120571236830500e+01
4.604227243976042772e+00
8.578267113677272349e+00
1.012471986864287032e+01
1.440407789900272562e+01
1.720033562132024940e+01
2.471610317037204574e+00
5.638673366157733291e+00
8.133713717008987487e+00
1.046977060061303177e+01
8.615566148848623484e+00
1.599895166790230405e+01
9.905316512946532370e+00
1.202771723904951529e+01
2.589074691703336484e+00
1.861881390435097572e+01
8.938285972718492900e+00
1.301392511787003059e+01
9.327720031340390960e+00
1.661650535458196387e+01
3.559206956622202878e+00
1.462656425317629427e+01
5.293257014549710426e+00
9.465253150688301531e+00
5.719024778956445232e+00
7.324211449978992761e+00
1.894717601611895930e+01
9.681116283096908859e+00
1.616183247510157273e+01
4.400190890376578068e+00
1.728063451937587303e+01
5.148728925658946132e+00
1.765566084411043235e+01
1.549731991686182120e+01
6.215500183599457884e+00
4.236997843751812098e+00
3.725054534173480203e+00
9.129099635153087533e+00
7.995353194776656736e+00
3.400745037259773174e+00
6.452423634293761978e+00
5.937699864839108166e+00
2.341817833963815687e+01
9.201212327633976784e+00
6.850082787104765814e+00
3.697049975195666249e+00
8.317253740280825980e+00
1.162493531347232789e+01
3.155912305373247406e+00
1.742895909144576549e+01
4.336405835056344138e+00
5.338310485695980212e+00
3.363805122685739946e+00
1.453169297802925541e+01
2.032737514258259637e+01
6.710852422172426834e+00
3.154678009702919006e+00
3.420595620020935979e+00
1.556899254767484386e+01
1.617321965784680060e+01
7.770243626508573698e+00
1.292433834709872364e+01
7.666868513433663601e+00
1.158750423850235123e+01
1.958379057914629939e+01
6.765393989461003343e+00
6.821851246849798045e+00
1.228263505950812018e+01
1.102816731841947551e+01
1.766908331529503329e+01
1.359692071405383906e+01
5.912990697677077634e+00
4.852520024368057960e+00
1.296913468899611921e+01
1.476946914846031689e+01
4.330222296301036167e+00
4.900897217409309725e+00
3.550700389038550675e+00
3.373907483280516484e+00
6.686654089520539301e+00
9.675411940778779751e+00
2.728213851895793685e+00
1.798405374374078747e+01
7.714020268495974442e+00
4.889168977083405920e+00
1.123621061392848652e+01
4.250985931056827205e+00
1.371776527178906058e+01
7.208091297672819309e+00
7.303068079927475864e+00
1.789495724859187220e+01
7.312534712629850553e+00
1.017465394787262767e+01
1.070438705290600900e+01
8.339876630408580738e+00
3.704589087108678847e+00
1.838793239005129365e+01
1.170086367676485573e+01
4.047416681711636599e+00
3.930539765002493358e+00
4.746778576808004857e+00
5.919643140644428314e+00
1.844928496622515013e+01
4.448473283039767523e+00
1.413050804964982454e+01
1.061361785594712792e+01
1.585048460829230343e+01
5.811359963231129910e+00
1.231024971089652453e+01
9.606654001087939321e+00
1.512875968715188257e+01
3.201839565012783773e+00
1.749250859435253602e+01
5.102875622024303226e+00
1.462463135930737401e+01
1.196376473937930029e+01
1.921265982897627111e+01
2.323779991175902282e+00
4.201666575446717289e+00
1.533798222477260964e+01
1.753178330329285473e+01
1.213138526879387413e+01
4.990674601338539240e+00
1.619231370222028232e+01
1.811464676377344674e+01
1.438775344211096119e+01
7.442391088812651212e+00
3.904503222063768320e+00
1.459438886619029319e+01
1.054199489359957020e+01
6.575013430813457127e+00
