1.168075767414469013e+01
5.513743043698600133e+00
1.733994731026566782e+01
1.239325240537346140e+01
1.101926681324635737e+01
8.787425898371591160e+00
1.706983881615847309e+01
2.591496493823171932e+00
6.519068236656163862e+00
2.968379652805421820e+00
1.634410729112313021e+01
4.889473120527493499e+00
9.530856483043027794e+00
3.417820734329898080e+00
4.459239789187959602e+00
4.738038383233712736e+00
1.265284023024597282e+01
1.646315250075754477e+01
5.509740120534204699e+00
6.518598753962741910e+00
1.126017534290392064e+01
9.051799042107218085e+00
9.519800054881313756e+00
8.006029927834637405e+00
2.858810675607161045e+01
3.680254672578124886e+00
6.783720444400515248e+00
5.868102666371543208e+00
1.629797266978073367e+01
9.642689548779657116e+00
1.611431617701085628e+01
6.365815097530044930e+00
8.115247207341338864e+00
3.102539321327605126e+00
3.769245712504698975e+00
5.475096570983442490e+00
5.979669964198365051e+00
1.269799008162846121e+01
7.539788213877437251e+00
7.957870561024638079e+00
6.625978363934891924e+00
9.960780465111060522e+00
7.452620298951098121e+00
1.869692924562004066e+01
9.544330953790389316e+00
1.759678835095376215e+01
4.334623374855152811e+00
5.149887969203906124e+00
9.633732562690251910e+00
1.609482965104846031e+01
1.218954727769098589e+01
4.097700632430206547e+00
1.162591929102161714e+01
1.454259223526012690e+01
5.138585303358210510e+00
3.615418931694131643e+00
3.924303539564890198e+00
9.424780697183827272e+00
1.304323620836202480e+01
1.143264532755885199e+01
1.073492557473674047e+01
8.709684342513650535e+00
4.122972571578343626e+00
1.425597554499501740e+01
4.798499962087894311e+00
8.614471642828368303e+00
6.403369702348014947e+00
2.521125931383993990e+00
1.520282900368729351e+01
1.368615925018707280e+01
1.017475894818029225e+01
1.657519769601994142e+01
1.723827042604873938e+01
1.556657437131558019e+01
9.095357046021419478e+00
5.502135637064111684e+00
1.438986527419475969e+01
7.607277505564761455e+00
9.447539317968276507e+00
1.411048532351986573e+01
4.528185739046527658e+00
7.662187605220298181e+00
1.004544998789675248e+01
1.394112654602199441e+01
1.639843853594877388e+01
2.287017369206629791e+00
5.595396351448155059e+00
8.109214600811785800e+00
2.984851047988953177e+00
1.037387850904005049e+01
8.583925123781932953e+00
1.529311423040755713e+01
9.835466267781058036e+00
1.182749554588873053e+01
2.411815266213727771e+00
1.940028762479624191e+01
8.899747891378707365e+00
1.272074594230352496e+01
9.278529176516578048e+00
1.582471901147359361e+01
3.436595469258072910e+00
1.212163699758135493e+01
1.413220859594101775e+01
5.240567573302040039e+00
9.411677213023256883e+00
5.677712434913875228e+00
7.303543346047349338e+00
2.005087365303975844e+01
9.619988693380088662e+00
1.543105319537602149e+01
4.316093998011215405e+00
5.091641345879434510e+00
1.560929638067192649e+01
1.710353502579233975e+01
1.487073506897744757e+01
6.184406802084110311e+00
4.146090966379148313e+00
3.610703659591542269e+00
9.085664729644568283e+00
7.972223063804142029e+00
3.269941277220627995e+00
6.425020572372265981e+00
5.901298532989608603e+00
1.294819957154249934e+01
2.302007568069763010e+01
9.155765872619650025e+00
6.827106473866852099e+00
3.581326862617923101e+00
8.290472813094496018e+00
1.145648414496513823e+01
1.540483868637196530e+01
3.011881651122926051e+00
1.669552710324432354e+01
4.249685849394996495e+00
5.286936956165440016e+00
3.231049833572883667e+00
1.405086460011461114e+01
2.233670198931257289e+01
6.686581033513313344e+00
3.290834053899711176e+00
8.601605274065176943e+00
1.544073182975742320e+01
7.748704559906935074e+00
1.264052281487391305e+01
7.645799102432891736e+00
1.142183013007591263e+01
2.117535925464530422e+01
6.798634717312784126e+00
1.193338065637584933e+01
1.206048581868138392e+01
1.090053824479956823e+01
1.323816987642309684e+01
5.876066580283625385e+00
4.785584638720848716e+00
1.425436739233153283e+01
8.957960217826339999e+00
4.243245378138189139e+00
4.835646145588935241e+00
3.427656533569025665e+00
6.662129455170068049e+00
9.614494525345202547e+00
2.298026547499043559e+01
2.559443865433908449e+00
1.791916736080105110e+01
7.692756870871109598e+00
4.823512280179744316e+00
1.037104135907394031e+01
1.481758106841736300e+01
1.109517835477641334e+01
4.160675466215102425e+00
1.334440602782353658e+01
7.282367244195320666e+00
1.768688030735557604e+01
1.009311643945444104e+01
1.059590093509090103e+01
8.312777355333620832e+00
3.589236301805292850e+00
1.093126076563732418e+01
1.890131685291783370e+01
1.152668850710795923e+01
3.948193483566995177e+00
4.676059271184102251e+00
5.882860581584799853e+00
1.903786828768402017e+01
4.366328846648954709e+00
1.370461000334190871e+01
1.051012993061034528e+01
1.516792952579104359e+01
5.772199326547267972e+00
1.208563879447944878e+01
9.548224427830925620e+00
1.455968670864052328e+01
3.060342419792344781e+00
1.679526657869740802e+01
5.044336629673288996e+00
1.176882063354418229e+01
2.053822830253195519e+01
2.129742572945552137e+00
4.109242715197397366e+00
1.473646686442085496e+01
1.686211437842150929e+01
1.192241887734813766e+01
4.928470920839062686e+00
1.545697376296799952e+01
1.392706207100403049e+01
7.421783536716446861e+00
3.798725779986745099e+00
1.410464329119642102e+01
1.044233860440676231e+01
6.549213125568738469e+00
