1.190309891524237607e+01
5.533059670274574238e+00
1.767989003372026247e+01
1.261999864478739575e+01
1.271801274687388350e+01
8.945782424783404352e+00
1.735919619938244907e+01
2.443530611475606573e+00
6.587209204153290365e+00
2.843904242395334681e+00
1.653856548834663798e+01
4.876072990467471335e+00
9.711818835202551625e+00
5.325824438172223729e+00
3.320657570662908231e+00
4.422286999046433742e+00
1.603675930793320958e+01
4.716439541580329298e+00
1.287985746571086842e+01
1.666678965656541678e+01
6.768780159830998677e+00
5.528852634722062120e+00
6.586718091134057040e+00
1.147755974332651441e+01
9.218628315832336995e+00
9.700454497796487274e+00
8.136712105135703865e+00
2.830417193244565510e+01
3.598676999808303023e+00
6.863873252187099538e+00
5.905189501356135295e+00
1.648958693255758234e+01
9.826716551652879161e+00
6.426835583342980662e+00
8.250025357525526459e+00
2.986297546553150273e+00
3.692891100894234224e+00
6.022227462677180121e+00
1.292497827240092434e+01
1.386442132743684752e+01
7.652190745688532303e+00
8.086723833731353395e+00
6.699015444825851873e+00
1.015301941567211053e+01
7.561465947200336934e+00
6.342173310161067334e+00
1.927716686227712728e+01
9.725667362894306223e+00
1.798603272276260512e+01
4.290700582895880189e+00
1.265834443450026647e+01
5.150349836602774012e+00
3.914939330102467530e+00
1.458737757288368719e+01
9.817517464034956731e+00
1.627811385890754892e+01
1.241557007699069537e+01
4.040347049606142882e+00
1.184770971791664707e+01
1.474806387327597257e+01
5.138451818026805284e+00
3.530016056890141751e+00
3.856973587316457230e+00
1.017141255354432339e+01
1.326923561799510054e+01
1.094385403237708765e+01
8.865461308675646634e+00
4.067062709488443062e+00
4.780186550802612899e+00
8.767035763802471848e+00
6.466146094913172604e+00
2.368715929392752439e+00
1.539284218125558112e+01
1.390658022730295507e+01
1.037208951422722336e+01
1.678999735000998328e+01
1.755884048523359908e+01
1.574927479421768339e+01
9.220331434847867769e+00
5.520860186882427634e+00
1.459857645011360461e+01
7.722404222362831305e+00
4.495060935028452498e+00
7.779511473530898336e+00
8.697575425768732771e+00
1.023974599411572584e+01
1.415796265784767627e+01
1.659674944102715344e+01
2.119693425350536398e+00
5.618860224881270682e+00
2.861390182402430593e+00
1.057562419554127509e+01
8.735446091073871600e+00
1.548108452682294534e+01
1.002456045869170254e+01
1.205116588592617966e+01
2.252466230721019258e+00
2.007790080108509301e+01
9.061761149268278359e+00
1.294771081759452613e+01
9.452247411196427862e+00
1.600503574093845671e+01
3.340556288072408009e+00
1.234732121773309821e+01
1.434585740921222374e+01
5.245784982009883635e+00
9.589274345145284428e+00
7.406206743920972890e+00
9.803400966853413223e+00
1.561614002364133924e+01
4.271129241169134616e+00
1.670070365013044267e+01
5.089029002772077703e+00
1.579137327132094093e+01
1.739900912957460122e+01
6.236845548610448375e+00
4.091499490587630739e+00
3.525021941088229749e+00
9.253545387098519370e+00
8.101622839340420157e+00
3.163877169948615453e+00
6.488806029292997657e+00
5.940019404398618974e+00
1.317460798060110960e+01
2.310554778478928029e+01
6.909193544798196918e+00
3.493905928300920394e+00
8.431670704090835855e+00
1.167639005659460594e+01
1.559044472396607084e+01
2.890083500564144092e+00
1.692500433712829988e+01
4.200974944212108930e+00
3.122630792606126082e+00
1.426592155267213791e+01
2.323171077231596726e+01
6.762367253349260920e+00
2.888700715111439887e+00
3.186032628974902803e+00
1.512753693490484430e+01
8.753730743618939769e+00
1.562563103131509301e+01
7.869454919340522103e+00
1.286754401283371507e+01
7.762469025337412454e+00
1.164131704076432428e+01
2.201839151670541739e+01
6.819931193983869377e+00
6.879453562238114550e+00
1.215787715078136877e+01
1.228582413675193763e+01
1.111239435805733855e+01
1.743344706724307969e+01
1.346299901915299913e+01
5.913545915855052293e+00
1.290766253293054966e+01
1.446576302332078079e+01
9.121835626978942457e+00
4.819343310739461650e+00
3.331082378818403189e+00
3.133913125319955917e+00
6.736808766887106614e+00
2.388571758639313103e+01
2.409456002128872232e+00
1.836878917747301188e+01
7.811296389016358255e+00
4.806553351238811445e+00
1.057272636431250845e+01
1.501676182843980101e+01
1.131016988773459353e+01
1.356840769261093804e+01
7.284913029761333370e+00
7.384142405762180950e+00
1.809325943669677983e+01
7.394022549531101163e+00
1.028854620016204535e+01
1.080219164662706888e+01
8.454778846638747680e+00
3.502283971377269101e+00
1.114363392027934196e+01
1.174740848914149893e+01
3.882245324081870841e+00
3.752932909316818666e+00
4.651076046816770670e+00
5.920674517299081785e+00
1.966773770222599182e+01
4.324185606941824744e+00
1.392479765431166605e+01
1.071471279418884848e+01
5.804535673210376778e+00
9.729668677225626894e+00
1.476478292587121821e+01
2.941518288817151827e+00
1.703884872959636709e+01
5.039216385935522347e+00
1.434423150217175902e+01
1.199198498640962107e+01
2.133431665960329582e+01
1.952289030378233647e+00
4.052548828416958848e+00
1.493755218304614907e+01
1.711601184302944390e+01
1.214683507546512686e+01
4.917165841442382224e+00
1.564156334315623376e+01
1.876111370082769980e+01
1.414411604794483068e+01
7.529360602133631453e+00
3.724094422204681454e+00
1.064552875737110682e+01
