1.166067805343311115e+01
1.744961055803906191e+01
1.237427422063501758e+01
1.099864758859631131e+01
1.247230872111718192e+01
8.766575672952074072e+00
6.498577369066905973e+00
2.947367798298397457e+00
1.638895514079748850e+01
4.868984471343841491e+00
9.509931195181026808e+00
5.296191450686819735e+00
3.396989144075392097e+00
4.438688340632833018e+00
1.587752201919537853e+01
4.717530983816304868e+00
1.263445579273838426e+01
1.651532944761126487e+01
6.672207032047726472e+00
6.498107933199177566e+00
1.123971146512838004e+01
9.030913340270998901e+00
9.498875216229281548e+00
7.985312329984033397e+00
2.841242369228828579e+01
3.659511461134874910e+00
5.847653742564592250e+00
1.634012846458000467e+01
9.621761202739103069e+00
1.614666919836691861e+01
6.345338329204743388e+00
8.094509915902836639e+00
3.081585144850178981e+00
3.748529696488751117e+00
5.454647865837362275e+00
5.959217344373582748e+00
1.267972206776689603e+01
1.362887411023702811e+01
7.519153458926285616e+00
7.937161659081819920e+00
6.605476275308183709e+00
9.939860307977419041e+00
7.432000366526712476e+00
6.264487219491906345e+00
1.886022434260251401e+01
1.772027617140462041e+01
4.314048146878699086e+00
1.241261363852793309e+01
5.129423324282765151e+00
3.958445759151891785e+00
1.436927119414644949e+01
1.612623051173254751e+01
1.217018341244096291e+01
1.453515457587901771e+01
3.594655026449486535e+00
3.903631596879223675e+00
9.957814006189146028e+00
9.403860737079096310e+00
1.141231998903166023e+01
1.071417188667177278e+01
8.688845844181388500e+00
4.102351025648991012e+00
1.424567184022277644e+01
4.778000479019671509e+00
8.593648147307998642e+00
6.382889702952557087e+00
2.499897621256923053e+00
1.520542658618478526e+01
1.367179427384378876e+01
1.015386115475800288e+01
1.663469231292573269e+01
1.734191669266606795e+01
1.557797050555338281e+01
9.032564804796741953e+00
9.074466275191227282e+00
1.438081635561579219e+01
7.586631075696220528e+00
9.426618027616791906e+00
1.409896409942081341e+01
4.507646351621677816e+00
7.641531566343934045e+00
8.526500101568894152e+00
1.002453687892240097e+01
1.392835536808977892e+01
2.265660742347231249e+00
5.574949768226010072e+00
8.088478394678189076e+00
2.963846453648842694e+00
1.035301627630125587e+01
8.563106574330779708e+00
1.529761596201846707e+01
9.814539633542866071e+00
1.180759051092772438e+01
2.390528336328255232e+00
1.957699210214124008e+01
8.878881686531682860e+00
1.270253820075583029e+01
9.257620013067271003e+00
1.584458925807251539e+01
3.415770610754770953e+00
1.210215841687820415e+01
1.412086024235715698e+01
9.390758063455272975e+00
5.657266173511477980e+00
7.282947963653774615e+00
2.023410564425731906e+01
9.599060742649566436e+00
4.295515014780384888e+00
1.654838920829584126e+01
5.071172219721889363e+00
1.562194780937860727e+01
1.719875910435791511e+01
1.486755465459236980e+01
4.125474846975067500e+00
3.589938220299857985e+00
7.951511570602855627e+00
3.249054439666418936e+00
6.404538643222606353e+00
5.880848670944657464e+00
1.293065731292054110e+01
2.308075636724109359e+01
9.134868493353586416e+00
6.806580422851238765e+00
3.560551777033018617e+00
1.143617993229549334e+01
1.541193662408173637e+01
2.990888862555254768e+00
1.676318001191568285e+01
4.229092937216528902e+00
5.266480883169199601e+00
3.210147807707030676e+00
2.251026722685315562e+01
6.666072104722674752e+00
2.989585581018735283e+00
3.269955262066812196e+00
1.492880693078193666e+01
8.580783854502040953e+00
1.544872542770540313e+01
7.728033213767409926e+00
1.262210733202284274e+01
7.625145940951455259e+00
1.140149537128442070e+01
2.135945624024686396e+01
6.721147445222565686e+00
6.778112272987885767e+00
1.191361670453019350e+01
1.204090943428588112e+01
1.087985695821783416e+01
1.722971556213300204e+01
1.322166588376545704e+01
5.855617443986099069e+00
4.765083512890094575e+00
1.266234729892040711e+01
1.424404943345041197e+01
8.937086236264713435e+00
4.222651075834122913e+00
3.406828477885530226e+00
3.220789619884744770e+00
6.641623326903085989e+00
9.593566687988531072e+00
2.314354604104788748e+01
2.538235569210350651e+00
1.805731121929463612e+01
7.672095444870224767e+00
4.803015904290529825e+00
1.035017850899973801e+01
1.481362616267770704e+01
1.107460363807338410e+01
4.140062723585389293e+00
1.332834451640411721e+01
7.166584859082138159e+00
7.261775256369915610e+00
1.781475520688590564e+01
7.271255846483584584e+00
1.007220831367332359e+01
1.057509801772715186e+01
8.292004888610431834e+00
3.568463828491623246e+00
1.091059468775910091e+01
1.906929078639247876e+01
1.150644946937904933e+01
3.927527959968723614e+00
3.805275144103189788e+00
4.655543157193284820e+00
5.862411257714249757e+00
1.920859341910861318e+01
1.369035002080043206e+01
1.048930143446221308e+01
1.516983350877355186e+01
5.751752329394285823e+00
1.206610202356978334e+01
9.527298486148508161e+00
1.455244253451271241e+01
3.039370459368181177e+00
1.686978511383916057e+01
5.023863490915567276e+00
1.411919165623280570e+01
1.174884297786476850e+01
2.072331052200836865e+01
2.108293881875562992e+00
4.088617903534325748e+00
1.694122919465371879e+01
1.190263969984155068e+01
4.907986523166204762e+00
1.546538312045397667e+01
1.840310028373729523e+01
1.391419443083171181e+01
7.401168770409386255e+00
1.409307608734235906e+01
1.042149230370074342e+01
6.528719205938516623e+00
