1.187805018591207151e+01
5.677993996005127997e+00
1.858747657232457584e+01
1.251964585528355300e+01
1.127590295286214328e+01
1.260761286693158212e+01
1.829679992541525735e+01
2.202112794571075671e+00
6.791435696811137568e+00
1.708749923172484841e+01
4.965232155346609666e+00
9.876879663160337941e+00
5.454722338890512390e+00
3.220717848302876885e+00
4.464526646167687574e+00
1.622872353044223459e+01
4.789873094526393871e+00
1.275321533066466984e+01
1.730985281319641089e+01
6.979458338068475598e+00
5.673475700580521419e+00
1.149626830739433636e+01
9.410302062330352157e+00
9.866207714534779072e+00
8.360749832759978517e+00
2.848716621405606020e+01
3.538373899564422054e+00
7.077490098361745474e+00
6.075310163682512865e+00
9.984573355670288919e+00
1.666690784413195203e+01
6.624445012729267113e+00
8.472413544881741032e+00
2.835358097148390932e+00
3.645447096913219109e+00
5.634343727729942408e+00
6.199309781772966765e+00
1.279390348064645444e+01
1.365946874126776756e+01
7.878566360018226078e+00
8.311357123386839518e+00
6.907345282448325463e+00
7.787422898261215032e+00
6.535941807229145084e+00
1.898017298365690309e+01
9.889879520017711201e+00
1.877813468319363110e+01
4.318057856710051823e+00
1.255404510552449615e+01
5.264546384981965588e+00
3.896651473533856880e+00
1.437636576634764651e+01
9.975964613796268310e+00
1.663235068303263020e+01
1.233651742775650106e+01
4.037810202159519690e+00
1.182845075590669559e+01
1.454694971780627810e+01
5.251614315123905641e+00
3.460158687972158642e+00
1.030549223513861179e+01
9.774307260772978623e+00
1.310625522090487216e+01
1.165323416577444426e+01
1.101391548943944088e+01
9.071725988114334172e+00
4.067814423620252029e+00
1.425217964384053104e+01
8.976681942049268059e+00
6.665457247925805184e+00
1.530113006897269123e+01
1.369960124726855533e+01
1.049089571120255471e+01
1.751658615949212816e+01
1.848968304461300249e+01
9.411925628479515638e+00
9.453084099060683698e+00
5.664890294860692954e+00
7.948917624882421151e+00
9.796349192929783456e+00
1.410753431137325542e+01
4.545285147387572167e+00
8.909425784315038399e+00
1.036873940538143302e+01
1.394252552440117299e+01
1.718901110930131537e+01
1.819793423387905840e+00
5.770013252983592800e+00
8.466258481883910392e+00
1.067792770322777862e+01
8.946113451665084426e+00
1.541594844148850285e+01
1.016915935131278559e+01
1.201055463323188555e+01
1.976948591725227633e+00
1.882981790126935806e+01
9.260386298987585363e+00
1.281442099620461050e+01
9.632201210550491055e+00
1.617780637562401580e+01
3.243537207021072177e+00
1.412894929937849930e+01
5.368104735164293650e+00
9.761607711894649597e+00
5.862496001636555931e+00
7.630816138241597990e+00
1.860560296573416394e+01
9.962749464388735987e+00
1.559861713022044682e+01
4.296224091308704196e+00
1.736761566689112612e+01
5.197845610996467691e+00
1.833855685680786607e+01
1.490565180764154896e+01
6.425500005256254532e+00
4.095238658375004448e+00
3.454463624281337353e+00
9.443570741887752362e+00
8.326087102120084182e+00
3.040475560946918510e+00
6.689074576298389196e+00
6.112259836058693274e+00
2.301210507459518340e+01
9.512296569825942072e+00
7.124104544407610540e+00
3.418961985465404751e+00
8.650551978275547782e+00
1.167488264715730395e+01
2.723797521120745468e+00
1.773070961977983728e+01
4.217856075216425360e+00
5.420926549381005266e+00
2.992924106911110105e+00
1.404906359519556247e+01
1.770850088298026037e+01
6.972836365836955430e+00
2.722191995466435532e+00
3.065994994862400791e+00
1.497472871559305752e+01
1.561178872119640104e+01
8.095731939998200843e+00
1.274211949663981791e+01
7.988988376050526696e+00
1.164340904490507178e+01
1.814885292068802869e+01
7.032227682336111840e+00
7.093523058590653463e+00
1.222043529273861751e+01
1.116677142880920925e+01
1.837332913534456935e+01
1.328407222464950976e+01
6.084178864189843772e+00
4.845034062633282623e+00
1.277828328850058526e+01
1.425056441914635919e+01
4.210245958138565392e+00
4.903011088975355314e+00
3.232674368807550547e+00
3.005936583115496052e+00
6.946430980752812623e+00
9.957464742412373226e+00
2.162042301613218864e+00
1.892232713435011249e+01
8.037751707403531398e+00
4.888968277766196913e+00
1.134549086601371393e+01
4.112528148319348986e+00
1.338161678456016190e+01
7.507913813698786853e+00
7.608495506702981359e+00
1.882800489638361086e+01
7.618492411403948061e+00
1.041383433709459538e+01
1.088500155597920305e+01
8.673138210417048910e+00
3.428523976248154970e+00
1.895056890912907122e+01
1.173857439958264770e+01
3.859766166697121026e+00
3.713532253554646889e+00
4.717826138616020515e+00
6.091742630213849985e+00
1.892362358742482442e+01
4.355384349149148626e+00
1.371699243417016945e+01
1.080518399078596836e+01
1.525766960727533927e+01
5.968301839533244113e+00
1.224306588875356638e+01
9.893634617492251593e+00
1.456501514249123375e+01
2.783473588936804965e+00
1.789839879678755352e+01
5.143570366655442427e+00
1.412731533810637430e+01
1.195760624824620599e+01
1.841179284052492449e+01
1.620847802352920697e+00
4.051516874238000554e+00
1.475564130162984000e+01
1.800452020765336769e+01
1.209612676579764745e+01
5.010235850593925733e+00
1.563400198568128197e+01
1.898735512310066298e+01
1.392896570887602081e+01
7.755104299292344905e+00
3.680845234855113279e+00
1.410178548341871441e+01
1.074194006328081663e+01
6.824166680418828790e+00
