1.153604575273775446e+01
5.495728934513982367e+00
1.772291040169324106e+01
1.223108585859918129e+01
1.089232521687146260e+01
1.232676816239692741e+01
8.718057215594164688e+00
1.738949384493083272e+01
2.574197093191372687e+00
6.490649770707142885e+00
2.953495138331543313e+00
1.643465551202644903e+01
9.443595652632906123e+00
5.300073754691871919e+00
3.404842444561046122e+00
4.446613335511953480e+00
1.582052476375468331e+01
4.724546147986067979e+00
1.248517609326298583e+01
1.659174815829682004e+01
6.661994227833228699e+00
5.491757266736255971e+00
6.490186318129606668e+00
1.112668050932074948e+01
8.976276722968654198e+00
9.432817935200388249e+00
7.953298424197939198e+00
2.920057867100848625e+01
3.667899781615801214e+00
6.751732235285369477e+00
5.846999386226205075e+00
1.637436344310662406e+01
9.552590734814220497e+00
1.613859511712298200e+01
6.339307684949246458e+00
8.060338829136384220e+00
3.088334715791803298e+00
3.757020302167999315e+00
5.457380807277592005e+00
5.957462854655070750e+00
1.252943612144066776e+01
1.346320029848068955e+01
7.495770088738823667e+00
7.906082888615923565e+00
6.596158741286439309e+00
9.862436616758049723e+00
7.410124085135751493e+00
6.259411853313668672e+00
1.918284348612599288e+01
9.456729996473956845e+00
1.802380268635165450e+01
4.322253192706588365e+00
1.226849782682329071e+01
3.967018930633610552e+00
1.420502323008357770e+01
9.543862291388643726e+00
1.611401846341280475e+01
1.203207750630143913e+01
4.085594395117277067e+00
1.148264521145921613e+01
1.437399849629190030e+01
5.123144581137193398e+00
3.602943589549168824e+00
3.912204696458177811e+00
9.879916773128726959e+00
9.340179460162101321e+00
1.286868464712966187e+01
1.129450415327770507e+01
8.642077430106727576e+00
4.110852138596649219e+00
1.407990840686887957e+01
4.784766751644517591e+00
8.548991727872165214e+00
6.376404652755520708e+00
2.503293159534417445e+00
1.507379017462627857e+01
1.350578239907884814e+01
1.007074498654039729e+01
1.674089092623589181e+01
1.759950177046081521e+01
1.548025950847719834e+01
8.977889175465383786e+00
9.018797629479117006e+00
5.484211935278540118e+00
1.421674264960788925e+01
7.562057512797708547e+00
9.362370197711390674e+00
1.393216339375493895e+01
4.515382767945598452e+00
7.615974718371968599e+00
8.483312311199304290e+00
1.376125499605553948e+01
1.650611133598492231e+01
8.054427771293878990e+00
2.970055091313953177e+00
1.026451745764925505e+01
8.519120323715442922e+00
1.517291587129325414e+01
9.740399213692770175e+00
2.393102540877308559e+00
8.827794911229496222e+00
1.255175180426354942e+01
9.197540263319602616e+00
1.578243407294829659e+01
3.423673764709821654e+00
1.196579451617454737e+01
1.395416583040075231e+01
5.224498679759478570e+00
5.658347989004369083e+00
2.045788773370637159e+01
9.530468691207575560e+00
1.532650466559632640e+01
1.663301675955409564e+01
5.076471807982701812e+00
1.552938095021008635e+01
1.743205882757118275e+01
1.471705786945388539e+01
6.160011949443803481e+00
4.133954626264962684e+00
3.598218698503090618e+00
9.009336634242819386e+00
7.920155145311493783e+00
3.256452695069300685e+00
6.397788535432422208e+00
5.879873355348066433e+00
1.277514269568503913e+01
2.282571100678489984e+01
9.077757681374739818e+00
6.794500784334150723e+00
3.568779350712215415e+00
8.231968074297927984e+00
1.131770506912404173e+01
1.529710235667812768e+01
2.997227940564435311e+00
1.690130744676450547e+01
4.237443967553735646e+00
5.270564788025721370e+00
1.387187365440990305e+01
2.995918457349758590e+00
3.277424521967672089e+00
1.478105126895552601e+01
8.536410155801537059e+00
1.533738690163775864e+01
7.700900094005367791e+00
1.247310513460771020e+01
7.599883962514907942e+00
1.128397874725602357e+01
2.146456452855090191e+01
6.710264608328703417e+00
1.178218368799623406e+01
1.077683969717992518e+01
1.746859479546528604e+01
1.306099262681848039e+01
5.854886580335243451e+00
4.771904493973020855e+00
1.251244551139924077e+01
1.407827018622300130e+01
8.884650212822178261e+00
4.231011690310996443e+00
4.821755497374592636e+00
3.414708118373212642e+00
3.228088340059256378e+00
6.631823466834599223e+00
9.525114403834336940e+00
2.305417477608156318e+01
2.541904740044529820e+00
1.838212662443145362e+01
7.645985411417957067e+00
1.026175689575165606e+01
1.466093433558157599e+01
1.096616648292458329e+01
4.148527655341061937e+00
7.149086380902832438e+00
7.242743640172803588e+00
1.812593963690244081e+01
7.252069263549365985e+00
9.991276173974327435e+00
8.253805808561553548e+00
1.080672268679356485e+01
1.938266808550649145e+01
1.138603818291624670e+01
3.936102957896078447e+00
3.813810039565096677e+00
4.662794392426555135e+00
5.861614879770680631e+00
1.951434714638789103e+01
4.353901134134036788e+00
1.039707955651477178e+01
1.503574463529128735e+01
5.751994821445983952e+00
1.193066998240437648e+01
9.460525096109916987e+00
1.439168550829213089e+01
3.045934138243322931e+00
5.029428882241293586e+00
1.395248856838502505e+01
1.162182034819555021e+01
2.089761219334586073e+01
2.108470221951249446e+00
1.457572789382933109e+01
1.712153851179206399e+01
1.177149785952882866e+01
4.914155646232035934e+00
1.535568147814820783e+01
1.873459837261332694e+01
1.374710868394723740e+01
7.379817459810110947e+00
3.786534119931330267e+00
1.392624956711212469e+01
1.033112646541569468e+01
6.520405220520539835e+00
