1.190966569235082417e+01
5.577944495981545181e+00
1.796219768145405027e+01
1.257906629546566180e+01
1.267008357375180871e+01
9.058612967697289520e+00
1.757394568509275246e+01
2.266295686589394176e+00
6.674017619687996117e+00
2.703399958624612243e+00
1.650044400659075805e+01
4.885835470682660997e+00
9.812037757720885267e+00
5.360363889570957774e+00
3.220893096093631502e+00
4.403870991659292855e+00
1.588121489755268101e+01
4.716650535368303032e+00
1.282016024130298959e+01
1.666879844563246138e+01
6.860969987052021324e+00
5.573534220078271595e+00
6.673511207999778705e+00
1.150874419867110277e+01
9.328175221266963746e+00
9.800937656805825071e+00
8.251493981137704381e+00
2.879373535781815008e+01
3.521143151605370836e+00
6.958662064045684659e+00
5.966931841069097686e+00
1.643694493190000472e+01
9.924133219549117868e+00
6.508436038902989829e+00
8.365229716336971322e+00
2.858304841883913650e+00
3.622632690088632312e+00
6.088810829396507529e+00
1.286195704802704398e+01
1.373029342873281600e+01
7.762641200334050140e+00
8.201247857547782516e+00
6.789202492308127113e+00
1.024118117739827305e+01
7.670653755007438512e+00
6.420853331905608918e+00
1.957942855908292401e+01
9.825561141857233949e+00
1.830949163492407905e+01
4.263524365583811537e+00
1.261468715589751355e+01
5.175599114482887231e+00
3.861307397174860156e+00
1.440410168891112797e+01
9.915167251252070102e+00
1.616980749343017365e+01
1.238887595955540810e+01
3.995780468371434413e+00
1.185764233454948524e+01
1.455626940312475881e+01
5.163053664109915175e+00
3.447097555459409435e+00
3.799072056960635990e+00
1.025899559422159513e+01
1.318037190446784024e+01
1.100168238551696476e+01
8.979004846936462059e+00
4.024396872381050372e+00
4.784259012628318430e+00
8.881296154239167961e+00
6.549062434043524839e+00
2.184365638059358794e+00
1.518685582900627118e+01
1.376930856530186098e+01
1.045296400221331901e+01
1.683236109142442061e+01
1.781864821287533118e+01
1.555957271283137544e+01
9.329853653846136297e+00
5.565154884198931562e+00
1.441466544724481835e+01
7.833734521922802507e+00
4.481376583381018186e+00
7.891494599400008525e+00
8.812237928438262813e+00
1.032512577340612125e+01
1.400243392232700934e+01
1.657650602482451418e+01
1.911093490251051019e+00
5.667828517912073316e+00
2.722437998822512917e+00
1.064895887738781077e+01
8.849899993287808186e+00
1.527697446994499231e+01
1.011659445494125897e+01
1.204850758897751106e+01
2.056903687461909325e+00
2.026167668092648455e+01
9.173358790608466151e+00
1.288300838696639694e+01
9.557921371891719531e+00
1.584460151030825159e+01
3.242420541122032152e+00
1.232526541266609144e+01
1.417748987951583572e+01
5.276146987051212101e+00
9.692219842160545440e+00
7.512905952507904495e+00
9.901405522539775461e+00
1.541749141848185189e+01
4.242627636827676518e+00
1.671370607167247613e+01
5.110917767714279414e+00
1.560533078784743921e+01
1.762352619987995084e+01
6.311727953428212246e+00
4.050562874015901649e+00
3.441709074590882711e+00
9.362575766805766975e+00
8.216228286638230571e+00
3.051078375219220984e+00
6.572469302346791942e+00
6.003225577890910714e+00
1.309291785842380662e+01
2.293645701817922600e+01
7.005167723752427911e+00
3.408127697626551100e+00
8.547081641191869750e+00
1.169643122457089390e+01
1.539049466467773541e+01
2.753668717370460595e+00
1.701191594380969363e+01
4.167674809232932986e+00
3.006343569501658486e+00
1.410290864006232425e+01
2.261627722237199123e+01
6.854376369554083581e+00
2.752163920620938953e+00
3.075097458389659977e+00
1.492240302111151529e+01
8.868074801713595079e+00
1.542749623627419453e+01
7.982351760052479150e+00
1.280875081439738494e+01
7.874263232208766006e+00
1.166337034344245360e+01
2.174500249648831840e+01
6.913537825669163972e+00
6.974653767041151475e+00
1.214837085213223489e+01
1.226789555778297292e+01
1.116233425381619426e+01
1.766610220517707575e+01
1.335935474410217694e+01
5.975641247106315390e+00
1.284591901126583657e+01
1.428972626576556060e+01
9.232700019465639230e+00
4.825756572713932435e+00
3.232171904750914759e+00
3.018582558811356176e+00
6.828090845343818494e+00
2.308374210536281623e+01
2.228990136968507674e+00
1.871503285419221285e+01
7.923618426471823462e+00
4.812204633788694785e+00
1.064617357307187540e+01
1.481430781360376336e+01
1.135023092455814009e+01
1.345670749423574009e+01
7.389381359447848574e+00
7.490454473273769231e+00
1.842611281454588479e+01
7.500509002223179067e+00
1.037230123370677148e+01
1.086626795504491483e+01
8.570174373985059546e+00
3.417170944228809848e+00
1.119205780650180415e+01
1.176331529263893394e+01
3.826211401578501370e+00
3.687242552770457760e+00
4.647262628867965262e+00
5.983070083111102555e+00
1.991957261798405554e+01
4.299263558982572064e+00
1.378617332831335673e+01
1.078247133204185815e+01
5.861937693930920013e+00
9.829467867484801502e+00
1.457218236207376449e+01
2.809622396123089061e+00
1.716234351593662666e+01
5.058332016523789498e+00
1.417597110185932685e+01
1.199305308509793555e+01
2.124072925405693368e+01
1.726901117341878678e+00
4.008851698799823282e+00
1.473768541849455715e+01
1.726331171245263008e+01
1.213804494417426660e+01
4.929323205569869693e+00
1.544433205173907808e+01
1.910303081582135576e+01
1.398956550520907527e+01
7.638067693558729943e+00
3.656216666129413539e+00
1.071610376850505908e+01
