1.116830835113444031e+01
5.751722613023696695e+00
1.822928278144561887e+01
1.165574687820735456e+01
1.071629437620676484e+01
1.172407428626760151e+01
9.029447916170786570e+00
1.815931559916539939e+01
1.845146440444235481e+00
6.876759690375525480e+00
2.402888010507112870e+00
1.695404292651417677e+01
4.997397210641736365e+00
9.630356587086730258e+00
5.518218973486971990e+00
3.047063182472665499e+00
1.574578997389364332e+01
4.807896888178789574e+00
1.183841019407761053e+01
1.723918415960515205e+01
7.060066819556616302e+00
5.747022851779042263e+00
6.876259747679148937e+00
1.088195915164939898e+01
9.248434437679160069e+00
9.621748082522520562e+00
3.412677215978270340e+00
7.154856725183595501e+00
6.160807651151792186e+00
1.683948817665864084e+01
9.716906614002242648e+00
1.637589605504412660e+01
6.712313017884708799e+00
8.444296840019367423e+00
2.597561234706737832e+00
3.534895954130564899e+00
5.706274840286075012e+00
1.187067287414232020e+01
1.260501680860125084e+01
7.909026385803572090e+00
8.301142015091661719e+00
6.989995179115136459e+00
9.958084269235891739e+00
6.624535676385603367e+00
1.749598458965448344e+01
9.640835092712094934e+00
1.816352988777754973e+01
4.290585916830258029e+00
1.168240493696970717e+01
5.317309131625750140e+00
3.819583358369621262e+00
1.332020245265497138e+01
9.710009328453196531e+00
1.632684863894851546e+01
3.978281024996534132e+00
1.113107539448326122e+01
5.303580335047686667e+00
3.323071659565159486e+00
3.745721225731193371e+00
9.971484932309770954e+00
9.547375859054524128e+00
1.212388095992279524e+01
1.099967854477237594e+01
1.051815799266128337e+01
8.963886913539310441e+00
4.011893782163042488e+00
1.318732152627843313e+01
4.883862794223226445e+00
8.882854507948804823e+00
6.752842991156703611e+00
1.739231316899850333e+00
1.264199531973059898e+01
1.011642986700524993e+01
1.748596010159435821e+01
1.822325987918951995e+01
1.511137667728313616e+01
9.249783637308748752e+00
9.283938655455926892e+00
5.738089708790646171e+00
1.333295418617979244e+01
9.565253290744946568e+00
1.303757192981747970e+01
8.025623428462324682e+00
8.825203821789736836e+00
1.002109750324827253e+01
1.708643353153411226e+01
1.382853423949842897e+00
5.847206011555804217e+00
8.438853469163106524e+00
2.426898252147944302e+00
1.026121224482081296e+01
8.856683671669646429e+00
1.459479223098518119e+01
9.863927989903855220e+00
1.126794589402533298e+01
1.573599539045438700e+00
1.735466285914071705e+01
1.188699797993441365e+01
1.567205540334236602e+01
3.073477158993729308e+00
1.146841205464295044e+01
1.305941051141786602e+01
5.426941266514972995e+00
9.537064287789053907e+00
5.942723784578837432e+00
7.679698243104846611e+00
1.766502254023723140e+01
9.699414261066010567e+00
1.484571798676506127e+01
4.266387849103246310e+00
1.731011243495197860e+01
5.246408292347771507e+00
1.519920548132366456e+01
1.817810578728660786e+01
1.393347175749332223e+01
6.514398713811559993e+00
4.042579455006648281e+00
3.316536505936834800e+00
9.276052283724652625e+00
2.837624392526160833e+00
6.776140567473531995e+00
6.198427092639655633e+00
1.205288374643457416e+01
2.304111972268947284e+01
9.332914029308110315e+00
7.199740382903859093e+00
3.275765209022266866e+00
8.600890544833536211e+00
1.101590821649054774e+01
1.479655520526349477e+01
2.466234263573177099e+00
4.179347429625316579e+00
5.482650620472838909e+00
2.782133798164762695e+00
1.297851802383341813e+01
2.340225616608989867e+01
7.053644421488366234e+00
2.464340389980057999e+00
2.867363950422857410e+00
1.401914979640122283e+01
8.871841537251647480e+00
1.486404864662907421e+01
8.107135234091709108e+00
1.099231265503179422e+01
1.948170984272496753e+01
7.111158069538201509e+00
7.170308170229790612e+00
1.133993864547163533e+01
1.142659149625048443e+01
1.819181297309284773e+01
6.169843755822580711e+00
4.867669775070059046e+00
1.185826993998014167e+01
1.318561983149961314e+01
9.171397899910688878e+00
4.170879680824800317e+00
4.930332498168816358e+00
3.060906018237242954e+00
2.797328589141124588e+00
7.028010467903403224e+00
9.695174877940237579e+00
2.661892780777975531e+01
1.796973121052515054e+00
1.798220741163138570e+01
8.054509399394177649e+00
4.915169988339313178e+00
1.025916567570090798e+01
1.386012147057189203e+01
4.061907005302438201e+00
1.235721539110265788e+01
7.564627821052613221e+00
7.658864233960786194e+00
1.812058772069892854e+01
7.668198843686970356e+00
1.005636417701484220e+01
1.042000317751638505e+01
8.620614513284225566e+00
3.286752075170410681e+00
1.065530916748331869e+01
1.741295701356951042e+01
1.106366054999650217e+01
3.777963002481607990e+00
3.612341300529086308e+00
4.729601253362738511e+00
6.177546979013080808e+00
4.331901837411407996e+00
1.265811980569163353e+01
1.035897064814653312e+01
1.438294412901039898e+01
6.051449517606836359e+00
1.144378125479696706e+01
9.643860288879508857e+00
1.352997263521474558e+01
2.536549992854304936e+00
1.787836733274331280e+01
5.188549697455574261e+00
1.305774022238925802e+01
1.122809547462792956e+01
1.823682435444601424e+01
1.139967298846758847e+00
3.993641381276147317e+00
1.375185168047018536e+01
1.796859549368532782e+01
5.045784411994164387e+00
1.775720569840744645e+01
1.285978312536938084e+01
3.575186875070107018e+00
1.303172868915944882e+01
1.031045855994621974e+01
6.908811210864757690e+00
