1.168401657960240492e+01
5.546207232218231198e+00
1.757581856034761003e+01
1.235996109664755593e+01
1.105141080894883032e+01
8.872863387537204716e+00
1.725282344250352651e+01
2.450636653487224592e+00
6.584210333203772691e+00
2.856196585774021468e+00
1.632615649448662865e+01
4.894548803084966870e+00
9.606517362602337684e+00
3.337438729237012236e+00
4.442335613527833793e+00
4.735664254611850588e+00
1.260515184805807820e+01
1.647735010301799718e+01
5.542045849730940610e+00
6.583728929139987862e+00
1.128242718787946686e+01
9.134691106358472368e+00
9.595665741700624807e+00
8.092969581712125660e+00
2.897024623682273159e+01
3.617222798003708828e+00
6.855080846116127447e+00
5.913708776982971926e+00
1.626835892278727513e+01
9.716178580235416362e+00
1.604362035638981610e+01
6.426898778320146555e+00
8.202517235323881550e+00
3.000123341564579604e+00
3.711891554912415625e+00
5.506021599588009963e+00
6.029049586423291807e+00
1.264775438831225962e+01
7.623350873799479288e+00
8.044608882225059432e+00
6.693753168650436791e+00
1.002709875241233561e+01
7.535199123351505435e+00
1.894318500026704299e+01
9.619739820929241958e+00
1.786441238499565287e+01
4.310885058507132328e+00
5.167041452736942375e+00
9.707402259039291437e+00
1.602030852071860423e+01
1.216719730945292710e+01
4.060394239600372934e+00
1.163177317181610881e+01
1.439525482377222865e+01
5.155233904355733365e+00
3.548184744824987913e+00
3.876592065685863009e+00
9.502332830593610780e+00
1.297323196922811128e+01
1.144736579811425159e+01
1.077776622439820997e+01
8.795674328510340700e+00
4.087149230154273560e+00
1.412007151233309621e+01
4.799137710372194832e+00
8.701016886200953593e+00
6.465478842831050343e+00
2.374710372609730502e+00
1.504684740332369586e+01
1.357935911330888246e+01
1.023543345721159525e+01
1.662161611659726645e+01
1.745659386171591976e+01
1.542513031558646119e+01
9.177730944695554172e+00
5.534139722344289858e+00
1.424824373947583567e+01
7.691525788112360651e+00
9.524699549737269066e+00
1.398139276403774467e+01
4.514972705302631617e+00
7.746944655486999842e+00
1.010961345419081781e+01
1.382057741386467242e+01
1.639482426718910446e+01
2.121666343924753839e+00
5.631044199426325392e+00
8.196470953997430087e+00
2.873879649910081380e+00
1.042871598402659217e+01
8.670620186455492373e+00
1.513901347827211374e+01
9.904784367892444763e+00
1.182364528978684959e+01
2.256644787744365388e+00
1.954968591565920377e+01
8.984229761014551841e+00
1.266922224089197968e+01
9.358418653628325146e+00
1.570767243796533386e+01
3.357484693996273695e+00
1.210285425418291538e+01
1.400206463299140758e+01
5.261707970294907000e+00
9.489451547563835021e+00
5.716475733014817706e+00
7.384183245346984670e+00
2.007925036401925212e+01
9.693933335246791572e+00
1.528189775301170883e+01
4.291321663851818791e+00
5.106174188570191674e+00
1.547095069216691066e+01
1.729419785655147024e+01
1.471507131123735590e+01
6.240254849420315608e+00
4.111616829104876913e+00
3.543161695707248704e+00
9.168156343541488340e+00
8.059024947371071335e+00
3.179385528904029368e+00
6.487711785045625845e+00
5.948045705685110818e+00
1.288367605709889041e+01
2.288843429927237594e+01
9.237374940752310692e+00
6.899390451859434670e+00
3.511860822235156387e+00
8.377906474889531552e+00
1.147013499215112020e+01
1.525453325125595327e+01
2.902891091480112262e+00
1.677740358601704784e+01
4.221169798303076703e+00
5.310072253201663095e+00
3.137771128694877731e+00
1.392471290961660912e+01
2.184260157000733216e+01
6.755775583144885132e+00
3.201732971652497817e+00
8.688215299150394699e+00
1.529202750985818859e+01
7.834173809469462846e+00
1.259352738638011360e+01
7.730408916779552442e+00
1.143703360209738129e+01
2.095586101483277019e+01
6.870315656605163745e+00
1.192425616821692991e+01
1.204487837965021058e+01
1.093727982149282418e+01
1.315689229898726964e+01
5.921947850600691510e+00
4.785583193607109820e+00
1.411853548643461664e+01
9.041873670017563924e+00
4.214363103212729555e+00
4.838109628991112743e+00
3.347941081404945063e+00
6.730757505812245967e+00
9.688548307853542596e+00
2.233664563368914457e+01
2.416061309041983129e+00
1.820358904243207121e+01
7.777778068819059420e+00
4.825381452593115128e+00
1.042596593059978893e+01
1.466281936267470520e+01
1.112428588321014900e+01
4.127048815909608592e+00
1.325699646452961744e+01
7.362705522392900548e+00
1.796161255331235296e+01
1.015602158444208492e+01
1.064357421465660103e+01
8.400199426814490167e+00
3.520289417567008083e+00
1.096683053470322733e+01
1.912414820261305337e+01
1.153714978923228429e+01
3.901939332332678312e+00
4.670546070198150268e+00
5.928975886166209186e+00
1.924270975330256661e+01
4.344349127025366464e+00
1.359678797307211973e+01
1.056065210747125072e+01
1.501147668262876778e+01
5.814422025770151770e+00
1.206872958897042736e+01
9.623559981810226205e+00
1.441177159047894563e+01
2.954879502951982762e+00
1.690617867264871421e+01
5.056706826642575869e+00
1.176784150568522946e+01
2.046342689218483102e+01
1.951281514031829145e+00
4.072614712397602865e+00
1.458344470280344574e+01
1.699187929335681702e+01
1.191384584464675811e+01
4.935414429485773802e+00
1.530905935371136017e+01
1.380724687546075558e+01
7.503987812030119997e+00
3.743229421040504601e+00
1.397583537574347012e+01
1.049504024458581419e+01
6.615114089179906287e+00
