1.164699247456284326e+01
5.547086343657221086e+00
1.236324045268805882e+01
1.098785125992642620e+01
1.246228167724704861e+01
8.782145298812313428e+00
1.794711702144401144e+01
2.631612428076234078e+00
6.543076202143817355e+00
3.009530798349841607e+00
1.690309149866394023e+01
4.926975976033203253e+00
5.351447228712675752e+00
3.459432674331018642e+00
4.498801073733674549e+00
1.621151537273727428e+01
4.776343292678080665e+00
1.262651332662737502e+01
1.707904563023624434e+01
6.714820561486884110e+00
5.543114318240744076e+00
6.542611760736125603e+00
1.122740907459520798e+01
9.042821954671026674e+00
9.504431215721277582e+00
8.011626109508386051e+00
2.892111095856125758e+01
3.721754013358796520e+00
6.804795900285038890e+00
5.898505290116201394e+00
1.683533480347547240e+01
9.625699190706324515e+00
1.656974213649632333e+01
6.391437155791368951e+00
3.143915377954625612e+00
3.810644017301676456e+00
5.508735961420100580e+00
6.009064964457442315e+00
1.267246139588453602e+01
1.364907221729687770e+01
7.551603402054489322e+00
7.964122485239006011e+00
9.939760742039261743e+00
7.465561105851044488e+00
6.311405166948663492e+00
1.970669003714052181e+01
9.528636027715043255e+00
1.859646108533839381e+01
4.374652161114462423e+00
1.240195192245526457e+01
5.185819680444824442e+00
4.020138720478063199e+00
1.443746577466717973e+01
9.616859332807631944e+00
1.654203276192140848e+01
1.215760744300908769e+01
4.138454740815716626e+00
1.159217180181719264e+01
1.461903585891169222e+01
5.174590162263667636e+00
3.656971925617065633e+00
3.965450611536200931e+00
9.957494344854177726e+00
9.410685138711261999e+00
1.302559663282233871e+01
1.139923981535384812e+01
1.070568507252296975e+01
8.705494815328105318e+00
4.163659621181775350e+00
1.430353994411620633e+01
4.836494621531193694e+00
6.428602142232846539e+00
2.560982066519043698e+00
1.538054752489133037e+01
1.369398649359029108e+01
1.015120362799697595e+01
1.583062524563553097e+01
9.044450640831732002e+00
9.085774746989340400e+00
5.535568386487486059e+00
1.445003248551192598e+01
7.618212333240379941e+00
9.433137382806416227e+00
1.414592206532991803e+01
4.567463228525713070e+00
7.672400730654892698e+00
8.545401623027174765e+00
1.002340768769120238e+01
1.396426941186784632e+01
1.698324691438257261e+01
2.325857133343595340e+00
5.628097895929281336e+00
8.113397417466796213e+00
3.026033841198302543e+00
1.034812473169172264e+01
8.581500653953815672e+00
9.816001241008930123e+00
1.179387152931224136e+01
2.451226006944184466e+00
2.032470194809410557e+01
8.892893092969933022e+00
1.269563855847366085e+01
9.266421038928077891e+00
1.616872307756509386e+01
1.208922159351542547e+01
1.416935950867382132e+01
5.275896400184474366e+00
9.397758433434038494e+00
5.709745045130493857e+00
7.318377339122023706e+00
2.086370912582226111e+01
9.603295526777023028e+00
1.565969584237558365e+01
4.356187267567215748e+00
1.712508937917520413e+01
1.588540001736480889e+01
1.799185689390104059e+01
1.499032472403117389e+01
6.211855239678889085e+00
4.186714504016770810e+00
9.076216971150858015e+00
7.978279839140160590e+00
3.311493429124958698e+00
6.450026630858160637e+00
5.931405340496566758e+00
1.292805166336362177e+01
2.290109575271208087e+01
9.145346846286749098e+00
6.847684472321608595e+00
3.622901291216535480e+00
8.292149257662723372e+00
1.142301408823491649e+01
1.562710198557274133e+01
3.053113929220222289e+00
1.742192345877689164e+01
4.289999458481466021e+00
5.321946553171587269e+00
3.272571376570943436e+00
1.408176169169377090e+01
2.265338163509025193e+01
6.708753518909980507e+00
3.051808898488504784e+00
3.332400083380644418e+00
1.506000438723393842e+01
8.598932762653975104e+00
1.567176697357095172e+01
7.757771186274171171e+00
1.261398669289256880e+01
7.656228124462052698e+00
6.763216178331463269e+00
6.819539682967797667e+00
1.190004131639655860e+01
1.202770854648688292e+01
1.086996108434519037e+01
1.803012130069373598e+01
1.322658101911740225e+01
5.906398546260083648e+00
4.823646689460610482e+00
1.265481955805648262e+01
1.430178914764852749e+01
8.950291404172954657e+00
4.283579458639099613e+00
4.873443604898692882e+00
3.469269283419262440e+00
3.283217997204940009e+00
6.684574362853592078e+00
9.597873452961472651e+00
2.315062403523265999e+01
2.599444076148675453e+00
4.861374705099819060e+00
1.034531767191837481e+01
1.492932620391288623e+01
1.106328411152184188e+01
4.201257873015441291e+00
1.333667705099815493e+01
7.203443956774234103e+00
1.869777765964785132e+01
7.306830064950476711e+00
1.007050925551832599e+01
1.056791747166672835e+01
8.314143648776520124e+00
3.630806174481995718e+00
1.090045658359895420e+01
1.989124758916769409e+01
1.149306408970694982e+01
3.989293408021164389e+00
3.867291984164312524e+00
4.714668344218166496e+00
5.913132114395497574e+00
2.001207187695585077e+01
4.406244266974391977e+00
1.371342958437007375e+01
1.533871879861434628e+01
5.803437304420940634e+00
1.205300292833385534e+01
9.532477851619084674e+00
1.756632607322680073e+01
1.416757242787718063e+01
2.125457958075513432e+01
2.167767434843311580e+00
4.149966504166276771e+00
1.483691469832690757e+01
1.188904256253077918e+01
4.965753825764428697e+00
1.569206952786203679e+01
1.928643947188683683e+01
1.394926483659113359e+01
7.435119330688202410e+00
3.840083654717292738e+00
1.413962459801644300e+01
6.572896175124457230e+00
