1.152547316613073747e+01
5.492182363094172182e+00
1.827985765128184426e+01
1.092001414405745408e+01
1.226070723377727134e+01
8.811798541019829401e+00
1.784720776955035859e+01
2.293936464553793186e+00
2.718500603020576722e+00
1.652364145385025651e+01
4.827262869087975083e+00
9.526954355120764717e+00
5.283344203057988686e+00
4.363153773851669470e+00
1.572878761759145760e+01
4.664447405324965601e+00
1.240727015747471818e+01
1.674001457169230278e+01
6.720157207873612037e+00
5.487951049695848127e+00
6.541101744521428785e+00
9.067698352306383214e+00
8.044970384241105776e+00
2.891181234699945435e+01
3.510800944657447076e+00
6.813423598250013313e+00
5.865102352597220126e+00
1.644171811359704449e+01
9.633357070925884003e+00
1.612890000332928153e+01
6.383327655130166534e+00
8.153103374462569164e+00
2.868784602384533589e+00
3.608951936838369345e+00
5.451313434352920595e+00
5.981833204798761017e+00
1.331300474093841757e+01
7.997190137616419392e+00
6.651620808156568643e+00
9.934378742033880272e+00
7.492251149612643601e+00
6.299580392070224910e+00
9.539790506327701536e+00
1.864317369934375535e+01
1.220675309369976702e+01
5.105863604579057302e+00
3.839617782543764957e+00
1.401358943012675518e+01
9.624846084796493173e+00
1.609705481850260966e+01
1.198754245680727593e+01
3.969481198356941132e+00
1.147551763547290982e+01
1.417720707408054359e+01
5.093808067784420857e+00
3.779492088762440360e+00
9.951297413972943318e+00
9.425749788173833466e+00
1.276178899159148905e+01
1.129914229719016738e+01
1.065749483543317488e+01
8.736211023393837038e+00
3.997107601177735781e+00
1.389366369030660309e+01
4.729523716862188643e+00
8.643425924506500380e+00
2.214275168640140290e+00
1.488459484215250228e+01
1.335269834955417778e+01
1.694823914602880066e+01
1.812315933796396550e+01
1.532911922724856346e+01
9.069291533106776271e+00
9.109691205491609267e+00
5.479911535382020915e+00
1.402487271614116082e+01
7.647525355308255612e+00
9.447486359343393758e+00
1.375316319772896101e+01
4.437848324523628207e+00
7.702503168512148335e+00
8.577839369682513038e+00
1.001410817296539335e+01
1.359187995282918315e+01
1.662158727101722633e+01
1.948384423008644450e+00
5.578403270185968488e+00
8.147138780348353038e+00
2.736975725384343416e+00
1.032185127397187685e+01
8.613608984040949323e+00
1.499016235111054129e+01
1.165897577072197855e+01
2.090291663420265067e+00
2.032059018388946114e+01
8.920736636565289146e+00
9.285763211009394169e+00
3.241041439630058196e+00
1.192598166422064310e+01
1.377401801759863176e+01
5.202463455250202706e+00
9.413229020250433621e+00
5.665147891729073848e+00
7.341983295974483958e+00
2.072280847015477079e+01
9.611782834384140273e+00
1.515720203734449534e+01
4.207684196890394190e+00
1.679742174188108805e+01
5.043701741455079102e+00
1.538511962296765567e+01
1.451687248845666289e+01
6.195196292451448095e+00
4.022365596705339108e+00
3.433952001833673773e+00
9.100351272521791657e+00
8.011435998563824157e+00
3.055678030593616423e+00
6.444539919749005641e+00
1.267531939396153007e+01
2.290707321846525701e+01
9.167850795379107964e+00
6.857811448063102944e+00
3.401456147000035735e+00
8.325939991496587922e+00
1.132092455517325291e+01
1.512487827025146458e+01
2.767279981356888463e+00
1.717349112521352339e+01
4.135381037374062707e+00
5.251777704447791351e+00
3.012320570803702413e+00
1.369613046210799112e+01
2.184747114503952048e+01
6.713861161653749576e+00
2.765819910937267423e+00
1.458159671595394435e+01
8.630869779374220840e+00
1.516920892990273728e+01
7.788966060383355483e+00
1.239610658431369927e+01
7.686102753441367064e+00
1.128925741716452258e+01
2.130935798858855179e+01
6.770347502487870095e+00
6.828687854171874960e+00
1.175517407994544072e+01
1.187052565119209468e+01
1.081058197489482886e+01
1.795243308509429525e+01
1.293967459953301891e+01
5.873445661804161944e+00
4.715630539488135042e+00
1.243248736431213608e+01
1.389209952151687588e+01
8.977069390863482212e+00
4.128362864633406737e+00
4.769458374647284948e+00
3.231116633153723328e+00
3.024183502203353857e+00
6.688760472305301796e+00
9.606559479352442921e+00
2.214037294800591837e+01
1.904001467325690911e+01
7.733075793536645648e+00
4.756417561140565908e+00
1.031920294668711335e+01
1.446049666470292649e+01
1.098984907473963624e+01
4.038292891442066157e+00
1.303700089238935078e+01
7.224265000036123041e+00
7.320590524501842999e+00
1.876025269094471426e+01
7.330171112049980842e+00
1.052856937333221765e+01
8.347883184145576507e+00
3.410207500053666685e+00
1.083892373724405545e+01
1.996098764176384677e+01
3.671415602040027704e+00
4.597640064560614803e+00
5.880562011470409800e+00
2.006486928662528513e+01
4.262303558195926989e+00
1.336988446801147745e+01
1.044883300700032969e+01
1.484450646652996753e+01
5.764499846244180326e+00
1.189333888813476392e+01
9.543498719434115429e+00
1.419445709498676322e+01
2.821564366611503782e+00
1.735884614708222529e+01
4.993152617361874768e+00
1.377242743886093201e+01
1.160562128620400024e+01
2.098972706713073677e+01
3.982100615774265773e+00
1.437555419056969619e+01
1.748130797155988958e+01
1.174521987888417662e+01
4.869095680814202964e+00
1.518944780355977109e+01
1.939374741739542785e+01
1.357858156514885728e+01
7.461216076828022459e+00
3.641422349100987166e+00
1.374756165918281603e+01
1.038570291168668902e+01
6.572642150201732036e+00
