5.543001385544718218e+00
1.768819123161541995e+01
1.234290460135479783e+01
1.102650919250415562e+01
1.243628819863157986e+01
8.849536947254470931e+00
1.737049753507775662e+01
2.475073744698539358e+00
6.573268454744897404e+00
2.876727165846307166e+00
4.896671930141690332e+00
9.581192941351460490e+00
5.339480448758693321e+00
3.353425715647325944e+00
4.448335487262474075e+00
1.581997181408925179e+01
1.658494494975183642e+01
6.749893202353647759e+00
5.538872977265735464e+00
6.572790391841365931e+00
1.125828980105457866e+01
9.110513142212422366e+00
9.570361654921068606e+00
8.072964144552670973e+00
2.901124329795197809e+01
6.842299554589165389e+00
1.636839944795209689e+01
1.613411286067508144e+01
8.181980560318312001e+00
3.019284127216361746e+00
5.503134774577807420e+00
6.022119019368348702e+00
1.263379200236702360e+01
1.353902887355690154e+01
7.605835827456394860e+00
6.682057569450815748e+00
1.000122639070983688e+01
7.518187752527573764e+00
6.334522645869405721e+00
1.898717466398968767e+01
9.594391026008954881e+00
4.318036630885562666e+00
1.237942853831305889e+01
5.166897020734573687e+00
3.945227609959452764e+00
1.425414425448127176e+01
9.681903211765538586e+00
1.214838510952373341e+01
4.069769353871986795e+00
1.160925079293501838e+01
1.441685195675443154e+01
5.155186598213080451e+00
3.562216318500325496e+00
3.887621754845390853e+00
1.001871834062971978e+01
9.477215811391754841e+00
1.296353072482313351e+01
1.142391862964051796e+01
1.075224157800819924e+01
8.772625943088781852e+00
4.096285092205524947e+00
1.413366243491396190e+01
4.802067332161120028e+00
8.678325569417573604e+00
6.455368501476326237e+00
2.399886091794388498e+00
1.509196367264748773e+01
1.358014946088384356e+01
1.020947541830492789e+01
1.673341202706093256e+01
1.757154783577961865e+01
1.548675755911340879e+01
9.112140814693004742e+00
9.153427077611958396e+00
5.531029536314306050e+00
1.426542888756011074e+01
7.673628768654161547e+00
9.499535730382319798e+00
1.399134825043621433e+01
4.520340814792264794e+00
7.728742086512470522e+00
8.611740432153618841e+00
1.008369163219290598e+01
1.382663082001398536e+01
1.649962350925870780e+01
2.149319334909236545e+00
5.627169259718360017e+00
8.175963082903477286e+00
2.894241451181298164e+00
1.040279871925788058e+01
1.518797966522452292e+01
9.879021469420772306e+00
1.180226870043205878e+01
1.954995846440047558e+01
8.960523506294755691e+00
1.265551494405545618e+01
9.333631748375355031e+00
1.578252561586819880e+01
3.373284746896422437e+00
1.208350857260427169e+01
5.260788653685430916e+00
9.464362038631129792e+00
5.711933155745601454e+00
7.368059655706400868e+00
2.003915635658966465e+01
1.533706339097581406e+01
4.298645548605819933e+00
1.662605079539636677e+01
5.106531551633267441e+00
1.553468845105101614e+01
1.741149796337364819e+01
1.474738980082049622e+01
6.231761977806876018e+00
4.120534255098774246e+00
3.557239618901570033e+00
9.143880130809156626e+00
8.039188091277278403e+00
3.196853092602195634e+00
6.477444600410469100e+00
5.941725512710391399e+00
1.287271576529516359e+01
2.287720095570500689e+01
9.212903411109108376e+00
6.886316184919692773e+00
3.526227856836930297e+00
8.356561258491632671e+00
1.144679305987212459e+01
1.530849113385422200e+01
2.922976279692218959e+00
1.689263001991279367e+01
4.229113474282270246e+00
5.308759708973291858e+00
3.155630459646090902e+00
1.393325557352923738e+01
2.167614280256953663e+01
6.743659107627930638e+00
2.921591636371658751e+00
3.218990481720519270e+00
1.480911500951916082e+01
8.665573608902255032e+00
1.534764255514661535e+01
7.815499480873317140e+00
1.257893614849446351e+01
7.712297047321033716e+00
1.141353949131874224e+01
2.084968392752459820e+01
6.799607227818608379e+00
6.857433374884313260e+00
1.190355985188873866e+01
1.202507361640333094e+01
1.091208265487327012e+01
1.744659129971562805e+01
1.314999375695619221e+01
4.788627900296420492e+00
1.261724951589694932e+01
9.017980973646974263e+00
4.222367073260092418e+00
4.840709063494724518e+00
3.166907576571901028e+00
6.718810282121706834e+00
9.663079898110845889e+00
2.214126637207806425e+01
2.440834482537610484e+00
1.829200589814000821e+01
7.759407451854991145e+00
4.828088610472972775e+00
1.040004723753365923e+01
1.469327827881417825e+01
1.109960081649805197e+01
4.135828650432801901e+00
1.325175712101551007e+01
7.250655779093875708e+00
7.346710690618148298e+00
1.806113110156693580e+01
7.356270925778757075e+00
1.013008081479345002e+01
1.061784776995265389e+01
3.534578552697399623e+00
1.094170488143441133e+01
1.915556151616231517e+01
1.151413204934685552e+01
3.912739727327978922e+00
3.784163009644418985e+00
4.674572524093099979e+00
5.922800264461094422e+00
1.926563762391435830e+01
4.351206492644545953e+00
1.359793604487252772e+01
1.053483319520542594e+01
1.505514838399427013e+01
1.204911124328437744e+01
9.598204227735918082e+00
1.443388428118236888e+01
2.974469914025443362e+00
1.702329145240975450e+01
5.057474027311270603e+00
1.401092994041320061e+01
1.174611158088740659e+01
1.980615534439531089e+00
4.081880495973068790e+00
1.461116010943242571e+01
1.710974878396301690e+01
1.189307651145507627e+01
1.536543277854853251e+01
1.860252141961639794e+01
7.487157372268346656e+00
3.755471274390539627e+00
1.398565049538897931e+01
1.046916505997669944e+01
6.603958248758067917e+00
