1.167003464485373954e+01
1.775720877427181676e+01
1.233377837413666711e+01
1.104724762364351776e+01
1.242447030522810714e+01
8.886598680572403097e+00
6.588865984574551860e+00
2.791645971522235481e+00
1.635924896440343090e+01
4.875556822991950590e+00
9.617144550283898141e+00
5.329608015912921104e+00
3.285215480812090139e+00
4.414774371154690513e+00
1.572170392104167647e+01
4.713765265302528817e+00
1.257427008280364689e+01
1.652841856545115462e+01
6.768391982208415314e+00
6.588379806302381958e+00
1.127489020787472995e+01
9.147661189336830034e+00
9.606360766684677088e+00
8.106745812041216581e+00
2.895658882600133666e+01
3.571731451884867958e+00
5.910608367620043602e+00
1.629490616649162149e+01
9.726083403545365158e+00
1.604686256699542213e+01
6.429932956813265932e+00
8.216488038703218422e+00
2.939357472975018037e+00
3.668604369893756711e+00
5.497145293865828286e+00
6.027439399042710200e+00
1.261604939442687723e+01
1.349074746845674078e+01
7.635563389098843246e+00
8.058278604754322672e+00
6.699465048617581964e+00
1.003459193062293942e+01
7.546987564169131524e+00
6.345893069869846137e+00
1.917486117735887774e+01
1.806935731505825871e+01
4.280663487987655280e+00
1.236925811363318140e+01
5.152769423731883514e+00
3.896475420655920896e+00
1.418009695045876484e+01
1.602134931778246596e+01
1.214463131439802268e+01
1.433724773402277286e+01
3.501062406641640035e+00
3.837049834939280313e+00
1.005194434745854970e+01
9.513584193422243374e+00
1.143726705274585242e+01
1.077725798659397505e+01
8.809562641484077972e+00
4.052227052673605279e+00
1.406386315273094390e+01
4.778413639565507687e+00
8.715047891919157408e+00
6.468922050638188814e+00
2.296902352402909298e+00
1.499400231907737790e+01
1.353038606629176854e+01
1.024101181865668053e+01
1.669069347322913188e+01
1.762637898645726153e+01
1.538492357237038632e+01
9.149287745158622087e+00
9.190538761227635689e+00
1.419098869472819224e+01
7.704038157847992174e+00
9.535822016805434842e+00
1.392665947127569304e+01
4.488849033297416469e+00
7.759682641912003298e+00
8.648271156878729826e+00
1.011637676667269581e+01
1.376792132251316048e+01
2.036529310859492625e+00
5.624022753827990329e+00
8.210432710951238278e+00
2.809798498177368042e+00
1.043230584771437464e+01
8.684686527800712597e+00
1.508843805658307780e+01
9.913290261017079885e+00
1.180726614949308129e+01
2.175447828716805532e+00
1.975762452231561639e+01
8.997686109122243536e+00
1.263710202425257378e+01
9.370432605653331137e+00
1.568347233137728125e+01
3.305754516354194372e+00
1.208147475945340155e+01
1.394709129060751884e+01
9.500775876434596867e+00
5.710679399745355767e+00
7.395150388532453434e+00
2.024862607825004091e+01
9.703990110932481983e+00
4.260697721753158973e+00
1.657318068642996067e+01
5.090877187312884189e+00
1.543292442821264743e+01
1.744661693894012799e+01
1.465754943870416227e+01
4.077219224547470766e+00
3.495919916553963613e+00
8.072727737435714701e+00
3.123217070081022673e+00
6.491387358963510934e+00
5.945395626874273809e+00
1.284740756814896656e+01
2.289325616165479005e+01
9.249940831842527800e+00
6.906922084001287487e+00
3.463872392994432392e+00
1.145967301248118453e+01
1.520750488812323731e+01
2.839577453124839224e+00
1.686640630551114484e+01
4.189089338807750806e+00
5.298141810198631951e+00
3.080547001002210905e+00
2.181243491846507254e+01
6.762058798601112919e+00
2.838142582275245296e+00
3.146128517128372160e+00
1.471758642820197593e+01
8.702261807226395973e+00
1.524633021109238129e+01
7.847233863797596243e+00
1.256287002368757477e+01
7.743081289345822960e+00
1.142709893126747644e+01
2.103533742246931126e+01
6.818887461179632403e+00
6.877602979169156860e+00
1.190610510016407453e+01
1.202455779640333944e+01
1.093468708439484693e+01
1.748604107309400391e+01
1.311541522919509717e+01
5.918956013324839560e+00
4.764609737853259475e+00
1.260001493103427173e+01
1.406234162760286743e+01
9.055158596576388774e+00
4.182140185733933535e+00
3.295976365132748498e+00
3.092220867563294728e+00
6.736812589679597174e+00
9.698641453096817244e+00
2.224279626196793203e+01
2.339427472937726016e+00
1.842737023268732344e+01
7.790634523751600149e+00
4.805137889447180122e+00
1.042958550547563945e+01
1.460498534930196257e+01
1.111908620835125916e+01
4.092980742031864239e+00
1.321366170459268297e+01
7.276305558630554060e+00
7.373546178127136308e+00
1.817295319235406126e+01
7.383221088035381463e+00
1.016235793932728448e+01
1.064471767830569071e+01
8.414356620226081773e+00
3.472502443678948669e+00
1.096383742935787353e+01
1.935133212861832064e+01
1.152560563718493114e+01
3.862963267850972215e+00
3.730282190100810524e+00
4.647423019352572737e+00
5.926076404773989559e+00
1.946571160952647972e+01
1.354753028102198087e+01
1.056276887653974406e+01
1.495788340467720978e+01
5.809987682624015548e+00
1.204797458156761358e+01
9.634079304659946885e+00
1.435371380136237640e+01
2.892932827475337199e+00
1.701166866080956197e+01
5.040564351275484078e+00
1.394553376529223598e+01
1.175242934796390770e+01
2.059668425636008493e+01
1.861071666349051634e+00
4.037379705262435614e+00
1.710819906552767122e+01
1.189587976418833293e+01
4.917151779408174050e+00
1.526399711808902993e+01
1.876493106430535107e+01
1.375477814271079069e+01
7.515616305456439328e+00
1.392116774394482270e+01
1.049790123430353006e+01
6.620073799513300550e+00
