1.123650934819378833e+01
5.800180812833700017e+00
1.835614812933266649e+01
1.173955522009123165e+01
1.077214514948552981e+01
1.181017423925570853e+01
9.061878164448330608e+00
1.824785910760955332e+01
1.951067005703095436e+00
6.914365002415180150e+00
2.499413306432615389e+00
1.703918715604004674e+01
5.055019454233668164e+00
9.667364524040971574e+00
5.569375486031663769e+00
3.133112836907584686e+00
4.517294616888142045e+00
1.586081499376836845e+01
4.868010430198750349e+00
1.192835860158815287e+01
7.096306354869434507e+00
5.795534035819724927e+00
6.913868960106492878e+00
1.094204245796810504e+01
9.658664346153452485e+00
8.376239988069880127e+00
2.841063927516916010e+01
3.492986538742466784e+00
7.190442088491934669e+00
6.204877851356480178e+00
1.692755716633558905e+01
9.754882053262695862e+00
1.647596658811478676e+01
6.751250626750592509e+00
8.475321092056850247e+00
3.613323034502919473e+00
5.755247738706183114e+00
6.329580122957188415e+00
1.196170681719527451e+01
1.271899549841649346e+01
7.940851031278892691e+00
8.332204073719838178e+00
7.026741440960881491e+00
9.999212431871498552e+00
7.857173910985326692e+00
6.664223739964583615e+00
1.797439594790232320e+01
9.677955719677418855e+00
1.834304346909592454e+01
4.357832922821796906e+00
1.176710603366055352e+01
5.370890013220883219e+00
3.893702513314045266e+00
1.344922627101254697e+01
9.747904578458234326e+00
1.642816447752732856e+01
1.159412204966185378e+01
4.050047684226881550e+00
1.119816768017362207e+01
1.364087324813760915e+01
5.357330185729210825e+00
3.404772923782753313e+00
3.820947476690200961e+00
1.001280870787438992e+01
9.583533772486493518e+00
1.222332580844935102e+01
1.106298174506154730e+01
1.056942438575050147e+01
1.331426088631325300e+01
4.942969318729542927e+00
8.914677809957661125e+00
6.791443183676102002e+00
1.846966497361262949e+00
1.457415625764791578e+01
1.016001228745446383e+01
1.755944576809245206e+01
1.833337361129995813e+01
1.523802940370303993e+01
9.283483256327555111e+00
9.317875548051027579e+00
5.786701757103515753e+00
1.346216025413094108e+01
8.005139341405067555e+00
9.601588030474307089e+00
1.316176013118760224e+01
4.604801764921935714e+00
8.057126036806403491e+00
8.856837519470188269e+00
1.006316477913497209e+01
1.299370680594473804e+01
1.716829868308801110e+01
1.496759839675800396e+00
5.894599966726143947e+00
8.469876632017003359e+00
2.523025505036606386e+00
8.888417547557441623e+00
1.472736021212282864e+01
9.903743300984599429e+00
1.133918388376672759e+01
1.684190609391281290e+00
1.800233270798145213e+01
9.156144526536328598e+00
1.197858068720528735e+01
9.466604098286181213e+00
1.578863915581667499e+01
3.159106817867914696e+00
1.154602730345898109e+01
1.318402616265394833e+01
5.479187853599022162e+00
9.573121765654574844e+00
5.989076922488814958e+00
7.712372818483410164e+00
1.840313348770519042e+01
9.737187380545275772e+00
1.497586256120360382e+01
4.333979613583552215e+00
1.738688988853317952e+01
5.300866212242746123e+00
1.532451006785355041e+01
1.827030786616321123e+01
1.406777427827705473e+01
6.555065457416193730e+00
3.398339675992212428e+00
9.309933392879868208e+00
8.345349965765883837e+00
6.242117156088025531e+00
1.214999958878540554e+01
9.367210894652572506e+00
8.632035236935477585e+00
1.492724413758364399e+01
1.778876665618258812e+01
5.534229613342094289e+00
2.872438969158572331e+00
1.310150611147616395e+01
2.343133073798242094e+01
7.089929592022399696e+00
2.559848038619172428e+00
2.956291705174272533e+00
1.415363988346262403e+01
8.903626523797990799e+00
1.191929006623947274e+01
8.041639937075608202e+00
1.105540940319959731e+01
2.012443493256176907e+01
7.147040469665900453e+00
7.205790388177161887e+00
1.141342940145332463e+01
1.150285087809180951e+01
1.068783328113098818e+01
1.828744470998374894e+01
1.237752761983455407e+01
6.213822271508749218e+00
4.926990035842314875e+00
1.194888670143758702e+01
1.331253031045755542e+01
9.204594857116592976e+00
4.239841260948381318e+00
4.988828462127054664e+00
3.146735465215802385e+00
2.887387625629271426e+00
9.732899484957428626e+00
2.598284638753943909e+01
1.903717882320453469e+00
1.824274682270650771e+01
8.085944278048790679e+00
4.973864711224893931e+00
1.030523426439124179e+01
1.399415971161653971e+01
1.082583396009182053e+01
4.132448819870104373e+00
1.246403472089010300e+01
7.597830665382179660e+00
7.691629575598398993e+00
7.700923247427848395e+00
1.009897860154960370e+01
1.046919408480085778e+01
8.651786896076355760e+00
3.369020349013044591e+00
1.070969282518498034e+01
1.794573691277810212e+01
1.112878406530998987e+01
3.852705057877243267e+00
3.689585682612248618e+00
1.794217158701539461e+01
4.398562383466056325e+00
1.277351999692436735e+01
1.040693621029470783e+01
1.451683730573220110e+01
6.096647879613133370e+00
1.152059651191313350e+01
1.366159867952061191e+01
2.630866570499732937e+00
1.794999974072140247e+01
5.243731343303247527e+00
1.318232349470554254e+01
1.129810700387400857e+01
1.898020640606500820e+01
1.258134275068639729e+00
4.065182283128978113e+00
1.388532170371011887e+01
1.804223452279823903e+01
1.140573433186187557e+01
5.102781812948371076e+00
1.502459444268799871e+01
1.811058859302744395e+01
1.298016634141457715e+01
7.827397525434298231e+00
3.652997673654329702e+00
1.315580101551641512e+01
1.035748558428282351e+01
6.946168422670830900e+00
