6.079869764281316868e+00
1.538505722787929209e+01
3.304128490441927024e+00
5.646818995883683634e+00
6.528172360448359690e+00
5.590704882357877992e+00
3.377216792800464162e+00
5.578209155704784195e+01
1.236090363343155474e+01
4.149084883166982252e+01
1.815789274037013357e+01
7.769344276454511977e+00
1.616299379533704794e+01
3.182882347451406346e+01
2.074733595595503033e+01
3.902049520031638963e+00
1.899100256781036933e+01
5.499468217525382840e+00
3.609233069313119380e+00
1.195584418615490563e+01
1.540010048605978099e+01
6.359007576142090556e+00
8.263476653149263385e+00
7.780126244915035905e+00
9.580261994992008923e+00
2.632391630982593433e+00
2.803620672328488439e+01
1.175402888834866566e+01
1.416183330443345234e+01
3.686282245943715896e+00
7.661815281920689280e+00
3.775204245174207607e+00
9.424108644156062198e+00
3.803604125306525674e+01
2.694989068374695762e+01
1.553155066848100319e+01
1.381643882336970819e+01
5.474334032517194082e+00
4.975883575730066788e+00
1.030822137928735494e+01
9.650737008378413861e+00
1.210832470815598683e+01
7.370339477859547905e+00
1.045659606735987524e+01
1.295282837269009946e+01
3.094502419823528250e+00
7.756241510621746826e+00
3.248241635869702826e+00
2.164398581039786862e+01
5.624785831472260078e+00
1.688642224076854959e+01
2.469762513632480250e+01
4.614772593538468470e+00
7.670326599297872860e+00
3.784749700678077922e+00
5.766087311131435911e+00
2.358598359074179385e+01
6.115181424441468394e+00
4.535864106384452477e+00
1.693784340368604546e+01
2.888537966411438163e+01
2.524806633775038023e+01
7.354487913683667166e+00
7.873939784127702346e+00
6.242172497555768196e+00
6.737570802652445678e+00
8.654094997552441271e+00
2.336211087820130317e+01
4.673932308531788316e+00
1.864922566456452557e+01
8.769144247203316311e+00
1.264646767165407759e+01
5.963128217127076880e+01
4.954426294638216710e+00
7.185293159900843385e+00
3.559554236384899983e+00
3.329702938275683533e+00
4.044084850196390413e+00
8.216133619314616610e+00
1.542876098668655871e+01
4.609263768214677981e+00
1.019617500964907109e+01
7.851279804754375924e+00
4.744645296857815886e+00
1.010677349907409273e+01
8.852076903541378883e+00
7.296110770175325833e+00
4.827669478924496715e+00
3.638961457182210868e+00
7.745917475561014953e+01
1.508457314263251625e+01
9.432603872973274406e+00
7.020365313567922705e+00
4.176509834927835563e+00
7.482727278090417933e+00
5.986873450011161779e+00
6.680261290173322664e+01
3.033009645982390978e+00
8.432860680817620747e+00
5.461719189424229626e+00
8.022508271778885813e+00
3.917665099039691512e+00
3.152322807912356950e+01
5.806611441625397774e+00
4.734054033399930361e+00
1.648507502736390151e+01
7.887041590005035019e+00
1.479345501365453330e+01
1.072041197287853720e+01
7.683420406479056552e+00
2.178408479988799584e+01
3.595214049977482063e+00
1.715486221976469494e+01
4.023254939782123785e+00
3.367160562812165914e+00
4.378898357279220832e+00
1.322497990115549449e+01
2.316106380901164741e+01
2.894917834165029902e+01
9.629627987026941227e+00
3.446353559524448684e+01
1.259202360427763168e+01
1.405725184219991242e+01
5.337496726032226135e+00
2.572402919818161049e+00
8.151315471013065306e+00
1.166019917803904349e+01
2.935318486708137087e+01
6.226289517094778070e+00
4.030300916198054750e+01
3.509275758988788407e+00
2.230170142264069000e+01
1.628723629043837207e+01
3.523157831538320295e+01
4.773778612100805674e+00
2.879401755262934959e+00
1.196970146198745155e+01
4.033758025879635767e+01
3.406477798430296389e+01
4.350070257821036179e+00
8.784916624290287857e+00
4.105212733984631157e+00
9.969008543419036528e+00
5.506349671078646146e+00
1.013329382689568448e+01
6.249399177207719980e+00
2.928342879354334904e+00
1.184644208496164453e+01
1.172160397540614518e+01
5.921066606573634594e+00
5.843443021202625154e+00
6.614270435962580130e+00
3.358704837797666709e+00
5.183659647894751643e+00
1.413660018423911602e+01
1.872117927436762841e+01
5.483964508521996351e+00
4.674711234721032227e+00
8.367241402405156236e+00
2.235323483681693801e+01
1.844537575041390198e+01
3.166798124207232590e+01
3.501807742579357097e+01
1.202524692614441726e+01
2.855948951547474302e+00
5.747128390478332705e+01
3.191824639753265469e+00
1.005766980068763061e+01
1.851146382789661615e+01
7.022668523056064593e+00
4.404295243664671844e+00
6.474086228085007555e+00
5.128442061364458127e+00
1.093574725052827645e+01
1.075896286966422188e+01
3.231137655965032440e+00
1.074166674948889799e+01
7.254908500659161597e+00
6.844108087122284800e+00
9.153949065639245930e+00
2.924328836661951669e+01
6.179878093093790881e+00
2.500506618240488876e+01
2.630089019989899057e+01
1.411514566567536022e+01
3.062489078119428942e+00
2.140846420965636199e+01
4.945173279576366987e+00
6.911282943620093988e+00
4.236684105623600871e+00
1.447301678066879660e+01
5.828253668184501635e+00
7.752463027865220901e+00
4.527667750327756480e+00
3.905823828369489803e+01
3.470376348832624469e+00
1.737934001402285134e+01
4.734860653743253600e+00
2.960412427942779701e+00
2.348319897418211255e+01
4.443059624905161265e+00
3.445806706427203547e+00
5.927830254775780183e+00
1.795523344730462156e+01
4.097342114462899865e+00
3.144863015924401761e+00
4.834603140633122464e+00
1.051010409339624552e+01
2.660861975586683670e+01
4.747495713764175562e+00
1.228861906459450104e+01
