6.071924384451793166e+00
1.548174824899544610e+01
3.264970028878463992e+00
5.634003980272061618e+00
6.525268122495992529e+00
5.577258866145291982e+00
8.582248824180473079e+00
3.338880205803198109e+00
5.633304535337612862e+01
1.242358818780344976e+01
4.188109826715910344e+01
3.629290179766434754e+00
1.828576416806879124e+01
7.780396959064335149e+00
1.626843267703110385e+01
3.211042388351422971e+01
2.090432555237322987e+01
3.869614652681699685e+00
1.912824227683348610e+01
5.484996249253291545e+00
3.573505494571659113e+00
1.201397386585093940e+01
1.549696066791564775e+01
1.242473346285574820e+01
6.354201088045294377e+00
7.791300170259541247e+00
9.611678363257581736e+00
2.585679519626329803e+00
1.180988916439207692e+01
1.424476922933035006e+01
7.671658805980043461e+00
3.741343008598503328e+00
1.280900751485590838e+01
9.453769075242400177e+00
3.838744153775567014e+01
2.717662772006614702e+01
1.562988900153436234e+01
1.389549080336528952e+01
5.459579431501781599e+00
4.955523922473420662e+00
1.034782361702683851e+01
9.682945864897037680e+00
1.216816902424155700e+01
7.376905370036792142e+00
1.049786677157701753e+01
1.302216909326918071e+01
3.052986722829859723e+00
7.767146853238202198e+00
3.208454729221657420e+00
2.181105819279371616e+01
5.611723053949931206e+00
1.699999604173938650e+01
2.489903555114623401e+01
4.590352264055115761e+00
7.680265832725915232e+00
3.750995802306276161e+00
5.754613462186599193e+00
2.377489364800175764e+01
6.107633122590764074e+00
4.510556454627135281e+00
1.705199543324617295e+01
2.913388118414417960e+01
2.545566643832233567e+01
7.360875555757813160e+00
7.886168638364461358e+00
5.269680780274041965e+00
6.236052204425457823e+00
6.737021240459333704e+00
8.675096660937979820e+00
4.650177227296478755e+00
1.878262210818091305e+01
8.791439634058917818e+00
1.271236338037573788e+01
4.191070772626140695e+00
7.189778214825189195e+00
3.523268025473977882e+00
4.013247163538801843e+00
8.278260967798312109e+00
8.232210427338424452e+00
1.552594345454113522e+01
4.584781492246358781e+00
1.023451729116479925e+01
7.863253848575290306e+00
4.721685379892703871e+00
2.043470832744086962e+01
1.014411046475472666e+01
8.875304864266558624e+00
7.301841963981440919e+00
4.805643165031531439e+00
3.603568176781913657e+00
7.825388634594000337e+01
1.517788523416292357e+01
4.141794891397454137e+01
7.022995762518610796e+00
8.829396639874717678e+00
4.147161261074454153e+00
7.490556965862577243e+00
5.977882330945916145e+00
6.747749194884920598e+01
2.990802465602270033e+00
8.451374574584402666e+00
5.446822735084001721e+00
8.036407771760568863e+00
3.885405828150594765e+00
3.180139208209276092e+01
5.795593284646245458e+00
4.710975018169035522e+00
7.899417773440509549e+00
1.488349349534253108e+01
1.076464927470305533e+01
2.945853290356114762e+00
7.693506879160844747e+00
4.079802692828350175e+00
2.195273258891522516e+01
3.559328832014559740e+00
1.727145461583444686e+01
3.992183021749155181e+00
3.328710893975638463e+00
1.329738095303492607e+01
2.334519566305702654e+01
2.919839727484653125e+01
8.242818612917750087e+00
9.661599473580656294e+00
3.477476321970051032e+01
1.265730709198973081e+01
1.413901175341018757e+01
5.321203395859372520e+00
2.525016238190404216e+00
8.166663401969026737e+00
1.171500434334696905e+01
2.960694683489619550e+01
9.210654713438923835e+00
4.092632040443733743e+00
4.067990139554101603e+01
3.472424168934207245e+00
2.247616978655545950e+01
4.751146297912808514e+00
2.835467261284391860e+00
1.202798696610676643e+01
4.071486124273522478e+01
3.437152159794009521e+01
4.322673362863883817e+00
8.807389370793847760e+00
4.075062427541793930e+00
1.000479634857038747e+01
5.491955084432223799e+00
1.017092901243121261e+01
6.243360147754527745e+00
2.884958726043639565e+00
1.190334154310979997e+01
1.177709963480915789e+01
5.911335492609647524e+00
6.612334366871441382e+00
5.165636426921602187e+00
1.421925236387111546e+01
1.885538483298511636e+01
5.469318201762070508e+00
4.650964912474551127e+00
8.385017410433190932e+00
2.252828269158118601e+01
3.194777298763732531e+01
1.208415703642894812e+01
7.698811658275934278e+00
2.811750731880171994e+00
5.804123259062495777e+01
3.151403326603590571e+00
1.009445459756001817e+01
1.864331114605658257e+01
4.377508106155415746e+00
6.470573794085680674e+00
2.321875547857738908e+01
5.109797921194782155e+00
1.098240598755096364e+01
1.080363367453300150e+01
3.191158415857174635e+00
1.078614306028944370e+01
7.260176376857776503e+00
6.844756531746022610e+00
9.180571564809909546e+00
6.589623246203156093e+00
3.033006480086704482e+00
6.173057302277919156e+00
2.520993375751359622e+01
2.652032925591337431e+01
1.949616605758947330e+01
1.419755659024234262e+01
3.020613392584824197e+00
4.924468290465492615e+00
6.912686766385912840e+00
4.208012188650026353e+00
1.455945194930628439e+01
5.817478877038058549e+00
7.763325881618531099e+00
4.502267930927176032e+00
3.942113312652945467e+01
3.433087336717114635e+00
1.749845665246550297e+01
4.711790708920665871e+00
6.015227309809518808e+00
2.917388895216824984e+00
9.802461731986872451e+01
2.367095322320162154e+01
4.416708391062947214e+00
3.408241409823725920e+00
5.918175197721758707e+00
1.808082598066315683e+01
3.103913621495414610e+00
1.055197649288154516e+01
4.724567849604818903e+00
6.967195657738980863e+00
1.235049078234632702e+01
