6.058886664029513369e+00
1.543538510540409803e+01
5.622517179717541502e+00
6.510624859597162306e+00
5.565973031620346845e+00
8.560320647842132757e+00
3.335521715843074109e+00
5.614200503169874423e+01
1.238805569095162085e+01
4.174124033307985115e+01
3.624903186466167160e+00
1.822947044358442170e+01
7.761308586436306278e+00
3.200516934511690437e+01
2.083875804471477622e+01
3.864376536674665630e+00
1.906896486850025596e+01
5.474037168001826714e+00
1.197989204127647511e+01
1.545054364868270902e+01
1.238919690994757516e+01
6.340163668719672074e+00
8.259227782372587257e+00
7.772173183292687249e+00
2.584988532475972267e+00
2.818348760084807836e+01
1.177653011732507338e+01
1.420278691686559824e+01
3.646955714461291187e+00
7.652955535668308329e+00
3.736559173870396933e+00
1.277211003366893571e+01
9.428754360666452783e+00
3.825995658648574960e+01
2.708884649969727221e+01
1.558300120909325770e+01
1.385474548019137764e+01
4.946439997399187050e+00
1.031964255774879291e+01
9.657119507764790001e+00
1.213354110879674330e+01
1.046915432598494533e+01
1.298451668830188233e+01
3.050640740801713768e+00
3.205558148460012635e+00
2.174227944023012782e+01
5.600315162555559390e+00
1.694825593776099737e+01
2.481932055219961342e+01
4.582561615052923365e+00
7.661532080142389844e+00
3.746177781663565298e+00
2.369915986115470474e+01
6.094468937653690688e+00
1.700007117048314953e+01
2.903916823998552488e+01
2.537398009962152301e+01
7.343272941895827799e+00
7.866705669354744579e+00
5.259484250928104565e+00
6.222433216050324845e+00
6.721628041922484975e+00
8.652839658736922956e+00
2.347357148387438741e+01
4.642174704804963525e+00
1.872456873321344162e+01
8.768770596641493498e+00
1.267580816985447711e+01
6.002069419685604146e+01
4.184694201597881857e+00
4.924818276880289503e+00
7.172781551868529171e+00
3.519256515626743909e+00
3.287643735454375715e+00
4.007500364874786669e+00
8.257409381638280976e+00
8.211521931770747074e+00
4.577010572447452574e+00
1.020673751264518714e+01
7.843872033589020631e+00
4.713429607236295560e+00
2.037080399573274647e+01
1.011665086712168993e+01
8.852338813395313366e+00
7.284448420921996181e+00
4.797090051132783195e+00
3.599272279409322817e+00
7.798521212666632607e+01
1.513259823861648101e+01
9.437314693284719169e+00
4.127973124951218153e+01
7.006589769045279859e+00
8.806593175575425647e+00
4.140940198063631783e+00
7.472495077955602305e+00
5.965177665772477766e+00
6.724698293954010353e+01
2.988676712636473720e+00
8.429909896799541613e+00
5.435998847490980168e+00
8.016412722366663246e+00
3.880111786802936891e+00
3.169723199729024898e+01
5.783534206435376746e+00
4.702757176864146516e+00
1.654383297093087890e+01
7.879907881869925745e+00
1.483924910478156711e+01
2.943886727435502948e+00
7.674726232662831826e+00
4.073820183994863342e+00
2.188345208846868672e+01
3.555189610782385490e+00
1.721875312596990071e+01
3.986510822934077769e+00
3.325388419208239466e+00
4.344879739507980787e+00
1.325875386970808911e+01
2.910345584330545066e+01
8.222092547861143075e+00
9.635848715899999917e+00
3.466007277292461453e+01
1.262094686642621078e+01
5.310824396257681990e+00
2.524540093480646785e+00
8.146207044897174399e+00
1.168198133623768697e+01
2.951055850199222164e+01
9.186501002118957260e+00
6.206428515218723518e+00
4.086604095750401733e+00
3.468592725479195060e+00
2.240503550368271135e+01
1.634447808252237877e+01
3.543400144405158869e+01
4.742786187749757687e+00
2.833891636726041163e+00
1.199385551334556155e+01
4.057913360300725714e+01
4.315830713822586873e+00
8.784663846482111182e+00
9.977830139755473837e+00
5.480971358072578958e+00
1.014337443539548289e+01
2.883207824665010133e+00
1.186965152916055111e+01
1.174385671371481621e+01
5.898866506826180078e+00
5.820648047489117793e+00
3.316867893132938949e+00
5.155808376534860571e+00
1.417736042082790071e+01
1.879707376471435509e+01
5.458414645202101845e+00
4.642959600351448834e+00
8.363787740296452000e+00
2.245696384790926459e+01
1.851915660048800305e+01
3.184309448658267527e+01
3.521886437493818534e+01
7.680012224602799087e+00
2.810259100751440808e+00
5.784414262728022749e+01
3.148708796609527738e+00
1.006717085898777952e+01
1.858575114873695355e+01
7.008910629346075005e+00
4.370471256770854573e+00
6.456124234242874849e+00
2.314499128649675797e+01
5.100167626032713564e+00
1.095197751893372384e+01
1.077383833816860736e+01
3.188323090967099649e+00
1.075640966792416364e+01
7.242930394830555230e+00
6.828981782584628846e+00
9.156524394661463617e+00
2.939981980174311715e+01
6.574752065995616235e+00
3.030731259217748885e+00
6.159661413909947925e+00
2.512911769499353909e+01
2.643487235365692456e+01
1.943558562638736120e+01
1.415574148400792964e+01
3.018382062535858168e+00
2.150495290265074289e+01
4.915494350667639623e+00
6.896671438458334968e+00
4.201575618639193266e+00
1.451635517019920840e+01
5.805342289764505281e+00
7.744297967176332342e+00
4.494789237570308238e+00
3.928998729806159673e+01
3.429395206877175362e+00
1.744495122205542970e+01
6.002390385282262208e+00
2.915523140560738025e+00
9.768592393917901973e+01
2.359558754724492147e+01
4.409532711653328718e+00
3.404637273238460438e+00
5.905681988735975274e+00
4.061165770041564649e+00
3.101387278976662998e+00
4.804076849459876009e+00
2.674496021735502183e+01
4.716301868518973706e+00
6.950987283491198099e+00
