6.176585441453732450e+00
1.578055137785290540e+01
3.311718425448122005e+00
5.729629929306080172e+00
6.639282499372308521e+00
5.671714058512359102e+00
8.738702517768826894e+00
5.747468630491736974e+01
1.265929581786174829e+01
4.272456881827058339e+01
3.683555174938816457e+00
7.920306965474711802e+00
1.658346656078407122e+01
2.131500648124363551e+01
3.928837986263067350e+00
5.577547893173962379e+00
3.626619548502480583e+00
1.224123039477596464e+01
1.579607765711413059e+01
1.266046472205681361e+01
6.464686035574948697e+00
8.430305343520650752e+00
7.931435130084752316e+00
9.789371092392471496e+00
2.618412896493555575e+00
2.883791419676260759e+01
1.203293504842665662e+01
1.451805119294852275e+01
3.706142682311730496e+00
7.809325343157263788e+00
3.797919860895937916e+00
1.305266705854875298e+01
9.628203843677725970e+00
2.771671784465254973e+01
1.593174854813546126e+01
1.416156650698886210e+01
5.551606679458267912e+00
5.037151572917600184e+00
1.054070438440884949e+01
9.862108974415601637e+00
1.239860688450189308e+01
7.508490598619471434e+00
1.069384320677507461e+01
1.327022655461371059e+01
3.095361511686186784e+00
7.906783485456413629e+00
3.254037110621972317e+00
2.224044669323659207e+01
5.706889306260471528e+00
1.733012343089293950e+01
4.664445747721170932e+00
7.818109948785483709e+00
3.807771809592857881e+00
5.852727807926164871e+00
2.424479970642932614e+01
6.213030916911641555e+00
4.583003603144866211e+00
1.738319566603077249e+01
2.971435306806343135e+01
2.596024994837158317e+01
7.492130059621266547e+00
8.028260910166684639e+00
5.357790067796557310e+00
6.344099521943799225e+00
6.855404475842998835e+00
8.833465977141047532e+00
2.401373870806263255e+01
4.725505010613574086e+00
1.914952837044245726e+01
1.295402897680976295e+01
6.144746983951264951e+01
4.256926340565455824e+00
5.015005324118203767e+00
7.317502664063200157e+00
3.575345587492113175e+00
3.338114038303690023e+00
4.075433901498936251e+00
8.428442829617386778e+00
8.381442181327253493e+00
1.582565841223771308e+01
4.658760040585637086e+00
1.042506033945941368e+01
2.083570018430101811e+01
1.033278825299327508e+01
9.037804846033212769e+00
7.431878495650988903e+00
4.884178498212400577e+00
3.657302479454247912e+00
7.984779479455389151e+01
1.547041910696319533e+01
9.636971844161498879e+00
4.225186383723366390e+01
7.147279181264866388e+00
8.990949450054852576e+00
4.212110894570199271e+00
7.624487037090658781e+00
6.080603126432656325e+00
6.884906344774965703e+01
3.031894278208589810e+00
8.605128090323002965e+00
5.538586788797084992e+00
8.181599754784931733e+00
3.944954962891123351e+00
3.243689964998227993e+01
5.894553119924309748e+00
4.787557172370660474e+00
1.691588943708186221e+01
1.516995352202894587e+01
1.096612992641326656e+01
2.986017718333762616e+00
7.831624182500580567e+00
4.143362594466755588e+00
2.238504409420790608e+01
3.612150395173986617e+00
1.760718269749366272e+01
3.376774382494940774e+00
4.420997871021214110e+00
1.355111654411102862e+01
2.380623625723465864e+01
2.978020024505360652e+01
8.392269233397239958e+00
9.840322167561536659e+00
3.547161693405996630e+01
1.289783677535569062e+01
1.441011174467851497e+01
5.410375690243774294e+00
2.556498019351582940e+00
8.314542799580904031e+00
1.193609257801312928e+01
3.019717893822898347e+01
9.380073582896990558e+00
6.327706557921033870e+00
4.156456635254132337e+00
4.149858903331433169e+01
3.523452728145079593e+00
1.671169833424100304e+01
3.626432059003332853e+01
4.828557259921126388e+00
1.225553261121036641e+01
3.506005569175894721e+01
4.391244135667614401e+00
4.138524528739178976e+00
1.019059982890008698e+01
5.584650301994525279e+00
1.036016011691510563e+01
6.351558241661389381e+00
2.923866786521688521e+00
1.212831552257796730e+01
1.199946901019702317e+01
6.012683303728558748e+00
5.932567317599237278e+00
6.728145081417308937e+00
3.368047154233876572e+00
1.922379232484996692e+01
4.726308947193865961e+00
8.537401855133243345e+00
2.297246886009782685e+01
1.893913307864427509e+01
3.604396444148380851e+01
1.231286157398214165e+01
7.837038409021165997e+00
2.849148376024411178e+00
3.195808632038831920e+00
1.028210789340894138e+01
1.900734316548336977e+01
7.149656344063039626e+00
4.447210221142117170e+00
6.583459725797753848e+00
2.367718737787039274e+01
1.118837936303595626e+01
1.100591864652188967e+01
3.236383942319461582e+00
1.098806716855376386e+01
7.389353270395337070e+00
6.965362545468947175e+00
9.349369763266388134e+00
3.008375379219145884e+01
6.704965388320445641e+00
3.074969039577405638e+00
2.570944734782134944e+01
2.704687872921656577e+01
1.987779405138311972e+01
1.446986446978601393e+01
3.062320259756631913e+00
2.199736277476032242e+01
5.005455205777155747e+00
7.034694306501303451e+00
4.274217289338772652e+00
1.483922639951216738e+01
5.916890252569362296e+00
7.902883680124506149e+00
4.574544071869537376e+00
1.783886820603040135e+01
4.788389692331295855e+00
6.118718601287931769e+00
2.956966050071617058e+00
1.000264325187714860e+02
2.413871479840498679e+01
4.487219280436802293e+00
3.457945759994081047e+00
6.019664124608664402e+00
1.843325289068838302e+01
4.130401193010503569e+00
3.147339126471664361e+00
4.891334791529934556e+00
1.074906931171789282e+01
2.736448911425180697e+01
4.801430449061882655e+00
7.090327817109116637e+00
1.258469027772038551e+01
