6.003050447822425362e+00
1.527040544185912552e+01
3.238594615320280923e+00
6.449530362351931778e+00
5.515874382951646560e+00
8.475367471824467813e+00
3.311385759670439910e+00
5.550319594707433168e+01
1.225854726856847421e+01
4.127005769380026123e+01
3.597398798943921339e+00
1.803196732708182992e+01
1.604517912177441019e+01
3.164731561617593059e+01
2.061088254073044013e+01
3.834084653676286703e+00
1.886168994686922318e+01
3.542458718409732032e+00
1.185513468754460575e+01
1.528538753806846096e+01
1.225967520365293772e+01
8.177779359596407005e+00
7.696394128278654989e+00
9.489210995072793864e+00
2.569588863040474624e+00
2.787011865722495685e+01
1.405215482841176033e+01
3.619194633148400175e+00
7.578564186856818985e+00
3.707755098681437822e+00
1.263813117755284132e+01
9.333692523105812100e+00
3.782929646332881646e+01
2.678821929587438788e+01
1.541630327827186342e+01
5.399976666688512950e+00
4.903552779683882257e+00
1.021421068604052707e+01
9.559399475403395741e+00
1.200699526344251922e+01
7.288273447527379822e+00
1.036198212126165430e+01
1.284806539594862507e+01
3.029820829727513321e+00
7.672606503096457864e+00
2.150388685031370173e+01
5.549816767800125561e+00
2.454511087377615297e+01
7.587040899433523222e+00
3.717261744848451066e+00
5.690543752431761249e+00
6.038218539965984455e+00
4.465322314938714676e+00
1.681687839335296886e+01
2.871583908196470603e+01
2.509331412458766053e+01
7.272486331684381078e+00
7.789826246065842952e+00
5.212953164532707184e+00
6.164693300439948231e+00
6.658077445008254713e+00
8.566809551511250120e+00
2.321502646891641675e+01
4.602829167723068160e+00
8.681391040866863307e+00
1.254295027776002591e+01
5.933673675442149431e+01
4.150673786630822981e+00
4.882182738310410386e+00
3.492981866681993619e+00
3.264065084107618198e+00
3.975542505168403906e+00
8.175982125241642251e+00
8.130628810211264934e+00
1.531393151256163776e+01
4.538423552854014886e+00
1.010261986776919763e+01
7.767258396268976739e+00
4.673254655449145645e+00
2.014837552705919066e+01
1.001358184045995436e+01
8.763986514616307844e+00
7.214346534442679371e+00
4.755941282807425452e+00
7.709214576912003736e+01
1.497114304666999018e+01
9.342153212534441309e+00
4.081392062545482702e+01
6.939722187069728321e+00
8.718773360926133975e+00
4.107429084389631946e+00
7.400204308223400140e+00
5.910432232353900694e+00
6.647891072123620404e+01
2.968578069494772986e+00
5.387413112263208070e+00
7.937790692927004343e+00
3.849636743805708861e+00
3.134296269209935559e+01
5.730903122361854507e+00
4.662706453310975441e+00
1.636595085536777461e+01
7.802874783411620108e+00
1.468120852820994315e+01
1.062472541999465392e+01
2.924309444524554547e+00
7.600081470603765155e+00
4.041090354482177460e+00
3.528496696756771467e+00
1.703301486742769200e+01
3.954797283746680048e+00
3.301370415695070282e+00
4.308994747702297623e+00
1.311911042715568954e+01
2.301479680476618128e+01
8.141076383196839572e+00
9.538376277836867700e+00
3.427131568338779743e+01
1.248872756578666632e+01
1.394799856717520115e+01
5.263695705065234876e+00
2.509844050357188383e+00
8.066074195624883814e+00
1.156069169505865268e+01
2.918174231077254532e+01
9.094259019629628682e+00
6.148874896042276106e+00
4.053725460134010916e+00
4.008704747094621013e+01
3.442907808484648058e+00
2.215892836211765271e+01
1.616891647923798914e+01
3.503623574179132305e+01
4.702269522217404685e+00
2.815594708466174989e+00
1.186893562330144647e+01
4.012147801068317676e+01
3.387417931707324925e+01
4.280283855790927738e+00
8.697099291575037583e+00
4.036421858896201975e+00
9.876377001246595455e+00
1.003999434353336362e+01
6.171890598293948926e+00
1.162184683650679773e+01
5.844892942408554504e+00
5.767584954325860380e+00
6.535278385507302445e+00
3.292949069456976297e+00
5.110484088434989580e+00
1.402702429951452778e+01
1.859296368468738336e+01
5.409567987685236723e+00
4.603604927001224922e+00
8.281122228397645557e+00
2.221025225484891763e+01
1.831828150605482008e+01
3.148712732637498490e+01
3.482360289123242580e+01
1.192425525406277309e+01
7.605305933030711785e+00
2.792237257744532464e+00
5.718552047851606801e+01
3.126747362849485956e+00
9.964677784926665893e+00
1.838410088662094921e+01
6.942016032307745554e+00
4.334288376959948508e+00
2.289027098027126073e+01
5.055491002235272369e+00
1.083918520046940159e+01
1.066311957887098494e+01
3.165900542572733123e+00
1.064589378021713451e+01
7.173311782627090238e+00
6.764181576617110281e+00
9.064631343097454774e+00
2.907229262086930177e+01
6.512911121191285346e+00
3.010143096644161353e+00
6.102652168807762401e+00
2.614185747902227419e+01
1.922404319982027587e+01
2.126932281908123912e+01
6.831083317637806296e+00
4.167358702167510032e+00
1.436207311365136086e+01
5.752457357262462878e+00
7.668843382667066777e+00
4.457159283131771232e+00
3.884733750696751997e+01
3.404166553202466083e+00
1.725657999341864013e+01
4.663509794145993759e+00
5.947211791818119764e+00
2.896276012842555758e+00
9.656353918354716370e+01
2.333562225222503628e+01
4.372895152318871048e+00
3.379696804566200807e+00
5.851629091378068637e+00
1.783013199393826653e+01
4.028583239264279747e+00
3.079976672756347789e+00
4.762846754052768361e+00
1.041527259759532242e+01
2.644833588673493807e+01
4.676093483302488529e+00
6.884766920409978397e+00
1.218655658996855529e+01
