6.025019990488363675e+00
1.542978228032656141e+01
3.219575504745762817e+00
5.587335145111081758e+00
5.530620554364819697e+00
8.533994118577897581e+00
3.293445925147167053e+00
5.625910533980638917e+01
1.237326721332720680e+01
4.181493200269128607e+01
3.583699686645687610e+00
1.823228991016367928e+01
7.732573572174672449e+00
1.621604354826278893e+01
3.204951329641374258e+01
3.823894888249319113e+00
1.907431484722754078e+01
5.438407565832993562e+00
3.527945008213589251e+00
1.196387322424392430e+01
1.237441187233234885e+01
6.307144856529599330e+00
8.231993660239188770e+00
9.562869924174862035e+00
2.540650388056632902e+00
2.821631174713758483e+01
1.175989830060636265e+01
1.419346863567881201e+01
3.605818688209105449e+00
3.695692241898542285e+00
1.275847922207648821e+01
9.405045576076673797e+00
3.832315452254751875e+01
2.711837103788696979e+01
1.557784334747532462e+01
1.384437808770929124e+01
5.413004419869997363e+00
4.909220043930987210e+00
1.029861920303006606e+01
9.634099090794578046e+00
7.329299022578502409e+00
1.044858164888189833e+01
1.297152614018697214e+01
3.007706225203427230e+00
7.719330593623339176e+00
3.163090604851516385e+00
5.565066203771318776e+00
1.694721340266997345e+01
2.484200399316465280e+01
4.544244812529383282e+00
7.632496306693118626e+00
3.705339843337344341e+00
5.707879750795024520e+00
2.371846676958742250e+01
4.464491925525501337e+00
2.539833546678537246e+01
7.838288356546242674e+00
5.223207915741234331e+00
6.189059525576572796e+00
6.689759088744908766e+00
8.626792012183569724e+00
2.349219839478452698e+01
4.604037595729434607e+00
1.872888058878205797e+01
8.743072404042798951e+00
6.014948614907655866e+01
4.145178095906660865e+00
4.887533148439141328e+00
7.142272523669201512e+00
3.477734562013095942e+00
3.245423624787542760e+00
8.230169778247340417e+00
8.184144008522178382e+00
1.547395371312817858e+01
4.538677037256809044e+00
1.018537382500734978e+01
7.815385892696645520e+00
4.675507283858989283e+00
2.038007814551878383e+01
1.009501562872174496e+01
8.826892522871736091e+00
7.254275993372162112e+00
4.759419907833517094e+00
3.557991519609804421e+00
7.816815504106794776e+01
1.512608271439297170e+01
9.413631712351328673e+00
4.135203177904247696e+01
6.975579784183401522e+00
8.781008992662348689e+00
4.101292203423321681e+00
7.442889484843133729e+00
5.931028522507373779e+00
6.739755730139407319e+01
2.945555417089018579e+00
8.403190266664172015e+00
3.174064772419824010e+01
5.748837530075565638e+00
4.664802683273549633e+00
1.654157137207941375e+01
7.851530364869661049e+00
1.483184932984149462e+01
1.071522064883623671e+01
2.900630420149676869e+00
7.645730230726322851e+00
4.033969867569039636e+00
2.189728585683080198e+01
3.946397327394441934e+00
3.283282083425346443e+00
4.305846485682822689e+00
1.324658996260280830e+01
2.328899992057923285e+01
2.913905307628170505e+01
8.194746487924154721e+00
9.612764181771156657e+00
3.471241947584970688e+01
1.260686039935864855e+01
1.408776804704716312e+01
5.274702817144923728e+00
2.480019737596089069e+00
8.118632241109827063e+00
1.166506451841352465e+01
2.954738287620102355e+01
9.162061986275091385e+00
6.173006581315736874e+00
4.046792314236826726e+00
4.061438125875731942e+01
3.426918054548280690e+00
2.242044149590866553e+01
1.634161556250704095e+01
3.548868102239058686e+01
4.704952354755959298e+00
2.790303768080183655e+00
1.197787878680777851e+01
4.064932230093659626e+01
3.430939475906246372e+01
8.759013561362728240e+00
4.029232152086519747e+00
9.955776450051299520e+00
5.445362657831966047e+00
1.012181975061465522e+01
6.196363537939278743e+00
2.839768611220390149e+00
1.185330041098717579e+01
1.172712640861750621e+01
5.864517479930780652e+00
5.786063244445982079e+00
6.565139284629786687e+00
3.274735873683661147e+00
5.119219528183135637e+00
1.416796549582407927e+01
1.880160417428114172e+01
5.422737951614249319e+00
4.604824857209101729e+00
2.247252636923415281e+01
1.852284927636729250e+01
3.188694989098004484e+01
3.527289545943288118e+01
1.203401864306737679e+01
7.651032156383562821e+00
2.766599995873872953e+00
5.796637373761287648e+01
3.106069890367527897e+00
1.004538647157867892e+01
6.977907640320036187e+00
4.331515144190948519e+00
6.423454965314842724e+00
2.316262774868396690e+01
5.063411058169229761e+00
1.093286022964367632e+01
1.075418407883136673e+01
3.145803595229960781e+00
1.073670287284580738e+01
7.212632818302633808e+00
6.797436428869800373e+00
2.943631037310829868e+01
6.542440380346798534e+00
2.987736729897496168e+00
6.126098508590740899e+00
2.515273496638079109e+01
2.646242559880174383e+01
1.944204072059131505e+01
1.414628139242214289e+01
2.975350308677485067e+00
2.151764575004983371e+01
4.878181116848007370e+00
6.865330123616665503e+00
5.770711350136412676e+00
7.715511677316665207e+00
4.456207860249260300e+00
3.935629008527083528e+01
3.387602381740526081e+00
1.744540588982063767e+01
4.665617935262484473e+00
5.968353413386003226e+00
2.872181336100638749e+00
9.792825127483079939e+01
2.361458225467812255e+01
4.370694343138382010e+00
3.362769819551610695e+00
5.871353505943379680e+00
1.802746195967219833e+01
4.021277309052437410e+00
3.058605730125398381e+00
4.766427766667407084e+00
1.050266226439224404e+01
2.677344816925042537e+01
4.678388203081317975e+00
6.919809694460692384e+00
1.230020912720101123e+01
