6.015660124536680975e+00
1.472819015364960116e+01
3.416708808834453936e+00
5.610190827055604679e+00
6.435409844412223634e+00
8.339962617207502760e+00
3.485142038317121660e+00
1.189664816619910326e+01
3.917127570905262246e+01
3.754031834272011370e+00
1.732442077908033085e+01
7.597530181245709002e+00
1.545657910134523227e+01
3.012463517702829918e+01
1.974893956096662251e+01
3.976547602595218667e+00
1.810446894227075276e+01
5.472224978835769527e+00
3.702380947717647253e+00
1.151738739238024500e+01
1.474227529047741392e+01
1.189770857321929398e+01
6.277019347831414464e+00
8.060190733454007272e+00
7.607625434495872696e+00
9.293108595408034134e+00
2.787755595092482608e+00
2.657357428080598183e+01
1.132842592875043586e+01
1.358287468235544360e+01
3.774522779114232396e+00
7.496849824451048860e+00
3.857781240222639685e+00
1.225350686080208540e+01
9.146900820054012726e+00
3.593650855458623283e+01
2.555644688250189489e+01
1.486535326888005670e+01
1.325947874864319864e+01
5.448691617203047066e+00
4.981988008084815789e+00
9.974703460687125656e+00
1.166015626533270577e+01
7.223938428998022410e+00
1.011362800470617351e+01
1.245087257983287365e+01
3.220434048944603056e+00
7.585261944713239224e+00
3.364381448359665239e+00
2.058848081824853793e+01
5.589560978670293778e+00
1.613393160814785787e+01
2.344763055911054295e+01
4.643876574167476790e+00
7.504819046836533225e+00
3.866718735361171611e+00
5.721862814555353616e+00
2.240679066358021387e+01
6.048722746942376105e+00
4.569993853741831202e+00
1.618207770169011184e+01
2.736866248035380877e+01
2.396301356621731315e+01
7.209096468056230833e+00
7.695463888124583818e+00
5.272864978455441332e+00
6.167625621523455060e+00
6.631471473787192039e+00
2.219717664577150629e+01
4.699268343050094998e+00
1.778446017894002296e+01
8.533651812575751450e+00
1.216402432256150767e+01
5.615632526669825353e+01
4.274182939704038731e+00
4.961897364388791587e+00
7.050677910787181979e+00
3.655866213286812716e+00
3.440654392478121437e+00
4.109536549254963589e+00
8.058501097274611169e+00
8.015863028550983316e+00
1.476911037288032702e+01
4.638718611875322750e+00
9.869793445284903655e+00
7.674247147298940419e+00
4.765477544815129640e+00
1.931412226435080726e+01
8.611302398506030187e+00
7.154437427835929064e+00
4.843213827101569002e+00
3.730215902471630152e+00
1.444684422416407621e+01
9.154854978577276370e+00
3.874244699709453954e+01
8.568796099838284164e+00
4.233527243756396885e+00
5.928586845911700820e+00
8.218786509550497499e+00
5.436880227084368578e+00
7.834569888417923345e+00
3.991168608519266581e+00
2.983850348225975324e+01
5.759805919432449350e+00
4.755560850360121883e+00
1.575814663201834698e+01
7.707731225842221257e+00
1.417426772308205152e+01
1.036064119041368592e+01
3.121239498548550984e+00
7.517078895303611397e+00
4.171160130725350967e+00
2.071965675186150335e+01
3.689254814856996578e+00
1.638527435510139796e+01
4.090033318320822175e+00
4.423025422641277515e+00
1.270569048366335707e+01
2.200893448144838871e+01
2.742839775124694057e+01
8.025685118395038842e+00
9.339330414119785928e+00
3.259153963862372194e+01
1.211304785660851380e+01
1.348495412634700763e+01
1.124057233397939015e+01
2.780667266494918977e+01
8.921801901284386105e+00
6.152754245233666985e+00
4.183038788388023121e+00
3.805909083019605532e+01
2.120430581314511898e+01
1.557290845781406752e+01
3.331066488881645427e+01
3.019033377910547600e+00
1.153036208335612045e+01
3.809146005653624911e+01
3.221817933038099113e+01
4.396033415957451673e+00
8.548419629939807862e+00
4.166771132137321310e+00
5.478668145183712923e+00
6.174392026147189405e+00
3.064857388976734764e+00
1.141495322911129939e+01
1.129806619351584551e+01
5.866971311371045772e+00
5.794291655946798514e+00
6.516024240554266989e+00
3.467809129712064564e+00
5.176530597919538401e+00
1.355924868682538076e+01
1.785183098566100668e+01
5.457708717795027198e+00
4.699997658589497362e+00
8.157346593815981706e+00
2.125255700854227925e+01
1.759359368587716332e+01
2.997403715999960028e+01
3.311076210135850317e+01
1.158236979693972835e+01
7.521990575692464098e+00
2.997074308580972346e+00
5.413389962151656221e+01
9.740109782598270982e+00
1.765547254236307495e+01
6.898411012615969895e+00
4.446804753916957509e+00
6.384768516204948341e+00
2.189186386248427141e+01
5.124829879082618334e+00
1.039673673896748696e+01
3.348366839398830397e+00
1.038054222735724963e+01
6.731223283602393970e+00
8.893947996729577810e+00
2.770377559123476630e+01
6.494996076407344887e+00
3.201934397155727030e+00
6.109298814928327381e+00
2.373549035308388611e+01
2.494878194006473748e+01
1.844512855868927304e+01
1.353916062970905365e+01
3.190459671531966634e+00
2.036795984250328218e+01
4.953233683844839419e+00
6.794119700974754039e+00
4.289868950193562291e+00
1.387423854706751136e+01
5.780069729219270869e+00
3.689360075287572016e+01
3.572368161660066210e+00
1.659545491631999070e+01
4.756316096183034858e+00
5.963164459102923587e+00
3.094884393396577504e+00
9.115440554530150052e+01
4.483100189870180330e+00
3.549363386302319512e+00
5.873304175517853665e+00
1.713466907516040649e+01
4.159401800869245491e+00
3.267587124315663782e+00
4.849705876411101180e+00
1.016372804680249509e+01
2.523691186841964296e+01
4.768146415591704823e+00
6.844589333520875840e+00
1.182896747958230677e+01
