1.527278788425735634e+01
3.272554496856817430e+00
5.599596848545399297e+00
6.475063155930499192e+00
5.543857552894226437e+00
8.495583464054448086e+00
3.345154601141298922e+00
5.539998759255441740e+01
1.226883432063281809e+01
3.630417000343171718e+00
1.802710206141562566e+01
7.707944583316547416e+00
1.604552817376481499e+01
3.160671692366782892e+01
2.059924892245498640e+01
3.866481674001426949e+00
1.885464707752342761e+01
5.453230309304490930e+00
3.575621109829448141e+00
1.186648049430585772e+01
1.528773066001543057e+01
1.226995929545618935e+01
6.307028318814563050e+00
8.198776370630426413e+00
7.718654532916775501e+00
9.506766159052340015e+00
2.605304547484017963e+00
2.783943320294875790e+01
1.166601323492060338e+01
1.405773456464680038e+01
3.652155631468414487e+00
7.601133835702445829e+00
3.740483670415732487e+00
1.264742201317423742e+01
9.351655844689746644e+00
3.777247318694306699e+01
2.676037328212208877e+01
1.541830281238503808e+01
1.371464716850640642e+01
5.428264009721438299e+00
4.933142985212295883e+00
9.576770429998518352e+00
1.201794251273291003e+01
7.311604963251213007e+00
1.037724670092964274e+01
7.694929338261225382e+00
3.217040942168250428e+00
2.148990954581821811e+01
5.577710856090141611e+00
1.676412443179587441e+01
2.452315188905885535e+01
4.574444067336563613e+00
7.609588301181076098e+00
3.749965366428104296e+00
5.718068503316428242e+00
2.341893562555356567e+01
6.064830819768652681e+00
4.496062654559869642e+00
1.681520212370786282e+01
2.868293403783414064e+01
2.506991638264275224e+01
7.295859280630269339e+00
7.811841438486490929e+00
5.241731349995081501e+00
6.683062907606888814e+00
8.586785554370749196e+00
2.319655828537183950e+01
1.851515309535437837e+01
8.701066325068243401e+00
1.255249091527023708e+01
5.922346728746610012e+01
4.182239920049425130e+00
4.911829029426486137e+00
7.127794674220850446e+00
3.526274109900139120e+00
3.297958118501230995e+00
4.007568269931058857e+00
8.196983853109998108e+00
1.531619972096231663e+01
4.568972038570177752e+00
1.011856514262866469e+01
7.789332817920677776e+00
4.703449277478658708e+00
2.013795575658152259e+01
1.002976079526410302e+01
3.605150924996285866e+00
7.693227730259421548e+01
9.360094329072987662e+00
4.074926421495577245e+01
6.963968474175223022e+00
8.738350535378820894e+00
4.139108713355393654e+00
7.423242061853375873e+00
5.937379886807112150e+00
6.634689664742123227e+01
3.003246608370181647e+00
8.367028986658135992e+00
5.415733428294209340e+00
7.959417553251781463e+00
3.881992947732834764e+00
4.692928759054590060e+00
1.636545804323307962e+01
7.824855729998466458e+00
1.468513731553908208e+01
1.063930043093152022e+01
2.959094166228207978e+00
7.622594647424711489e+00
4.072944089177854998e+00
2.162907273498683125e+01
3.561695731446178126e+00
1.703077134847539043e+01
3.986877494259546850e+00
3.335165542395924110e+00
4.340145368395123882e+00
1.312713893467036286e+01
2.299685412317010957e+01
2.874630656794981576e+01
8.162169721044847392e+00
9.555802407729474979e+00
3.422383031325354352e+01
1.395385166109907793e+01
5.292340716933999545e+00
2.545716534821404586e+00
8.087364376412615741e+00
2.914761450549121236e+01
9.112850733480753362e+00
6.175196758683336284e+00
4.085546034045705710e+00
4.002429873611864508e+01
3.476331470867200846e+00
2.214323190380814665e+01
1.616894078303123550e+01
3.498674284203926987e+01
4.732387994845742796e+00
2.850664751557507426e+00
1.188024520956229502e+01
4.005863891304250046e+01
3.382773622973562055e+01
4.311509828104138187e+00
8.716733349535592978e+00
4.068287846039774003e+00
9.892916049599604023e+00
5.460065797740724314e+00
1.005610397882939111e+01
6.198152056316987846e+00
2.899278970224201224e+00
1.175780915157019635e+01
1.163380490629512387e+01
5.872012604464714514e+00
5.794907510885914270e+00
6.560586133743862014e+00
3.326766297947172824e+00
5.139531203575587348e+00
1.403266999072161703e+01
5.437830158334769237e+00
4.633982344463011493e+00
8.301848016488003523e+00
2.219442109718929856e+01
1.831266480997707546e+01
3.144694904738940266e+01
3.477466804554173763e+01
1.193541965417511008e+01
7.627805398271024551e+00
2.827368602371370887e+00
5.707789687002745893e+01
3.161000787050431082e+00
1.837831144784354365e+01
6.966256299225636717e+00
4.365372614624486225e+00
6.421338295409572794e+00
2.287265511620089597e+01
5.084682446509492415e+00
1.085319736257468470e+01
1.067759382449225036e+01
3.200051209410916808e+00
1.066041323487770853e+01
7.196945014778230565e+00
6.788888569348946689e+00
9.083300814666513290e+00
2.903845206585905814e+01
6.538277572223111456e+00
3.044702548272935072e+00
6.129095342810602531e+00
2.482853936265554395e+01
2.611570783925949968e+01
1.921604933581901520e+01
1.401135877901141491e+01
3.032529130720986288e+00
2.125596112694262274e+01
4.902637820481164255e+00
4.198881046092370006e+00
1.436683947059286837e+01
5.779819616140184912e+00
7.691176094126271678e+00
4.487921046597083574e+00
3.878784238595594758e+01
3.437691891853741577e+00
1.725374972869205692e+01
4.693729991524816292e+00
5.974062918465395278e+00
2.931134308174945247e+00
9.635256812329323850e+01
2.331683756553204034e+01
4.403878066656703893e+00
1.782579644429238286e+01
4.060469798833559629e+00
4.792806241979716830e+00
1.043039731662243419e+01
2.642138189562336947e+01
6.909157437391863610e+00
1.219703258127943535e+01
