6.031627676711083019e+00
3.270019652589104986e+00
5.600781874139251215e+00
6.477647649277610498e+00
5.544953477004452402e+00
8.501397839570836723e+00
3.342735811031207760e+00
5.548078052579480612e+01
1.228068038789358951e+01
4.126230456153876958e+01
3.628454213537299022e+00
1.804815294895318445e+01
7.712499886718444664e+00
1.606341143653705927e+01
3.164947536630041469e+01
2.062441148917232070e+01
1.887702082872192122e+01
5.454181362157077828e+00
3.573570729610627605e+00
1.187768338295359172e+01
1.530440255328659305e+01
1.228180716103401160e+01
6.309344201783430250e+00
8.204116288189172934e+00
7.723226956599575921e+00
9.514196950371788475e+00
2.787616949254124776e+01
1.167689566867164253e+01
3.650227594730024006e+00
7.605518397871096958e+00
1.265987326793682755e+01
9.358838685995223727e+00
3.782508783648175665e+01
1.543518343044112306e+01
1.372880442517650046e+01
5.429175152949989425e+00
1.023844978180525800e+01
9.584313125932631294e+00
1.202938751944828866e+01
7.315526701988265046e+00
1.038606899005765349e+01
1.286959122227825603e+01
3.061460935629078506e+00
7.699463836275637796e+00
3.214417357272828735e+00
2.151649586900794020e+01
1.678315639930095315e+01
2.455458697091738784e+01
4.573990345388261325e+00
3.748193682445811969e+00
5.719442910567950733e+00
2.344860557374520127e+01
6.066759540391035266e+00
4.495483636802111604e+00
1.683431574093736316e+01
2.872101869709923605e+01
7.299755849266662544e+00
7.816562825148529292e+00
5.242344313339363460e+00
6.193104012698149141e+00
6.685979896839565839e+00
8.592745720060159798e+00
2.322587275453016886e+01
4.632848836692942562e+00
1.853698415190378768e+01
8.707209173120252999e+00
1.256479041889268977e+01
5.931037220524905962e+01
4.181159244154188492e+00
4.911914630774690593e+00
7.131422584891594418e+00
3.524144846536942932e+00
3.295463882934283717e+00
4.006208374447715492e+00
8.202320905258110528e+00
8.157014311014188834e+00
1.533291712316103528e+01
4.568509569365996725e+00
1.012697391898508137e+01
7.794018223656453692e+00
4.703201775495731596e+00
2.016238092780460534e+01
1.003802761433508550e+01
8.789719561016799076e+00
7.241675944825509248e+00
4.785803223099086345e+00
3.603147749362881402e+00
7.704749045834786614e+01
1.499048178132885312e+01
9.367290659631768435e+00
4.080663738348800962e+01
6.967334502141667052e+00
8.744552983725659701e+00
4.137959090508780413e+00
7.427342256937910392e+00
6.644518865068970115e+01
3.000281264718932750e+00
8.372637862723392388e+00
5.416624540889383610e+00
7.964374846209726577e+00
3.880432315096572271e+00
3.134543597185145458e+01
5.759760704231730699e+00
1.638385272664121928e+01
7.829597920523715615e+00
1.470084593935394324e+01
1.064854162338187038e+01
2.956058243140053499e+00
4.071688699544830925e+00
2.165588151607589040e+01
3.559623090955506441e+00
1.705022956169461068e+01
3.985484523747389929e+00
3.332730784377665234e+00
4.339317110646833342e+00
2.302584935727298188e+01
2.878449253072778546e+01
8.167451121416561932e+00
1.251062356452853486e+01
1.396839129567566218e+01
5.293034581366589997e+00
2.542019811128826579e+00
8.092526197462200699e+00
1.158354371136415040e+01
2.918644197498735338e+01
9.119651835306786580e+00
6.177301903653824589e+00
4.084310789123360763e+00
4.008051301846496273e+01
3.474122372206804421e+00
2.217086258880229011e+01
1.618702132577366370e+01
3.503490439069437912e+01
4.732186752554863318e+00
2.847455499732362227e+00
4.011490808952905951e+01
3.387404506016953576e+01
4.310635795304430751e+00
8.722901241950069107e+00
4.067025013216682972e+00
9.900964116895508482e+00
5.461027777393764993e+00
1.006441290852828274e+01
6.200293896244818193e+00
2.896147430163404479e+00
1.176883832474929470e+01
5.796404748350751035e+00
6.563307338976517080e+00
3.324318113402206620e+00
5.139980795916227585e+00
1.404733561953663212e+01
1.860857139530775939e+01
5.438756593432800379e+00
4.633623796821499496e+00
8.307352698176947214e+00
2.222213361014740229e+01
1.833417218093926593e+01
3.148945209470983642e+01
3.482249058418987175e+01
1.194673274481503888e+01
7.632232595994498325e+00
5.716137200806192453e+01
3.158287619735544727e+00
9.989173937388979851e+00
1.839992375757040222e+01
6.969625984371524474e+00
6.423836907427827647e+00
2.290145181324554358e+01
5.085044360927895468e+00
1.086278047778760225e+01
3.197400465751154108e+00
1.066968817698587380e+01
7.200683465021911367e+00
6.791974725115877298e+00
9.090054679770650736e+00
2.907710503484861775e+01
6.540963116331853122e+00
3.041803473592389118e+00
6.131126792832067629e+00
2.486046261855108952e+01
1.923900080291836545e+01
1.402599034100590281e+01
3.029610596347739548e+00
2.128217347426898698e+01
4.902708729315876646e+00
6.858807547206313693e+00
4.197826971699759824e+00
1.438203928262802478e+01
5.781292735004475603e+00
7.695704592430479885e+00
4.487329014154798124e+00
3.884208014359107608e+01
3.435421026287670987e+00
1.727356438173100983e+01
4.693466952876272025e+00
5.975846542983182630e+00
2.928053690140336229e+00
9.649882538723610992e+01
2.334634430590920573e+01
4.403151688164408384e+00
3.410976485200177155e+00
5.880362307207357198e+00
1.784652553678501619e+01
4.059194468550695767e+00
3.111565110539937784e+00
4.792701580662723337e+00
1.043930456912607774e+01
2.645585137373455709e+01
4.706037678926245249e+00
6.912435847733444660e+00
1.220876387060071799e+01
