6.068794131391548774e+00
1.542374060026857485e+01
3.278209725671304753e+00
5.633427646566375735e+00
6.519494002340702643e+00
5.577013465741324616e+00
8.564478544961007245e+00
3.351688863919728867e+00
5.603679596633796933e+01
4.166913156487892422e+01
3.640405188429358230e+00
1.821140370623281157e+01
7.767303020518342649e+00
1.620583714300015643e+01
3.195543903039505196e+01
2.081469383453582367e+01
3.879328106822626854e+00
1.904896854508080395e+01
5.485288917595914526e+00
3.584945835385922042e+00
1.543886430148862310e+01
1.238455409788771000e+01
6.349424618161698675e+00
8.264077744359425992e+00
7.778142644993605970e+00
9.587904527229818896e+00
2.602880788345004248e+00
2.814254145863602474e+01
1.177329552582294703e+01
1.419397555060660032e+01
3.662407028475263449e+00
7.659199020287150717e+00
3.751804533464929481e+00
1.276658709208491871e+01
3.819584958269953745e+01
2.705041640065999076e+01
1.384673409054604853e+01
5.460020328842567494e+00
4.958904434200733569e+00
1.031975663641520846e+01
9.658756402079450964e+00
1.212948592407235893e+01
7.366164564545994331e+00
1.297850552796461088e+01
3.067462690559140004e+00
7.754130188327777340e+00
3.222024019055253596e+00
2.171613847737118164e+01
5.611276660955910600e+00
1.693313408436213763e+01
2.478610698053753225e+01
4.595862429841178987e+00
7.667755851490678509e+00
5.753333742917543958e+00
2.366852098969197726e+01
6.104294618815115925e+00
4.516531983662241068e+00
1.698483021926994141e+01
2.899625530753543856e+01
2.533949163761671031e+01
7.350228234956349027e+00
5.271229152480456648e+00
6.231964770078266547e+00
8.656784900013024142e+00
2.344345112948211352e+01
4.655338498328952745e+00
1.870536400764710905e+01
8.772449369533799057e+00
1.267050657903731370e+01
5.990656992687632254e+01
4.198909518490102855e+00
4.937332411415898292e+00
7.180128721040576423e+00
3.303920931532747574e+00
4.022122963517190009e+00
8.262263523236821783e+00
8.216481546117320178e+00
1.546767806264965195e+01
7.849676694787986797e+00
4.726429620676801946e+00
2.034781538246844335e+01
1.011723152415539140e+01
8.855825503931885834e+00
7.291538922713807658e+00
4.809897770232574032e+00
3.614833194260671068e+00
7.782979623820280324e+01
1.512164969202736309e+01
9.439456811094707689e+00
4.120868326441047458e+01
7.014318931640046273e+00
8.810185012903664514e+00
7.479153352684615896e+00
5.975300524174764760e+00
6.711624897488432850e+01
3.005641087312882487e+00
8.434367544292975083e+00
5.447338028533237342e+00
8.021820797121074875e+00
3.895027189326050632e+00
3.164820947954536123e+01
5.794074574088528884e+00
4.715781720989245862e+00
1.652964068763892058e+01
7.885629714322537787e+00
1.073415139773570637e+01
2.960954052326776775e+00
7.680919677123740463e+00
4.088290345890579935e+00
2.185698663891022164e+01
3.570851850074601153e+00
1.720300953216363737e+01
4.001181666241957480e+00
3.341578858765370530e+00
4.358726868389599218e+00
1.325211237255282271e+01
2.324132897156197686e+01
2.906039514517637912e+01
8.227027865544235041e+00
9.637534501335812465e+00
3.460424013695591583e+01
1.261577137484641931e+01
1.408883484445113687e+01
5.322451291988663513e+00
2.542571290672273499e+00
8.151316786143931736e+00
1.167896406602478443e+01
9.189219617627722769e+00
6.215996856206562171e+00
4.101044873701111371e+00
4.047493998442740804e+01
3.484454008551142845e+00
2.237737118959180549e+01
1.633074401837257383e+01
3.537638992553527117e+01
4.755718724805576336e+00
2.851211786398831993e+00
1.199012139731545368e+01
4.050969594838272059e+01
3.420335019046011382e+01
4.329744612171141149e+00
8.788306088585699172e+00
4.083577725479999643e+00
9.978729877575782226e+00
5.492207169363617858e+00
1.014389366804863712e+01
6.239230094023238138e+00
2.900414620602097759e+00
1.186620289719125410e+01
1.174069722234739466e+01
5.909141782069660565e+00
5.831103108619085873e+00
6.606052482829113615e+00
3.333077917201792140e+00
5.167791578088813509e+00
1.416860749761634963e+01
1.877770238563076077e+01
5.469702303316180014e+00
8.368397370207132369e+00
1.850042401669856673e+01
3.179373670249317740e+01
3.516174735105925464e+01
1.204596388794878337e+01
7.686193519160026355e+00
2.827633570037098032e+00
5.773502118216741508e+01
3.165305335990695301e+00
1.006786524629949042e+01
1.856686549673326425e+01
7.016634457420956927e+00
4.384259563302139284e+00
6.465118647201739677e+00
2.311562617687111043e+01
5.112278718390688148e+00
1.095063816956643343e+01
1.077290844343393950e+01
7.250116326207522555e+00
9.159311911692851638e+00
2.935607790818470519e+01
6.583473811734049441e+00
3.047598971111459498e+00
6.169337249533177747e+00
2.509519205159774202e+01
2.639794542052935711e+01
1.941474662160445064e+01
1.414703825213208255e+01
3.035278159177768220e+00
2.147935743713740209e+01
4.928029916337969496e+00
6.904653249400732662e+00
4.215752133430814119e+00
1.450682306427238899e+01
7.750331500331521184e+00
4.508291798018458252e+00
3.922351275870693144e+01
3.445346585825336039e+00
4.716592654692842501e+00
6.012427709888276794e+00
9.748522577377381992e+01
2.356518673774902339e+01
3.420645558536919761e+00
5.915941598528266177e+00
1.800766070315362199e+01
4.075665018230336223e+00
3.118092587324512888e+00
4.816868509336031501e+00
1.052271890782226293e+01
2.670732054426892788e+01
4.729295280039098159e+00
6.958844248937629651e+00
1.231074439519087171e+01
