6.371170627895144989e+00
1.333540342158452141e+01
3.678751651637900633e+00
6.725640237864067394e+00
5.975936776772811321e+00
8.284175359053529419e+00
3.789303222367328861e+00
4.279062400395032739e+01
1.111081827461255855e+01
3.238465398099842218e+01
4.169339220380008371e+00
1.536709494454855829e+01
1.390597144446917355e+01
2.534540646527557328e+01
1.726061098122479365e+01
4.440933387002222510e+00
1.597661663255315467e+01
4.101636094430356927e+00
1.081172152130605291e+01
1.334644175564167234e+01
1.111165405794362115e+01
8.058514684503178316e+00
7.691621699060013917e+00
9.047980832057344713e+00
1.813268124480096111e+00
2.258048594510848872e+01
1.243705858890774785e+01
4.195642726097267960e+00
7.601408865067795340e+00
4.299607345732060715e+00
1.139194263673812202e+01
8.931237817344332086e+00
2.986821240585166493e+01
2.178823246908943290e+01
1.344288746909730214e+01
5.880198296517323620e+00
5.459738063677360032e+00
9.590635184037621386e+00
9.100626519485103927e+00
1.092435522035398243e+01
7.378355643149751231e+00
9.700960879612871679e+00
1.154730699968453678e+01
3.311355539444772234e+00
7.673423525057312844e+00
1.791570047852492920e+01
6.003834115899902457e+00
2.014508897706087609e+01
7.607904723042567596e+00
4.310510552385084182e+00
6.118871341631868077e+00
6.399324429500637734e+00
5.068335019040633327e+00
1.447380190605101369e+01
2.319968711761528368e+01
2.054674226752348432e+01
7.366189801670285142e+00
7.763033406339435061e+00
5.723963174893349048e+00
6.500221121219087017e+00
6.889308467450160123e+00
8.353363165245250244e+00
1.917032742098112053e+01
5.193843904838332470e+00
8.439965432859853678e+00
1.132147651264616428e+01
4.559273926284468104e+01
4.768447202626137305e+00
5.441173709193078523e+00
4.038792362077656684e+00
3.718257437912999119e+00
4.591306509116966694e+00
8.057149387188989209e+00
8.022685705542576429e+00
1.336747147149499071e+01
5.135410928173272715e+00
9.507263892494430380e+00
7.745793957616289305e+00
5.257084260604877102e+00
1.692122174382802058e+01
9.440704820517519025e+00
8.502330517800466225e+00
7.321352511635870641e+00
5.330534208773790361e+00
5.856921215947519954e+01
1.311487124157530282e+01
8.937592453997385888e+00
3.205107963232115509e+01
7.108794698193110939e+00
8.468197832055443186e+00
4.725507976776369468e+00
7.464503489174211026e+00
6.296807356440822900e+00
5.081286354732768729e+01
3.183779435192542806e+00
5.869773047953018796e+00
7.875918436802174405e+00
4.457839620078947185e+00
2.512266998297207365e+01
6.151687831039078347e+00
5.247653633591524702e+00
1.414205413861551541e+01
7.772998390012092251e+00
1.290112704469774663e+01
9.896921551946297413e+00
3.083812840595895555e+00
7.617896122880118526e+00
4.658650724358824213e+00
4.084090530652765949e+00
1.463276438166955451e+01
4.569704873711128101e+00
3.774508041693237725e+00
4.921844218812625904e+00
1.174778508307987224e+01
1.902355459970997487e+01
8.030626517796745745e+00
9.084860533306962083e+00
2.726544854616158275e+01
1.128132572534508427e+01
1.236017396190562856e+01
5.766582015352780921e+00
1.423084752547086440e+00
7.973596190559297803e+00
1.059318139825813532e+01
2.354076675703870691e+01
8.751230577620315643e+00
6.487630909737714724e+00
4.671481322778975986e+00
3.151949921832309087e+01
3.973173487466286069e+00
1.839607454271700249e+01
1.399704943526511691e+01
2.782506971143882168e+01
5.282952664504413143e+00
2.802353289090632416e+00
1.082195972407556361e+01
3.154467958492152135e+01
2.697488596425322882e+01
4.894434698771735981e+00
8.451830111145918423e+00
4.653898056505206604e+00
9.338071659928038670e+00
9.460452632751845670e+00
6.505946943348257960e+00
1.063858911103831240e+01
6.243985164546707267e+00
6.181450352452198871e+00
6.793064437799984923e+00
3.761969670768526175e+00
5.637327273560277519e+00
1.241850934432476627e+01
1.577924460102793702e+01
5.888150796038812196e+00
5.194544143073507314e+00
8.136969544083504147e+00
1.843370790634743983e+01
1.557746242340726006e+01
2.522817585295198484e+01
2.766950957501389752e+01
1.086299412292391509e+01
7.621898373729569798e+00
2.733489248819317208e+00
4.402033713515137237e+01
3.492889109654640833e+00
9.404132764829245872e+00
1.562581687939360719e+01
7.110575731937336386e+00
4.945853815045775370e+00
1.893226966552404988e+01
5.590493882910814172e+00
1.005669261701405048e+01
9.925536313781787356e+00
3.560459905944465042e+00
9.912698735237464476e+00
7.289673969618577054e+00
6.972190475014467204e+00
8.728932044068242746e+00
2.346064269514945977e+01
6.775494853595410483e+00
3.271592193327868436e+00
6.450794328492185592e+00
2.131483626293959333e+01
1.624270332475073886e+01
1.774365319691905896e+01
7.024326104669208704e+00
4.784886809316704515e+00
1.266575050153863913e+01
6.169183509702024004e+00
7.670543994518063791e+00
5.060791995687439204e+00
3.061282017472516870e+01
3.920864948758540525e+00
1.479715878481296443e+01
5.248372361928023366e+00
6.326376396242841871e+00
3.016574816838131223e+00
7.279789167883866696e+01
1.925872240565746552e+01
4.982262449455784115e+00
3.887071544873934581e+00
6.249422222829016604e+00
1.521877175955603256e+01
4.645903426794377289e+00
3.408052432795257491e+00
5.336631525717361768e+00
9.740726744400307169e+00
2.153930915635401533e+01
5.259619896600784550e+00
7.066095016671097184e+00
1.105746881276867377e+01
