6.391897154109020818e+00
1.350722179556314551e+01
3.652313248376253263e+00
6.035446281774292210e+00
5.988621350868796434e+00
8.345397367437117353e+00
3.764241765387710714e+00
4.361573189517497440e+01
1.123366433136993869e+01
3.297869690702801648e+01
4.149503037880547751e+00
1.558378854067138164e+01
7.731729511200731153e+00
1.409038176716064150e+01
2.578321741214311302e+01
4.425275221939651615e+00
1.620679008037835445e+01
5.912121989843610592e+00
4.080814232099004180e+00
1.092800429910247750e+01
1.123451846386712383e+01
6.617895379693963243e+00
8.114878006441159641e+00
9.125738750925570741e+00
1.771282031982646110e+00
2.295696525504645180e+01
1.077557521689674935e+01
1.258907340043936607e+01
4.176195690361264923e+00
4.281731570761664329e+00
1.152096325433284107e+01
9.006460644334062238e+00
3.040639403174897737e+01
2.214714358939785299e+01
1.361707717326618372e+01
1.232950475150734526e+01
5.890963879462578490e+00
5.462248684259013665e+00
9.680205870528409307e+00
9.179528428777814497e+00
7.420176873333864442e+00
9.792938324820788409e+00
1.167974215194703724e+01
3.280796533817043947e+00
7.721532072606104968e+00
3.561461830074380774e+00
6.017080214826188822e+00
1.463225077511189909e+01
2.046757395901885346e+01
5.136892087775056126e+00
7.654614090268175630e+00
4.292802571371375997e+00
6.134443419274060005e+00
1.963825832838977803e+01
5.063489474875520813e+00
2.087812986163910267e+01
7.813058246592066602e+00
5.731626158952730421e+00
6.523608826916952985e+00
6.920802523177020937e+00
8.416077618165051177e+00
1.947121150185172667e+01
5.191315738085301668e+00
1.595124934491590984e+01
8.504549674854288810e+00
4.648007987703329036e+01
4.758255721007876637e+00
5.443327389018716822e+00
7.274890202904894743e+00
4.017076457721753258e+00
3.692303645004969326e+00
8.113483357524804873e+00
8.078278951311835598e+00
1.353999729743121172e+01
5.131798547677795419e+00
9.595016898013163598e+00
7.795449905208400310e+00
5.255739419185561090e+00
1.717229689920221958e+01
9.527007375930752531e+00
8.568262377432617427e+00
7.361963529647210791e+00
5.330575984412686985e+00
4.118089115557435065e+00
5.974478345434398108e+01
1.328182538031015092e+01
9.012953209641942465e+00
3.263771719289309203e+01
7.144907278108556525e+00
8.533392020714739346e+00
4.714575891639052330e+00
7.508156528926248185e+00
6.316007648820341380e+00
5.181614693817392236e+01
3.151944239853718521e+00
8.245650641555727134e+00
2.555553922064140338e+01
6.167926383898073794e+00
5.246131696818030932e+00
1.433167728907419658e+01
7.823236511584754638e+00
1.306336827171850601e+01
9.993177616670886110e+00
3.051028776752354954e+00
7.664818751886258497e+00
4.646579168771717505e+00
1.829339329600315978e+01
4.556144364426361726e+00
3.749258545780067120e+00
4.914351163857980431e+00
1.188462834251711975e+01
1.932118678829887060e+01
2.363744828725766212e+01
8.086390402636379093e+00
9.163419798203635835e+00
2.774586377691511885e+01
1.140791615878826626e+01
1.251049536682397090e+01
5.775087567481162587e+00
1.378948820257314134e+00
8.028134991293297773e+00
1.070467296547239400e+01
2.393854392027116518e+01
8.822549496387100731e+00
6.510758323612066079e+00
4.659627124103116635e+00
3.209433597041691399e+01
3.950545882656300467e+00
1.867980636068618594e+01
1.418347063257026797e+01
2.831790417923487269e+01
5.282094711661296849e+00
2.767116538492063960e+00
1.093846705505701777e+01
3.212007531946369454e+01
2.744885324157481321e+01
8.516670660324926700e+00
4.641746149906350816e+00
9.422138886188294649e+00
5.917908367115555457e+00
9.547185465992985343e+00
6.529453071503027672e+00
2.901625981219030148e+00
1.084538599542654680e+01
1.075107586115572111e+01
6.262104767189303978e+00
6.198294434400029473e+00
6.822542923971300688e+00
3.736561729905183427e+00
5.643286835499056409e+00
1.257011557978080063e+01
1.600505238929282825e+01
5.899075288925724969e+00
5.192029023373220475e+00
1.871827330618713958e+01
1.579880767225310834e+01
2.566338586231310259e+01
2.815889174959879071e+01
1.098040153731296442e+01
7.668906440000108127e+00
2.697696958972372716e+00
4.487275553178218246e+01
3.464280494226801732e+00
9.489638612308711529e+00
7.146725904901870763e+00
4.938790171701567644e+00
6.710372520319413780e+00
1.922787943756612350e+01
5.595538102781028478e+00
1.015644042474610664e+01
1.002241753462593365e+01
3.532619533522008304e+00
1.000929947770400119e+01
7.329613104467762597e+00
7.005425132726115223e+00
2.385664266415003354e+01
6.804606079905215488e+00
3.240627319708819787e+00
6.473160987714288161e+00
2.069689086134620482e+01
2.166325130972214552e+01
1.647876329644877558e+01
1.255399601900135842e+01
3.215144897301497995e+00
1.801293600705148279e+01
5.435153833477796681e+00
7.058657840694507080e+00
6.185777895911662050e+00
7.718591013633784748e+00
5.055808567348621274e+00
3.116753003211033501e+01
3.897526734263377701e+00
1.500125414937758705e+01
5.246863914270595508e+00
6.346182902096394685e+00
2.983176480756424276e+00
7.428954340015886260e+01
1.956156504488709658e+01
4.975853424532563629e+00
3.863281926616001449e+00
6.267652926267349933e+00
1.543218611460914858e+01
4.633616557144939030e+00
3.378512079622987940e+00
5.336788977770403619e+00
9.833572063243282813e+00
2.189270103935372092e+01
5.258322708449475691e+00
7.101306850578729346e+00
1.117914371191145939e+01
