6.491725909512278569e+00
1.331251505484063102e+01
3.772226407440443019e+00
6.146202080367040743e+00
6.841437552306000036e+00
6.100723149063528972e+00
8.372724081925104755e+00
3.887996582224757525e+00
4.205650234161969081e+01
3.190378010067014358e+01
4.282363257846370175e+00
1.529651230122703431e+01
7.783348674619011476e+00
1.386976623452878599e+01
2.503529644665636056e+01
1.714505659597334386e+01
4.560942716973105604e+00
1.589160084462317535e+01
6.026372056558948032e+00
4.212509251441582059e+00
1.332329644871273189e+01
1.113976989965503783e+01
6.710267268537097429e+00
8.151439055356805241e+00
7.791412989236894404e+00
9.121055289662137966e+00
1.762274281732279624e+00
2.233719901580578338e+01
1.070072826402527610e+01
1.243497479160560637e+01
4.309456928483087701e+00
7.702834696499159861e+00
4.416301369173171842e+00
1.141373324332454686e+01
2.944846039798217063e+01
2.156405158227118690e+01
1.218683765400204777e+01
6.005796553614649369e+00
5.587634082905936772e+00
9.652241454372660456e+00
9.172603262038837357e+00
1.095667583800331002e+01
7.483717379548102677e+00
1.156557583355821528e+01
3.384145646659556750e+00
7.773546397949507636e+00
3.677859151293061402e+00
1.778450768948934524e+01
6.128366683615686483e+00
1.438749454846742815e+01
1.996045718310676875e+01
5.268300738587957888e+00
7.709213638511386080e+00
6.242280424520036952e+00
1.916860329394209117e+01
6.519531424283930399e+00
5.195960914462150804e+00
1.442427890413466862e+01
2.294145328171251208e+01
2.035245377230529584e+01
7.471761570484100723e+00
5.850673600579324507e+00
6.619135511995405174e+00
8.440550013177924527e+00
1.900909739799970311e+01
5.321860791869002405e+00
1.564751568887009725e+01
8.525435160060842676e+00
1.134486084287325269e+01
4.479033768994194276e+01
4.893736279569084857e+00
5.569115881576858662e+00
7.343871818290039322e+00
3.813651690563417240e+00
4.714133229727195840e+00
8.150099904917766480e+00
8.116294868353207903e+00
1.334383657470046280e+01
7.844592812777158031e+00
5.385183212205574499e+00
1.681375506307940881e+01
9.505511732485938836e+00
8.586555456220230198e+00
7.427693946542551551e+00
5.458638553494272294e+00
4.250440415728798271e+00
5.745036225569211297e+01
1.309711004306628013e+01
9.012957058842012259e+00
3.157831165354121339e+01
7.218684399835991528e+00
8.553104884652354301e+00
7.568363807918512265e+00
6.418255137155292722e+00
4.988320292026563862e+01
3.248252024447622066e+00
8.276987616846286144e+00
5.995453975580936401e+00
7.972301868252849033e+00
4.578201187437331399e+00
2.481795010567993742e+01
6.274754795393130635e+00
5.375744997145947224e+00
1.410031914947874476e+01
7.871295885365394263e+00
9.951922944817878758e+00
3.141392750356479358e+00
7.719024967489811928e+00
4.782517695308701633e+00
1.788439560816196661e+01
4.194378447132783627e+00
1.457950286381986693e+01
4.692169658802541221e+00
3.872530593213520334e+00
5.048593497529257235e+00
1.176149424027586754e+01
1.886584369385251136e+01
2.298684736172799603e+01
8.124084156599742812e+00
9.157166376524322970e+00
2.690883340425139636e+01
1.130561710515476470e+01
1.235985988424203619e+01
5.893016787286050828e+00
1.333786936359076858e+00
8.068138885621095824e+00
1.063288888236269436e+01
8.830423738899323638e+00
6.606710274964562757e+00
4.795531683845703164e+00
3.105964651022742373e+01
4.079492002653494431e+00
1.825339344652640960e+01
1.395871218007485304e+01
2.745488782366678748e+01
5.411064267891541490e+00
2.838920467346012888e+00
1.085657106396352667e+01
3.108421515795020085e+01
2.662531282903807650e+01
5.020965578583775901e+00
8.537063544125455650e+00
4.777695910784724553e+00
9.405056081069707474e+00
6.031998211675195343e+00
9.524839285966642421e+00
6.624785968939132630e+00
2.982544025973312696e+00
1.076752009581360170e+01
1.067728762148798971e+01
6.366041710105473150e+00
6.304199130880256519e+00
6.907873788001531068e+00
3.859417051292902912e+00
5.764529393375780408e+00
1.241685268328799552e+01
1.569890751406407858e+01
6.013685214801488321e+00
8.228384628042835658e+00
1.550190367905382338e+01
2.492090290649949935e+01
2.730309939002788155e+01
1.089668817178049309e+01
7.722955006111363652e+00
2.764588365740973330e+00
4.325625389151736755e+01
3.576528048725715614e+00
9.469716897217821838e+00
1.554911353234396820e+01
7.220436433401864029e+00
5.072779870250005096e+00
6.799593989403078353e+00
1.877674681499171072e+01
5.717921523905074466e+00
1.010821646358183301e+01
9.979916423425679639e+00
7.396554923804775861e+00
8.808579939574689988e+00
2.319610623013066686e+01
6.890563950528173720e+00
3.341849311596730043e+00
6.570350433690689052e+00
2.017940879212602567e+01
2.110206105646184938e+01
1.615137284518739591e+01
1.240144361964562769e+01
3.314985254921718916e+00
1.761657085413411750e+01
5.561114599834386496e+00
7.135575991527094430e+00
4.910360857364108433e+00
1.265839187405533828e+01
7.770719249710068333e+00
5.188384199870383462e+00
3.017498946527083348e+01
4.025147852633186751e+00
5.376464360293340405e+00
6.447474152796210056e+00
7.133179260889120599e+01
1.909537236083169276e+01
3.989983019715845902e+00
6.371417105591818064e+00
1.515169403398881975e+01
4.769583563058210629e+00
3.486769982434370529e+00
5.464732143945296272e+00
9.799107009869924667e+00
2.132112671891713163e+01
5.387720615435139138e+00
7.176676064802249400e+00
1.108680297757545041e+01
