6.551171065585378983e+00
1.366425652149805359e+01
3.774055085566258239e+00
6.193257391389614952e+00
6.914053594329749863e+00
6.146203508888148370e+00
8.507496948961225769e+00
4.371466263438968980e+01
1.139383476718704458e+01
3.309907701046611095e+01
4.284882771890781150e+00
7.893565511035616211e+00
1.424650509064130510e+01
1.766947366702444455e+01
4.566419803987459503e+00
6.069309229327719102e+00
4.214566355681418131e+00
1.108852438177558497e+01
1.367552105705769883e+01
1.139468789186572373e+01
6.777879152156323528e+00
8.276923451216260830e+00
7.901961556717412627e+00
9.287712767841536987e+00
1.808538530586891957e+00
2.309708209885904751e+01
1.093626095260824016e+01
1.274746752612497325e+01
4.312186613576609595e+00
7.809746977181251992e+00
4.420025028748188589e+00
1.168078572488158073e+01
9.168480065585455918e+00
2.228881212437688575e+01
1.377394277180918891e+01
1.248826312790937365e+01
6.048037137378410755e+00
5.616497152010742511e+00
9.841870016398477361e+00
9.341479302601410240e+00
1.120349987569094097e+01
7.581709680896712378e+00
9.954521943847652210e+00
1.183936500614879250e+01
3.389513117675230003e+00
7.883360191017050767e+00
3.680238464394243625e+00
1.833785926206799743e+01
6.174802646716440080e+00
1.478749991442938061e+01
5.288179973318668736e+00
7.816387229479257570e+00
4.431327233279142241e+00
6.292708508580508564e+00
1.978465906326832524e+01
6.580002806183411046e+00
5.213987610736402267e+00
1.482593872651169242e+01
2.372879660552625936e+01
2.102220786649585449e+01
7.569270469805679191e+00
7.974952555592309977e+00
5.887769973689747971e+00
6.683314460879031138e+00
7.081526834975444551e+00
8.578184355717352716e+00
1.961792240394652254e+01
5.343158070747603183e+00
1.610428211987120761e+01
1.160886028080093624e+01
4.657319498566861427e+01
4.904889552354865678e+00
5.597425409276302055e+00
7.436232998600776689e+00
4.149246478718622733e+00
3.815304321359499706e+00
4.721952543295575566e+00
8.275528322741008580e+00
8.240311173593870109e+00
1.369698169524820131e+01
5.283033211686036346e+00
9.756738255899588097e+00
1.732319129005894709e+01
9.688772064213173607e+00
8.730370717343685527e+00
7.523424223694330060e+00
5.483724851592295835e+00
4.252734345018470030e+00
5.981085169603417029e+01
1.343920308507607508e+01
9.174970375234849485e+00
3.275877919180577891e+01
7.306050262843367449e+00
8.695501601233557309e+00
4.860571582597661866e+00
7.669788636261812620e+00
6.475008112890424883e+00
5.189840059579297105e+01
3.255609905546672955e+00
8.407732773580805841e+00
6.037345621036023680e+00
8.090325103762300074e+00
4.583917796864026784e+00
2.569061863261766376e+01
6.326336216427039361e+00
5.398506993022287759e+00
1.448741433970545955e+01
1.322107292864082595e+01
1.015460546756448679e+01
3.150562070729917785e+00
7.826600645882149543e+00
4.791534616270241465e+00
1.844226917217160633e+01
4.196334391710239586e+00
1.498814610878535625e+01
3.874002878754916335e+00
5.063084873330052638e+00
1.204398651132198950e+01
1.946817563497068093e+01
2.377625394626872080e+01
8.248425670395562292e+00
9.325377772173869317e+00
2.787664410376993374e+01
1.156787764902658999e+01
1.266900079601152562e+01
5.931497822778238671e+00
1.394772179781762489e+00
8.190146908203347564e+00
1.086543363761309067e+01
2.407676746996818906e+01
8.984621941632992659e+00
6.670424112833512886e+00
4.804786708608156154e+00
3.221648360470152994e+01
4.080989443150318863e+00
1.433944553191771121e+01
2.844755546842297278e+01
5.434806317461045921e+00
1.109897554641241157e+01
2.758021883782111416e+01
5.034831960133711704e+00
4.786625429941071985e+00
9.583966140399841294e+00
6.075126412787552610e+00
9.708937520058785964e+00
6.689176669186859492e+00
2.994775510863986412e+00
1.100599662062437822e+01
1.091178764577515814e+01
6.420899270450591168e+00
6.356831862204423977e+00
6.983050744702024026e+00
3.860922367857981818e+00
1.615799250188089431e+01
5.343878452896791309e+00
8.357090281013455524e+00
1.886637290518546806e+01
1.595210212115146575e+01
2.828885711456878127e+01
1.114086329378995899e+01
7.830691803065147560e+00
2.781666621635601633e+00
3.579725297480689239e+00
9.651426196246479350e+00
1.600144120700527139e+01
7.307871891791293706e+00
5.087828466697984275e+00
6.870605985437636676e+00
1.937504084893053857e+01
1.031773004342883837e+01
1.018382134485717749e+01
3.650424449755455658e+00
1.017071411292355343e+01
7.491031428225314315e+00
7.166319276111538628e+00
8.961845304293513337e+00
2.399502466674494983e+01
6.965072033381330741e+00
3.347797270510803891e+00
2.084131049397791458e+01
2.180584201497308783e+01
1.663088101519823425e+01
1.271243993916144355e+01
3.321320436237398699e+00
1.816232109070142897e+01
5.589186101443424093e+00
7.219651372569347636e+00
4.921852763336635128e+00
1.298086181250932114e+01
6.344263152412898954e+00
7.880416834871612153e+00
5.206221175723818817e+00
1.515589487336943186e+01
5.399246161726710014e+00
6.505294357888082857e+00
3.079848592841904598e+00
7.432583192051002641e+01
1.970810826986946651e+01
5.125341821857756663e+00
3.991343100290960511e+00
6.426469093719669345e+00
1.558610437639098123e+01
4.778367036578917926e+00
3.490881708029817343e+00
5.489992576715303940e+00
9.995125360016821503e+00
2.203485496878433025e+01
5.410813172849561425e+00
7.262376034625223298e+00
1.133937813488240387e+01
