6.461106735777159216e+00
1.335148465472133950e+01
3.741954705124951985e+00
6.113210126108787001e+00
6.813520696316387237e+00
6.067445504133737622e+00
8.358778337056193664e+00
3.856354724540906442e+00
4.242431281494933870e+01
1.115397597975272248e+01
3.215476276003444411e+01
4.247202873098231635e+00
1.535771372549025315e+01
7.763724024394987211e+00
1.391495375420732827e+01
2.520743065867289090e+01
1.722714992551809488e+01
4.524342888043537236e+00
1.595951308685953052e+01
5.992642425049790944e+00
4.177842923087300875e+00
1.085841607702931455e+01
1.336238611389111597e+01
1.115480183554014992e+01
6.681306308007686212e+00
7.771864009230325721e+00
9.114656548155744886e+00
1.773747163899367818e+00
1.071100879519194926e+01
1.246420807440903111e+01
7.682458103972299668e+00
4.380345063278490159e+00
1.143174818744385846e+01
8.999162908486542989e+00
2.967123065912741353e+01
2.169646105027586813e+01
1.345763509223279009e+01
1.221333257708355724e+01
5.971945273768249685e+00
5.551682136537841927e+00
9.651361172272284961e+00
9.166734984148686038e+00
1.096972167571521339e+01
7.461329340803055210e+00
9.760452006815190984e+00
1.158524944236830478e+01
3.359530689044422314e+00
7.753829855417924577e+00
3.648815229252648340e+00
1.787385521708668890e+01
6.095261879099756364e+00
1.443847903306494906e+01
2.007456426393527238e+01
5.231331984215995767e+00
7.688896381228573773e+00
4.391470582155873714e+00
6.209913732604704251e+00
1.927368847586585687e+01
6.489117104494265043e+00
5.158848878100093849e+00
1.447567591914812901e+01
2.308961098767056441e+01
2.047103117331722544e+01
7.449265355089383256e+00
7.842626220900868361e+00
5.815956449381008753e+00
6.589470008832845060e+00
6.976077965654610580e+00
8.427274747854323067e+00
5.285020260762911093e+00
1.571267347216804744e+01
8.513003248137797740e+00
1.136212467845351348e+01
4.856438605651438145e+00
7.320229497985542011e+00
4.113358606061368050e+00
4.677083149710633769e+00
8.133976212017662633e+00
8.099843711538500912e+00
1.338315500889156517e+01
5.226304974809664827e+00
9.568917802590325650e+00
7.825544408849680167e+00
5.348517435949503351e+00
1.689209483768875231e+01
9.503096156874764944e+00
8.574733589126861233e+00
7.404800501347388320e+00
5.422205433366011462e+00
4.215499009934466912e+00
5.799555936350632379e+01
1.313368292712272023e+01
3.182555330979944941e+01
7.193940993044138033e+00
8.540948861384475066e+00
4.813016059978158623e+00
7.546746454041717733e+00
6.387103937459625236e+00
5.034117927459804775e+01
3.225976043679908312e+00
8.262100861275660790e+00
5.961542125427229166e+00
7.954466288302367794e+00
4.541539022355783217e+00
2.498759374107373077e+01
6.242605803169170464e+00
5.339051625640479415e+00
7.852499844895526770e+00
1.292257726379881788e+01
9.954200979188131626e+00
3.121073435028650866e+00
7.698799054169297662e+00
4.745339107137087176e+00
1.797487733848738145e+01
4.159849344352940292e+00
1.463264158947727189e+01
4.655170130209318025e+00
3.841062991443564556e+00
1.178331318927321192e+01
1.896748267485472894e+01
2.313552443532536174e+01
8.107708373465376539e+00
9.151139118632704239e+00
2.710245045956016696e+01
1.132245330972069475e+01
1.238826346386450972e+01
5.858526678317483416e+00
1.356661156954763303e+00
8.051222823543929152e+00
1.064243878085753536e+01
2.342626107833600457e+01
8.821057636900837551e+00
4.758333498811481377e+00
3.130092727305503786e+01
4.045919442760741447e+00
1.834806729090182031e+01
5.374476880923838351e+00
2.824640510383527925e+00
1.086853375512471942e+01
3.132577826080530770e+01
2.681567742908678298e+01
4.983660027443299612e+00
8.524747518393605006e+00
4.740524973166775347e+00
9.401593979591613248e+00
5.998302107467021749e+00
9.522625496932143108e+00
6.595163624518313839e+00
2.965309464239444637e+00
1.077852095078050354e+01
1.068731558199697318e+01
6.334520918824352975e+00
6.880498329391774526e+00
5.729373377283547342e+00
1.244588573436031709e+01
1.576464503204201861e+01
5.979880394992120429e+00
5.285723615421402677e+00
8.213022654371220810e+00
1.838521745590879775e+01
2.509172623449045503e+01
1.090908469564996075e+01
7.702765709252545889e+00
2.751893984610830124e+00
4.363788168609363538e+01
3.548910577915963760e+00
9.466927978500638829e+00
1.561316159906756873e+01
5.035507964082057697e+00
6.771340386174604653e+00
1.887737200927974968e+01
5.682541565766095815e+00
1.011215262579121621e+01
9.982490917526249063e+00
3.619194211835968122e+00
9.969799123000775865e+00
7.373382235724836420e+00
7.058363915465033500e+00
8.798992526958519633e+00
6.863046653616372339e+00
3.317943748015468763e+00
6.540315297466529287e+00
2.029601247415544663e+01
2.122919376021790683e+01
1.622221928511129718e+01
1.243030644477854629e+01
3.291539090572382253e+00
5.525056522010905802e+00
7.110113890027836447e+00
4.873054583787403971e+00
1.269009666998448971e+01
6.260032638566608298e+00
7.750976221398362398e+00
5.151259211514052083e+00
3.040610535459863684e+01
3.992080427305622070e+00
1.479496804767492968e+01
5.339773073223465616e+00
6.416532897796896506e+00
3.050397749868209551e+00
7.203705500225593994e+01
1.919962380751492148e+01
5.072195410328371956e+00
3.957260534057299495e+00
6.339934027297404739e+00
1.521126483247485339e+01
3.460506612950990046e+00
9.799770909897913995e+00
5.351062348912090094e+00
7.151568109582555621e+00
1.110125971506153597e+01
