6.434105088330356104e+00
1.311825671749422284e+01
3.702973561720581230e+00
6.092791039959155164e+00
6.778848114370817690e+00
8.283346181014113796e+00
3.822428448809301216e+00
1.099240383055403747e+01
3.128452816584950824e+01
4.226643393481264610e+00
1.505782607832796138e+01
7.704991052701221754e+00
1.366309142824451506e+01
2.457428285458948736e+01
1.686455703472243783e+01
4.509718045599251823e+00
1.563948869523254537e+01
5.974220453218429761e+00
4.155348959623728966e+00
1.070630624399933950e+01
1.312879843878976160e+01
1.099320317173073747e+01
6.649613277457930849e+00
8.066275918588582172e+00
7.712909363529115936e+00
9.016893077537986301e+00
1.586792514316744507e+00
2.193814356049063363e+01
1.056359697371073381e+01
1.226013899470891388e+01
4.254261171424562171e+00
7.625926424878689325e+00
4.362987136869928229e+00
1.126123613903783927e+01
8.904875248498850482e+00
2.888583598234911776e+01
2.118271722042053895e+01
1.322090291650359539e+01
1.201745921030990338e+01
5.953849401021158450e+00
5.538967500074493344e+00
9.537205140778775458e+00
1.081405484029836828e+01
7.410671239198912019e+00
9.642921382195199342e+00
1.140977926332921832e+01
3.300037730597511931e+00
7.695366043576494341e+00
3.605341750537470968e+00
1.748947989475890452e+01
6.075150285996996580e+00
1.416923672643843979e+01
1.961581639617173778e+01
5.220757119437580585e+00
7.632191101626919938e+00
4.374350360519655645e+00
6.187780038715144038e+00
1.884204456996284449e+01
6.461539098096646505e+00
5.148466810405941452e+00
1.420519656399757835e+01
2.252853646560111400e+01
1.999885193601781808e+01
7.398922455377705987e+00
7.781735763863790289e+00
5.800147214579330246e+00
6.559777104578355278e+00
6.937595093476407904e+00
1.868617753087265854e+01
5.274228415401539749e+00
1.540091489151068060e+01
8.433102074646152246e+00
1.119385742058264910e+01
4.387330456892988195e+01
4.845477207203032322e+00
5.520550958532263408e+00
7.273221229507223384e+00
4.088898682486179936e+00
3.745758238341310165e+00
4.664577295228404807e+00
8.064962013220885240e+00
8.031793158069762129e+00
1.314888188976072136e+01
5.215747250606989738e+00
9.457303199428171325e+00
7.765122672009863614e+00
5.337391398082356631e+00
1.654077117019544474e+01
8.493029822502194293e+00
7.355614380541716457e+00
5.410591338988077759e+00
4.194078291319338625e+00
1.290763524169474508e+01
8.910973506777867925e+00
3.096656904506089703e+01
8.460232590586160839e+00
4.801769098876595976e+00
6.361594152251954348e+00
8.189443461154363391e+00
5.943608232934721514e+00
7.890485474801651300e+00
4.527191839536969908e+00
2.436193320927412032e+01
6.219871241229272485e+00
5.327980590121945248e+00
1.388849142474438381e+01
7.791338053048779244e+00
1.270347575808403029e+01
9.830645978204868740e+00
3.046210711011460681e+00
7.641826489460889604e+00
4.733536111760858311e+00
1.758709594434494861e+01
4.136823128094248680e+00
1.435693907472482067e+01
4.642407423197614236e+00
5.000932579138671841e+00
1.160142819793963831e+01
1.854619085160030778e+01
2.257288884829074860e+01
8.039436046690616067e+00
9.052273563076630225e+00
2.640471522423928974e+01
1.115546395676648395e+01
1.218667789966425374e+01
1.049720719674507130e+01
2.285373876503660995e+01
8.732088797210295184e+00
6.547525204788266606e+00
4.746647968236812787e+00
3.045986895972386677e+01
1.794769597019656615e+01
1.375005043669491833e+01
2.693819670572670688e+01
2.728323395123835926e+00
1.071610092416436544e+01
3.048387088528347988e+01
2.612772110110166679e+01
4.973230982040408144e+00
8.444503988820878604e+00
4.728677149184029815e+00
5.979790082536982965e+00
6.565348467007509292e+00
2.879471060588917553e+00
1.062895929465813261e+01
1.054065748366289768e+01
6.310042841688441762e+00
6.248961892882106461e+00
6.844274486872480523e+00
3.792972483663878513e+00
5.714693213716572906e+00
1.224241602101654536e+01
1.545114681015839153e+01
5.961660099280969405e+00
5.274928522104125328e+00
8.141765513497979612e+00
1.798359222154949322e+01
1.525858782349950005e+01
2.446251927895873024e+01
2.678990361255318220e+01
1.075535663686881449e+01
7.645685987905711301e+00
2.649964421445469842e+00
4.237470314373268110e+01
9.358446290775493281e+00
1.530473288986976144e+01
7.151850233834692538e+00
5.025172142224922922e+00
6.737630613111204703e+00
1.845912538227842248e+01
5.668426999423173740e+00
9.858053126357878782e+00
3.574222294724733739e+00
9.845757476613329118e+00
7.017895991567550062e+00
8.710678937131929089e+00
2.277734502514814352e+01
6.827229598740385264e+00
3.255903806568840597e+00
6.511667873497788861e+00
1.982976351557766748e+01
2.073130718535959360e+01
1.589338875056436073e+01
1.222734626901213595e+01
3.227851833363910572e+00
1.732536121567329701e+01
5.512592315613155769e+00
7.068379527587333122e+00
4.862188131405717151e+00
1.247862838384583561e+01
6.236973566510098266e+00
2.959561466254704243e+01
3.963479855247921790e+00
1.451385907065684755e+01
5.328697908646542913e+00
6.390435303901322861e+00
2.970640904450701836e+00
6.980028799440144383e+01
5.061884417349327592e+00
3.927363450980907000e+00
6.315350864171511702e+00
1.491626922681608214e+01
4.720501127109152151e+00
3.406949315021344571e+00
5.416660467999868445e+00
9.681020846791385637e+00
2.094535666860588563e+01
5.339921219111625206e+00
7.108809638071870829e+00
1.094137921760275312e+01
