1.321937151104302544e+01
3.746461009391963692e+00
6.090909533369737616e+00
6.781253614108453398e+00
6.045780187280675122e+00
8.303553164926924524e+00
3.859999690266604500e+00
4.183725532392128343e+01
1.105593337505776219e+01
4.247499728547315279e+00
1.519436678408455421e+01
7.717443844026752764e+00
1.377407739409464327e+01
2.489011724119837510e+01
1.703463749373564440e+01
4.521897706966254482e+00
1.578678242904308426e+01
5.972010255102650156e+00
4.178779377933329542e+00
1.076493768517483574e+01
1.323010350916520927e+01
1.105674646970428121e+01
6.650950807241531315e+00
8.083473449301960656e+00
7.725462168863018064e+00
9.047952647482562227e+00
1.786736964740528233e+00
2.220384345790840541e+01
1.061980455154536607e+01
1.234587496446819621e+01
4.274163096852432453e+00
7.637391296460793733e+00
4.379360999191583836e+00
1.132941117159610833e+01
8.934219505739006806e+00
2.928401473819685918e+01
2.143409314417193912e+01
1.332387171808979076e+01
1.209889066412779357e+01
5.951597774391367501e+00
5.536986168950709164e+00
9.099236565367835539e+00
1.087452510433252328e+01
7.419552110601211226e+00
9.683869632669807714e+00
7.707697523402410766e+00
3.653983658347319086e+00
1.767124400094813552e+01
6.073210713845721642e+00
1.428945376013402324e+01
1.983756159311813860e+01
5.220740191525551133e+00
7.643733527195279542e+00
4.390376386041149104e+00
6.186263237180152252e+00
1.904920544548953387e+01
6.461517870338968628e+00
5.149155447948897901e+00
1.432607143237006753e+01
2.280544580497575780e+01
2.022782932758228114e+01
7.407667048236014296e+00
7.795165860331882968e+00
5.797736668158925077e+00
6.941445339155572825e+00
8.371014070552046604e+00
1.889040505674124404e+01
1.554379238469681113e+01
8.455445093607645290e+00
1.126086447150814607e+01
4.455923232019354430e+01
4.850349579771552122e+00
5.518637072892052409e+00
7.280541130433789476e+00
4.114872309235855674e+00
3.787076689919108397e+00
4.673007138365150581e+00
8.082141664097784783e+00
1.325054954640636495e+01
5.215775878792297426e+00
9.495270790607776235e+00
7.778339719787815021e+00
5.336448366450374792e+00
1.670481286263206755e+01
9.430456885526709243e+00
4.216090609309398829e+00
5.716439644587410385e+01
8.940410667410708001e+00
3.140458934815223202e+01
7.156114711716929477e+00
8.482967418143253724e+00
4.807423567186984492e+00
7.503700727122851077e+00
6.360955669134070511e+00
4.963001947510245770e+01
3.233734132372342085e+00
8.208335371086974419e+00
5.941337511595182974e+00
7.905329732549941646e+00
4.538914295632570983e+00
5.327102973541848030e+00
1.400358153773259851e+01
7.804891659066862886e+00
1.279712858635207695e+01
9.874645152006378268e+00
3.129377210307508150e+00
7.653488443424849130e+00
4.740508970764220287e+00
1.777068823070303694e+01
4.160948568786260182e+00
1.448059259082434735e+01
4.651332983905230201e+00
3.844826191359957956e+00
5.003399006800841597e+00
1.167553488051962240e+01
1.874778526474189988e+01
2.285064076368913533e+01
8.056269178793407093e+00
9.083878676000638919e+00
2.675546606871089494e+01
1.227110855257328659e+01
5.839729458937723550e+00
1.370557851205460809e+00
8.000633153904807671e+00
2.313682756668537621e+01
8.758824847227149490e+00
6.548094734028623520e+00
4.753358096792568155e+00
3.088818226187587968e+01
4.048018708320620718e+00
1.813804845873959337e+01
1.386261845040694851e+01
2.729913667622093243e+01
5.362076628423536384e+00
2.834308391744706057e+00
1.077489921540393780e+01
3.091264393393804255e+01
2.647318365077531510e+01
4.976084633896264542e+00
8.467011494834356000e+00
4.735748518399505613e+00
9.330507650511407292e+00
5.977592002267156701e+00
9.449687284070801496e+00
6.566047005602347220e+00
2.974360947313358317e+00
1.068627534445771587e+01
1.059647672336419255e+01
6.309116986944054872e+00
6.247724403729326248e+00
6.847258523423519705e+00
3.831962014230173352e+00
5.712320051757465045e+00
1.232783689602391952e+01
5.959423817602559126e+00
5.274449841537138362e+00
8.159997303655929457e+00
1.817461822462319887e+01
1.539883447166179309e+01
2.477622416317574405e+01
2.714801076885200004e+01
1.081482425620256116e+01
7.657395902940901777e+00
2.761860548559064377e+00
4.303180210766466729e+01
3.554751051261191730e+00
1.544583218888184284e+01
7.157855998657661978e+00
5.027313965349620162e+00
6.739684426623123059e+00
1.865908279047866003e+01
5.666114478923176101e+00
1.003016988697926948e+01
9.902500599273253101e+00
3.624565972342453257e+00
9.890003741681969274e+00
7.332907984228887344e+00
7.022528012045222034e+00
8.737095166754302866e+00
2.305898189308815205e+01
6.830060569447311991e+00
3.325193515100734576e+00
6.511984591885123130e+00
2.005554733849744764e+01
2.097413490573412886e+01
1.604539067457212909e+01
1.231249930944785298e+01
3.298937752800275902e+00
1.750405350743711708e+01
5.510709207131045950e+00
4.866774067797560832e+00
1.256825786784878929e+01
6.235678708798781500e+00
7.704886525105163919e+00
5.141659133343027932e+00
3.000737811003342870e+01
3.994633758887211172e+00
1.464039053993417916e+01
5.327815249918044671e+00
6.389966969576382994e+00
3.059049711441685471e+00
7.098573129775085988e+01
1.897629837702294964e+01
5.063559416464026519e+00
1.505020057557067581e+01
4.727739663841359352e+00
5.415228239033184288e+00
9.722585436379652890e+00
2.119223667021914537e+01
7.114364897799155152e+00
1.100403159631787808e+01
