6.449728200147766266e+00
1.337677374713105216e+01
6.100358601911866074e+00
6.803733356616478822e+00
6.054408983007044220e+00
8.356671874065041195e+00
3.839500869105267000e+00
4.261599744703467962e+01
1.116698944890169898e+01
3.228744851795685378e+01
4.229952687761769248e+00
1.539433253919353106e+01
7.758560655038026610e+00
2.530026526363400308e+01
1.727438430830976301e+01
4.507161744148310945e+00
1.599954436871499475e+01
5.979308491660136227e+00
1.086979581399866213e+01
1.338773652498913336e+01
1.116781987707930135e+01
6.670911958973022138e+00
8.132063218780313463e+00
7.766741788584708317e+00
1.767086936909887385e+00
2.255565411158484324e+01
1.072157582201332282e+01
1.248451829854172779e+01
4.256863818039472669e+00
7.676885090324711669e+00
4.363093422471573390e+00
1.144630171447231426e+01
9.000433576320459039e+00
2.978966191798051710e+01
2.176919684691739221e+01
1.348352139694697271e+01
1.223223986722260825e+01
5.536741615159010088e+00
9.656136972351326619e+00
9.168900781801616162e+00
1.098171602813260428e+01
9.765819164087835347e+00
1.160065578822962706e+01
3.344027844214493062e+00
3.632413817541041645e+00
1.792477084142867483e+01
6.082337534234675935e+00
1.446989655116255058e+01
2.013803147995743004e+01
5.215422536052842339e+00
7.683355742884644179e+00
4.374221765857391198e+00
1.933258414708553374e+01
6.477861745801838822e+00
1.450730360991761714e+01
2.317031716318565060e+01
2.053676285585231298e+01
7.442529495567060671e+00
7.837862578443582251e+00
5.801946584298115717e+00
6.578660893936734588e+00
6.967051459216623499e+00
8.425525730570294414e+00
1.917034204635848837e+01
5.269259205278841840e+00
1.575130443834972382e+01
8.511702993539726592e+00
1.137629179454695105e+01
4.539721679154065015e+01
4.839680837731743956e+00
5.518087553280889068e+00
7.312859065459910823e+00
4.096177262520794393e+00
3.766159646787796689e+00
4.660053845163004027e+00
8.130704102888747897e+00
8.096395686779619183e+00
5.210381945927201386e+00
9.573247570555432517e+00
7.820694066229398445e+00
5.332939548048727829e+00
1.693742358199863673e+01
9.507070382464320346e+00
8.573757393912734059e+00
7.397845212844828211e+00
5.406850012106104053e+00
4.198258940371476733e+00
5.827678286557393506e+01
1.315774761671018567e+01
9.006754024303310402e+00
3.195634911897672481e+01
7.185956336393982902e+00
8.539795216618934148e+00
4.796183823142283309e+00
7.540494308517963873e+00
6.375403020357213180e+00
5.057838054605081624e+01
3.210985637174737395e+00
8.259491655434205271e+00
5.948086429902544658e+00
7.950272423123835530e+00
4.524371110783520500e+00
2.507916879869942051e+01
6.230289015947044540e+00
5.323445920093577755e+00
1.417786362865495420e+01
7.847786356882292758e+00
1.294545650971012485e+01
3.106525159778053435e+00
7.693308238873080462e+00
4.728401768290383167e+00
1.802636834992607362e+01
4.142636294747644499e+00
1.466515647474146178e+01
4.638114383735654656e+00
3.824236780048857920e+00
4.994853409626122343e+00
1.179982164255681631e+01
2.321649340651316251e+01
8.104300856174281975e+00
9.153221433928839801e+00
2.720614708060068310e+01
1.133640036537005713e+01
5.844676059034085824e+00
1.352960070886381372e+00
8.047524728429577223e+00
1.065262826542755192e+01
2.350889430554078530e+01
8.821381670862697533e+00
6.566084920654210677e+00
4.741415282821196620e+00
4.028799006468674726e+00
1.840168459614671548e+01
1.403386407448721407e+01
2.776163418745927558e+01
5.358976180471384687e+00
2.811510837332876545e+00
1.087996932767984326e+01
3.145370515452749061e+01
4.967150505399628990e+00
8.523508858247407005e+00
9.405020951899162540e+00
5.984990454224980994e+00
9.526705158965878439e+00
2.951477191399657585e+00
1.078946001472333904e+01
1.069775211802523351e+01
6.322593732090379781e+00
6.260058207414474829e+00
3.811297271587937185e+00
5.715047223997147263e+00
1.246609341775000068e+01
1.580357076180382769e+01
5.966496358860787552e+00
5.269964544034006160e+00
8.210159055889018731e+00
1.843904648952574021e+01
1.560321550315237893e+01
2.518389790027183039e+01
2.760722349269160603e+01
7.697294860351465928e+00
2.739146767129013060e+00
4.383654215361452344e+01
3.532785292685145517e+00
9.470707057382311334e+00
1.565122827759508262e+01
7.187732175609764518e+00
5.019111836438286289e+00
6.761358182894929847e+00
1.893400693770241361e+01
5.668048791838281808e+00
1.011943453064846210e+01
9.989065517946924544e+00
3.602870792943104750e+00
9.976304574342625742e+00
7.366272377400849614e+00
7.049728101975544448e+00
8.799199648701870657e+00
2.342935827924214109e+01
6.853489495082597749e+00
3.302594190665400387e+00
6.529286659209269317e+00
2.036074441291676251e+01
2.129925800530131141e+01
1.626374178400629589e+01
1.245042694847692033e+01
3.276289839995742526e+00
1.775396056383481280e+01
5.510028298173195616e+00
7.101725566343334073e+00
4.856326727384160158e+00
1.271167205138735845e+01
6.247789120226990178e+00
7.745748452292238184e+00
5.135140054511148300e+00
3.052875371208126509e+01
3.975021371352907895e+00
1.482840091332667676e+01
6.404959643333173247e+00
3.036165860420251938e+00
7.239905587722532232e+01
1.925809690522428141e+01
5.055883584216737781e+00
3.940247227884309922e+00
6.328030022805853250e+00
4.715470138835662794e+00
3.444656134757077659e+00
5.412983213545453864e+00
2.152209209837689130e+01
5.335491969944122559e+00
7.143378988615447511e+00
