6.487299414044824353e+00
1.328474534398721119e+01
3.786294107070642845e+00
6.143334957826814602e+00
6.835531145699281552e+00
6.098069982151985258e+00
3.900833741013466138e+00
4.194199633455954768e+01
1.111804280906651599e+01
3.181968891742725347e+01
1.526260346997290007e+01
7.773787821192389202e+00
1.384026357781754157e+01
2.497184270618715374e+01
1.710548595928793247e+01
4.567610191954879717e+00
1.585586452145187053e+01
6.024073603889955386e+00
4.222164019910561450e+00
1.082659149014698485e+01
1.329549313270031874e+01
6.704905969485714046e+00
8.140539494601405579e+00
7.781822376624833559e+00
9.106778321859296810e+00
1.803578311600370965e+00
2.228188013667849177e+01
1.068122910966942918e+01
1.240995219929751769e+01
4.318237017869349437e+00
7.693572118495006329e+00
4.424156893780699207e+00
8.992846165925961088e+00
2.937173812330341960e+01
2.151106838226405671e+01
1.338939917827749682e+01
1.216259666410164542e+01
6.003597384876019127e+00
5.587574225086562762e+00
9.636178969086497403e+00
9.158151365641600705e+00
1.093635110427518597e+01
7.475277982436413282e+00
9.743776733580174820e+00
1.154330310074093902e+01
3.402686196206258895e+00
7.764021745249126916e+00
3.692966173641057726e+00
1.774298742113857941e+01
6.125583202343770850e+00
1.435638841108040786e+01
1.991232705336814490e+01
5.270066672155602205e+00
7.699927350505358703e+00
4.435245608647475635e+00
6.238968402742312236e+00
1.912287477684597548e+01
6.514983988839092355e+00
5.198168922143404203e+00
1.439305905562126320e+01
2.288431053684541538e+01
2.030313611402298335e+01
7.463367604040038294e+00
7.851666334378865741e+00
6.614159752651995738e+00
6.996105323771589113e+00
8.428623662542863215e+00
1.896385312921330524e+01
5.323306655555215094e+00
1.561252831673450636e+01
8.513210883703377974e+00
1.132329182703859871e+01
4.466765139604375179e+01
5.569156824091850311e+00
7.335967430418947721e+00
4.157776296922951254e+00
3.827273387762172518e+00
4.719618077412968127e+00
8.105521503660318317e+00
1.331596924483638489e+01
5.265081007649967226e+00
9.554862201597538629e+00
7.834806468283235681e+00
5.386258241005140057e+00
9.489938887634354003e+00
8.574117578732129985e+00
7.419467921066829952e+00
5.459293196057285691e+00
4.259748858124034143e+00
5.728982175752523887e+01
1.307001243016720693e+01
8.999048210654709834e+00
7.211266048073876611e+00
4.854774793337683469e+00
7.559604334221943667e+00
6.414151231264646036e+00
4.974528413635103874e+01
3.268475952612230895e+00
8.265639757271706856e+00
5.993304902388066679e+00
7.962048985179129623e+00
4.584731630418477977e+00
2.475515088954635701e+01
6.271294478615411450e+00
5.376874792696468397e+00
1.407010171547544175e+01
7.861411588809136930e+00
1.286187858952616203e+01
9.934867814656376694e+00
7.709702238253004936e+00
1.784257112784685972e+01
4.204200634133013814e+00
1.454780346722733064e+01
4.697819485457598532e+00
3.885529269358834359e+00
5.051739277523158655e+00
1.173859890991830035e+01
1.882103448100502163e+01
2.292956765257344642e+01
9.142766824820405702e+00
2.683974218843075121e+01
1.128417348467768733e+01
1.233507364646544247e+01
5.891370962767035202e+00
1.381715533180107869e+00
8.057538962848793673e+00
1.061360930706659467e+01
2.321614789665528633e+01
6.601787541126826753e+00
3.097808791270398032e+01
4.090403496555117258e+00
1.821044590178469846e+01
1.392893362363809651e+01
2.738415489508240697e+01
5.411990006846895795e+00
2.864525874513467407e+00
1.083656870444986531e+01
3.100258283756476274e+01
2.655707424404451089e+01
5.024293061550419104e+00
8.524798571302580896e+00
4.782711627505251251e+00
9.389819957766286862e+00
6.029672697140767035e+00
9.509201798913851533e+00
6.619786133185979082e+00
3.006212484631447968e+00
1.074780507133941754e+01
1.065786430131029583e+01
6.362169839413247097e+00
6.300605226753635435e+00
6.901695401545572928e+00
3.872553374501972900e+00
5.763534222709227883e+00
1.239188709428462154e+01
1.566376238149549671e+01
6.011447921670555417e+00
5.324004056814663599e+00
8.217209859075191858e+00
1.824706683114873584e+01
1.546736350912186886e+01
2.485779363971812472e+01
2.723282275753696524e+01
1.087655654207138944e+01
2.791214689483166644e+00
4.313815758707620773e+01
3.592786431124898705e+00
9.454263890687567340e+00
1.551442833774420116e+01
7.213011230234402937e+00
5.075768153275885375e+00
6.793860270988221650e+00
5.717168132387136836e+00
1.009064722286401938e+01
9.962769040115826868e+00
3.663271380552056922e+00
9.950251654019460545e+00
7.388448041905499863e+00
7.077376267994138104e+00
8.795372161156622681e+00
2.313819522914977611e+01
6.565583524445214536e+00
2.013061525853822786e+01
2.105047473416916404e+01
1.237652650960758471e+01
3.334375468797923237e+00
1.757556224167306524e+01
5.561199274525566061e+00
7.128484323175623416e+00
4.914435659696464676e+00
1.263266749225002705e+01
6.288525381163878158e+00
7.761205043679013649e+00
5.190639181473800434e+00
3.009608593922515496e+01
4.036591838834851842e+00
1.470783182895185881e+01
5.377589975468745287e+00
3.091865365960348999e+00
1.904986614627653907e+01
5.112183612496907337e+00
4.001777481487140520e+00
6.367521236686697783e+00
1.511823074813558243e+01
4.774658475136440927e+00
3.504077844886960058e+00
5.465352367802257305e+00
9.782556872862826935e+00
2.126887790939032996e+01
5.388780950282697546e+00
1.106606013734175775e+01
