6.447593578540222303e+00
3.653420140558907292e+00
6.096437331096907997e+00
6.802526136448636684e+00
6.050174578476606335e+00
8.353262543848773092e+00
3.774531141443427273e+00
4.234615317931406508e+01
1.114867681320513704e+01
3.210307041928444960e+01
4.185258609852354539e+00
1.534589139983542516e+01
7.756882135456494964e+00
1.390580313528091239e+01
2.517315732197122813e+01
1.721149310947263089e+01
1.594649466146545258e+01
5.974518013771468183e+00
4.112712674910953048e+00
1.085337051875579739e+01
1.335416599852897157e+01
1.114950190182812229e+01
6.669446260704384066e+00
8.129399718576507894e+00
7.765045541334963275e+00
9.109951292145288093e+00
2.245079241887918187e+01
1.070607314979331015e+01
4.213372937357989123e+00
7.675373172768130026e+00
1.142617392160115841e+01
8.994383579169408449e+00
2.962583254576571790e+01
1.344925895265052773e+01
1.220682288368451296e+01
5.953575767629761373e+00
9.646812441717202091e+00
9.162058061998193281e+00
1.096458563572141998e+01
7.453492273553410818e+00
9.755901790656981376e+00
1.157950924652550029e+01
3.245739258764063440e+00
7.746959275242633503e+00
3.554522493853630838e+00
1.785680127780678461e+01
1.442839540025882883e+01
2.005256233462231208e+01
5.200952231113794788e+00
4.335696615109954521e+00
6.194136931037018456e+00
1.925351729012934143e+01
6.475830169301853623e+00
5.126869340010831166e+00
1.446552428660547918e+01
2.306049136267711219e+01
7.441383161630610310e+00
7.836004511042528264e+00
5.795606096978910493e+00
6.576954526349275909e+00
6.966032746327602609e+00
8.421867588672826699e+00
1.909256049835392943e+01
5.255767530616112460e+00
1.570015059987514938e+01
8.507721046937607667e+00
1.135662249669075585e+01
4.510427343752100882e+01
4.816703711509170205e+00
5.508462981336341713e+00
7.311835927822646575e+00
4.045135527435422595e+00
3.696784230853636277e+00
4.631810663832170327e+00
8.128044790883492965e+00
8.093840735933389041e+00
1.337490103636841532e+01
5.195817214054839539e+00
9.564363276017854076e+00
7.818876311612665830e+00
5.320537047435638378e+00
1.687714924541623418e+01
9.498532547684156668e+00
8.569534094081380005e+00
7.396748096396106753e+00
5.395623299190422273e+00
4.152116422652730954e+00
5.787662350973574377e+01
1.312582939811446359e+01
9.000674961859967738e+00
3.177469859986243250e+01
7.184992871142303450e+00
8.535704839794929555e+00
4.772009510989222214e+00
7.539216419927367241e+00
5.024234697931103000e+01
3.102410990157146387e+00
8.256417788006947589e+00
5.943047918773159743e+00
7.948131500894349166e+00
4.491555047941229617e+00
2.495385992276489517e+01
6.227149136982652600e+00
1.413852556435850083e+01
7.845904631277205610e+00
1.291505145464011051e+01
9.949623921323285103e+00
2.989518219149823963e+00
4.702263923312215432e+00
1.795760247596885151e+01
4.093868830156966787e+00
1.462220067407414170e+01
4.609167843888185345e+00
3.758365674526847222e+00
4.975769584315060001e+00
1.894800300900254797e+01
2.310629421553159446e+01
8.101722092627664296e+00
1.131699128489842110e+01
1.238151633801549600e+01
5.838741190156831351e+00
1.063748698894669165e+00
8.045113832570294221e+00
1.063755023763848406e+01
2.339632926743755448e+01
8.816131815395884530e+00
6.564341623165987905e+00
4.715663865573890057e+00
3.125140545309687212e+01
3.974325394815201307e+00
1.832997051315135550e+01
1.399558676345837149e+01
2.761443332422242136e+01
5.346998450718882800e+00
2.669168762301023179e+00
3.127619335902337028e+01
2.677743032712945137e+01
4.947413197257226614e+00
8.519481512510433063e+00
4.697298518208143037e+00
9.397008290768516403e+00
5.980244030111566467e+00
9.518065003895838316e+00
6.582690143843017871e+00
2.821419628098455590e+00
1.077353640478764518e+01
6.257076876598241633e+00
6.869909507411522398e+00
3.744655647653777564e+00
5.707814067137060299e+00
1.243905840631041038e+01
1.575201837497363577e+01
5.961605325535875188e+00
5.256485333454359754e+00
8.207248145375329429e+00
1.836703837680179774e+01
1.555318903051060886e+01
2.505773697568217173e+01
2.746128625350488761e+01
1.090399872585145324e+01
7.695743105908372073e+00
4.355656396293222343e+01
3.448154303675009746e+00
9.462357643718473099e+00
1.560083660053238575e+01
7.186768315773685245e+00
6.760079273667238375e+00
1.885809488495018726e+01
5.660293112620061962e+00
1.010753234071781925e+01
3.523015733775314295e+00
9.965218622340707100e+00
7.365205800316767082e+00
7.048755276750708454e+00
8.794045675919239358e+00
2.331743701770846400e+01
6.852354136944364349e+00
3.201158593767157612e+00
6.527429413713155881e+00
2.027349914354560667e+01
1.620866641172211686e+01
1.242350089592034301e+01
3.172829576649328853e+00
1.768732801966207546e+01
5.500294093607960733e+00
7.100765734411986330e+00
4.833795107746188258e+00
1.268291904932240044e+01
6.244743334230653531e+00
7.744097320570912046e+00
5.119106782419172497e+00
3.035885105974799103e+01
3.917694365163081116e+00
1.478422412810491693e+01
5.311621256135987679e+00
6.402649493309635176e+00
2.913313001047648676e+00
7.188107227814049338e+01
1.917962033823702939e+01
5.038178812830726550e+00
3.881020908312990070e+00
6.325383775953302035e+00
1.519972712052992847e+01
4.688943775640361800e+00
3.353789976351980062e+00
5.401849964683782979e+00
9.795217693344651977e+00
2.142554920290210418e+01
5.323131628634786061e+00
7.142421090788941385e+00
1.109600886495779903e+01
