6.945400878998315264e+00
1.250870014210825509e+01
3.545715864822874153e+00
6.600793058097488064e+00
6.554115556536471487e+00
8.623670867869769552e+00
3.718935269183628822e+00
3.381474673121765306e+01
1.083935571110126084e+01
2.633306793640304733e+01
4.306308445954178055e+00
1.400913016692088675e+01
8.122819530231820906e+00
1.293179213516961212e+01
2.125928393945038763e+01
4.706303165860184379e+00
1.445648908535397226e+01
6.477073602945421449e+00
4.203515884328422381e+00
1.061154251182202657e+01
1.083999087192868238e+01
7.155369198735576752e+00
8.437489045064118898e+00
9.240234255921693673e+00
1.708150176472509330e+00
1.926060056673459542e+01
1.049752856598661310e+01
1.183896215329397705e+01
4.345946060801270328e+00
4.500816645122718285e+00
1.105258040206332559e+01
9.147162630283553142e+00
2.452100909819020558e+01
1.868695668072655991e+01
1.258852463820987566e+01
1.164866783940699868e+01
6.455588130236812994e+00
6.001586254420065991e+00
9.668409685625825034e+00
9.282085610096144634e+00
7.861222949484054645e+00
9.754667481375655314e+00
1.117007845367834129e+01
2.982390699930368427e+00
8.114344747625860776e+00
3.405554903286105883e+00
6.582527194349759192e+00
1.332361659423365730e+01
1.749545138184284454e+01
5.628995620222549512e+00
8.058590994597453872e+00
4.516883234109033474e+00
6.698338705434775164e+00
1.690606652960186906e+01
5.541017811587080288e+00
1.778695075353402544e+01
8.190213218622094615e+00
6.291169629582608280e+00
7.068488126120362480e+00
7.428297822854136534e+00
8.680340887700221941e+00
1.678724954159852700e+01
5.693250177096708775e+00
1.427311882491015282e+01
8.751019593112925321e+00
3.582742120309924161e+01
5.157928793420185620e+00
5.980641848448867925e+00
7.737163639070042009e+00
4.107202502440642888e+00
3.607586843071717730e+00
8.436355969214236694e+00
8.407726427742689523e+00
1.253252216521788576e+01
5.622939951774238665e+00
9.603060714981346280e+00
8.175651077401456135e+00
5.768271281875739120e+00
1.514791415431484367e+01
9.550783360354467177e+00
8.801748687714283648e+00
7.811684968416466646e+00
5.854050660049833432e+00
4.259434899393448326e+00
4.514225754816414593e+01
1.234472725411101202e+01
9.152238434352558016e+00
2.609295104540201393e+01
7.624916576809306790e+00
8.774001596533729241e+00
5.100723908123894645e+00
7.935679908659091453e+00
6.873505888700055522e+00
3.957550442083603315e+01
2.797218053580018182e+00
8.543371785950739650e+00
2.109843488296640857e+01
6.730994541871746506e+00
5.757153298421263443e+00
1.310641680822480026e+01
8.198623450270719815e+00
1.218554176107452136e+01
9.907298662780556597e+00
2.658087181689245071e+00
8.067109101533834092e+00
5.010448675576173905e+00
1.594841500200744377e+01
4.888064392078564246e+00
3.695749140921742004e+00
5.357410993532392141e+00
1.132136233921508683e+01
1.668050978065955903e+01
1.974226450606399652e+01
8.414327745783660717e+00
9.269559846695438310e+00
2.264490227758272312e+01
1.096877870276839317e+01
1.178140430358979884e+01
6.336489104113474546e+00
1.833274421981281321e+00
8.366853341712547021e+00
1.044439661485617421e+01
1.995529170778181438e+01
9.002895178462829051e+00
7.056569479136472367e+00
5.027887620967988802e+00
2.571025233398315279e+01
4.005846447851978631e+00
1.622383670448127546e+01
1.299918878027537872e+01
2.304847702663148468e+01
5.798645197889853442e+00
2.303170896583629279e+00
1.061935816240079333e+01
2.572838180017867060e+01
2.243531434997924734e+01
8.760681280539227345e+00
5.003975219000891705e+00
9.469980080722768534e+00
6.482935915882031885e+00
9.566303889755475964e+00
7.073902305715970229e+00
2.463846466093461363e+00
1.054978087017802046e+01
1.047917673896813007e+01
6.821981094601326845e+00
6.760470824429558157e+00
7.340730355649433214e+00
3.676096951217144415e+00
6.197900324428734287e+00
1.182507948585883639e+01
1.431174075299406390e+01
6.463834306246130978e+00
5.694086907764626559e+00
1.625124221869828389e+01
1.416364812732391698e+01
2.117462898992112486e+01
2.293630527257401752e+01
1.065067019090196965e+01
8.070519580084333455e+00
2.226225078938615098e+00
3.469808647850766903e+01
3.256841002575347588e+00
9.522017299384584632e+00
7.626495709357567598e+00
5.387956351322487514e+00
7.239653541899166100e+00
1.661410854358679146e+01
6.146817409695652934e+00
1.003122923956353851e+01
9.929527220739100102e+00
3.361252729312050658e+00
9.919556521318050102e+00
7.784058477011771338e+00
7.503028366749861178e+00
1.989735160487491328e+01
7.324649130115588491e+00
2.923866545982379161e+00
7.021588307564634590e+00
1.765829030109581410e+01
1.834394011181046835e+01
1.465147150136676402e+01
1.181327336171106346e+01
2.887097577995978881e+00
1.574836643156672977e+01
5.971568299173086736e+00
7.549730223207222757e+00
6.748337963378226334e+00
8.111899485458067716e+00
5.531722499491976031e+00
2.505735598684610110e+01
3.924574322317376573e+00
1.358981134189139617e+01
5.758001472171613067e+00
6.902181646371830404e+00
2.567990600536214973e+00
5.534977456640295657e+01
1.685152050898575027e+01
5.433933791136318803e+00
3.871889585426005809e+00
6.827302588388854510e+00
1.390010472804564579e+01
4.993069183861620353e+00
3.127280513538289064e+00
5.861107819206021752e+00
9.785699280505822273e+00
1.850661447300586460e+01
5.771256498964913995e+00
7.586981640032854912e+00
1.079879633340826928e+01
