7.084112024503699701e+00
1.261631273660139918e+01
3.642256683467647971e+00
6.738705083130898998e+00
7.417761434345767846e+00
6.691868791946125050e+00
8.759058348686673767e+00
3.371608918155301637e+01
1.096059386269666902e+01
2.630872920388644687e+01
4.419369275103472994e+00
8.260187341976077846e+00
1.303574376372052335e+01
1.547752223696809004e+01
4.826341357116288755e+00
6.614537036020904814e+00
4.314598058586326168e+00
1.073450130699397675e+01
1.262444293568057141e+01
1.096122416790746534e+01
7.294266920014965017e+00
8.573688349658484142e+00
8.267132699896320602e+00
9.372404148402882385e+00
1.715921998864165410e+00
1.930553915079659433e+01
1.062133199310800080e+01
1.195222142004613808e+01
4.459749461197828779e+00
8.190638622932992163e+00
4.617413204299763763e+00
1.117217144995264277e+01
9.279864287460508621e+00
1.873742553576314762e+01
1.269545156271023956e+01
1.176349236220406702e+01
6.592964499513133347e+00
6.136455025628739790e+00
9.797956599340054140e+00
9.414011623897806658e+00
1.081976994249952817e+01
7.999340472618301057e+00
9.883654263906331394e+00
1.128874792080127776e+01
3.063519468184522143e+00
8.251740174440628905e+00
3.498545806405121805e+00
1.595102686420322158e+01
6.720378575014197331e+00
1.342412400771442371e+01
5.760797231058657708e+00
8.196162723500068026e+00
4.633759733355224952e+00
6.836542568481812410e+00
1.697355092369970819e+01
7.111178563026802735e+00
5.671956335051962839e+00
1.345167532996842574e+01
1.974922383817631300e+01
1.784605109082412966e+01
7.988811923378308144e+00
8.327353926616801516e+00
6.427787384018182060e+00
7.207334626609729789e+00
7.567133150501804018e+00
8.815465125040551797e+00
1.685585917178316251e+01
5.825648260897046349e+00
1.436510473739085647e+01
1.111921711065145857e+01
3.570868839530935190e+01
5.284476745387286734e+00
6.115363001734620774e+00
7.875557685040854849e+00
4.216360884603382431e+00
3.705640952658125542e+00
5.041296642050876464e+00
8.572559954915693226e+00
8.544047610461468878e+00
1.263993039301910670e+01
5.754683876637566087e+00
9.733025325842680431e+00
1.523187634590698458e+01
9.681077843194607624e+00
8.936285147772130344e+00
7.949919321845196230e+00
5.987817359644717286e+00
4.371602959392115295e+00
4.493037557575453178e+01
1.245374041898280737e+01
9.284911475875286868e+00
2.607098571646896801e+01
7.763513324821724737e+00
8.908675179189962989e+00
5.226527331567562662e+00
8.073606307851896702e+00
7.012102642426151888e+00
3.941932972316594430e+01
2.872512177619324980e+00
8.679119608481810744e+00
6.582091904533267979e+00
8.421984501150900471e+00
4.850893899389057573e+00
2.112553627679501034e+01
6.869284242806264373e+00
5.890116412555412850e+00
1.320883939175623034e+01
1.229590389000943418e+01
1.003527098902618597e+01
2.728673622849547176e+00
8.204654504057508291e+00
5.135029973503671741e+00
1.602492411398493388e+01
4.287261235946701277e+00
1.356787869585114770e+01
3.795904851876915842e+00
5.486374136005213842e+00
1.143883163090777444e+01
1.675012902012722904e+01
1.978254459227953888e+01
8.550622090759196325e+00
9.401559154695773302e+00
2.265688546349369759e+01
1.108902110221771231e+01
1.189513901749765168e+01
6.473332469188412652e+00
1.823171038513013764e+00
8.503338193438487735e+00
1.056858965982429233e+01
1.999350748058763472e+01
9.136390830947265229e+00
7.195406134405722298e+00
5.152709506910285064e+00
2.569206761894611901e+01
4.112906461809609837e+00
1.310255144757488033e+01
2.305650199921577936e+01
5.931960224856455355e+00
1.074225864146755960e+01
2.244935121027665659e+01
5.450877417906357714e+00
5.128466660002407806e+00
9.600776710569785877e+00
6.620422628253479047e+00
9.696500840764153750e+00
7.212753051415701222e+00
2.527282571876990236e+00
1.067319863169994321e+01
1.060311503319287496e+01
6.960479337805669964e+00
6.898832985546325069e+00
7.479621194921429961e+00
3.775789683485654358e+00
1.440337555208754061e+01
5.826492571106983043e+00
8.638387450039971327e+00
1.632490907166848260e+01
1.425662750421838609e+01
2.294543089162634075e+01
1.077333651307904994e+01
8.208054380005659567e+00
2.279650087782156831e+00
3.345870286096067847e+00
9.652491636955438992e+00
1.429180450873519348e+01
7.765089930509324390e+00
5.517264529868138645e+00
7.378567275145173632e+00
1.668435523345954508e+01
1.015835720308240120e+01
1.005734942409315025e+01
3.453085124495441249e+00
1.004744613573708634e+01
7.922354310125855115e+00
7.641791131773363333e+00
9.118548005647578947e+00
1.993612907035336690e+01
7.463546608801610915e+00
3.003199555602487525e+00
1.771861947428809003e+01
1.839770560866040583e+01
1.474000470123685957e+01
1.192674503691093513e+01
2.965280217063953394e+00
1.582674667166714677e+01
6.106224599424805000e+00
7.688436231560039857e+00
5.306495397837052153e+00
1.212176616672030605e+01
6.886670872381063901e+00
8.249302840462144459e+00
5.662566687597307080e+00
1.368795290210678672e+01
5.890971897704504023e+00
7.040827215749446033e+00
2.635353620403853014e+00
5.503556049020917840e+01
1.691952165148744669e+01
5.563748955753622383e+00
3.976058088026351189e+00
6.965811654116548901e+00
1.399546478995875987e+01
5.117408567797163244e+00
3.212681496435553896e+00
5.994930557974107899e+00
9.914482178456426098e+00
1.855881755924637488e+01
5.904340546487437003e+00
7.725636237005484297e+00
1.092034389654302551e+01
