1.230304264305694417e+01
3.614826977465917413e+00
6.634978254407944753e+00
7.292698428788386700e+00
6.589557700746364155e+00
8.588377758992093547e+00
3.788691840858477988e+00
3.258709247218664018e+01
1.070964313184736483e+01
4.375881778222587393e+00
1.373360470327396676e+01
8.106901963038316339e+00
1.270654906734060674e+01
2.063818597644428010e+01
1.505497658091360158e+01
4.773705189950640637e+00
1.415994531190350969e+01
6.514546493915624126e+00
4.273379880805706854e+00
1.049196858217611528e+01
1.231086458154491403e+01
1.071024993067289799e+01
7.173189905747944017e+00
8.409520358227696946e+00
8.113608166546113054e+00
9.179831394119954524e+00
1.716493578196208958e+00
1.873546465933338467e+01
1.038300196516149043e+01
1.166406632945077604e+01
4.415378196770649133e+00
8.039742906773417630e+00
4.569541496522997015e+00
1.091331894513910505e+01
9.090624560888729278e+00
2.374278643139318490e+01
1.818929871286388078e+01
1.237918014510785980e+01
1.148244876625773792e+01
6.493617483509057209e+00
6.050321889900938999e+00
9.219937175729690182e+00
1.057406575168159790e+01
7.854967176334961110e+00
9.672508272921669814e+00
8.098745537975098330e+00
3.473896713800851188e+00
1.551028994404283345e+01
6.617206624840869189e+00
1.308014783098069422e+01
1.705474785816396732e+01
5.684938771722131357e+00
8.045077548510111143e+00
4.585520493074186632e+00
6.729833780195814796e+00
1.649346430339778991e+01
6.995928185369735708e+00
5.598447490930963610e+00
1.310664938736393736e+01
1.916199962273623214e+01
1.733233007999853115e+01
7.844795359682862568e+00
8.171751917529331166e+00
6.333311542238234892e+00
7.437192158747198079e+00
8.642792338792599338e+00
1.638030572802775353e+01
1.398519881968286072e+01
8.710641928679216051e+00
1.086234436088692945e+01
3.450226113970449404e+01
5.220860915289653015e+00
6.029821273748763311e+00
7.735362900568599542e+00
4.177239920210078061e+00
3.676966509935645000e+00
4.983602459511478955e+00
8.408431439321148559e+00
1.232576477592671260e+01
5.678988082612714372e+00
9.527377566376244999e+00
8.157741213333334684e+00
5.821691941297173045e+00
1.481875906476518523e+01
9.477321473995381496e+00
4.329154289863160088e+00
4.336544102595207306e+01
9.095490214914145000e+00
2.523884958597445660e+01
7.627070470173793915e+00
8.732700251024683169e+00
5.164342301856923001e+00
7.926709933466296931e+00
6.899961982574007280e+00
3.806867203940635136e+01
2.859283459633759961e+00
8.511254114756830802e+00
6.483068590751431159e+00
8.263104445590569114e+00
4.797688138156954274e+00
5.810782904783338587e+00
1.287306075057911947e+01
8.179843225969364084e+00
1.199476776102449094e+01
9.818571018792722427e+00
2.717894414457390884e+00
8.053277970646743000e+00
5.075078857366072782e+00
1.558134628626665119e+01
4.246629602415693761e+00
1.321842353143367710e+01
4.953927591012406317e+00
3.765438372145324397e+00
5.417674998298172895e+00
1.116999011670244357e+01
1.627864718594355153e+01
1.919403213367586147e+01
8.387260632746730948e+00
9.207934338259555318e+00
2.195711944183319630e+01
1.160913617858571634e+01
6.377523490494374059e+00
1.818156449738441038e+00
8.341627281189712306e+00
1.939683787953689276e+01
8.952298864758326147e+00
7.077487907751661922e+00
5.092329132203467168e+00
2.487463126566274596e+01
4.075962748682959713e+00
1.584369034680727673e+01
1.277081640584633071e+01
2.234125247077349385e+01
5.851488343542953885e+00
2.355139908067732879e+00
1.049943756268867467e+01
2.489188536502036087e+01
2.175762498952319390e+01
5.383083186750830862e+00
8.719915520257728758e+00
5.068674611350056480e+00
9.399939019497209003e+00
6.520256223618836167e+00
9.492183189605727378e+00
7.094282676248709230e+00
2.519799490409744269e+00
1.043294340642806795e+01
1.036546080090969468e+01
6.849946489856344023e+00
6.790208648646677503e+00
7.352545409614952732e+00
3.745724539970705536e+00
6.242257997346771781e+00
1.165081770280375828e+01
6.501650601201157009e+00
5.748876896124238911e+00
8.471952552606149212e+00
1.586979375133226355e+01
1.388087093518979209e+01
2.055760148600510462e+01
2.223448523641242858e+01
1.052935986891013442e+01
8.056561154793064006e+00
2.275950631207356079e+00
3.342764306086183979e+01
3.324111887096598661e+00
1.391470257863489124e+01
7.628594488517421723e+00
5.447773996856703604e+00
7.254774042267316148e+00
1.621540590132908832e+01
6.192351897998275234e+00
9.937134806068876003e+00
9.839839119439966808e+00
3.429303615719480725e+00
9.830299354703113224e+00
7.780583857232392653e+00
7.509389828265825351e+00
8.935094480330205258e+00
1.934167823211609871e+01
7.336994868939205716e+00
2.987684501682854599e+00
7.043585542238576913e+00
1.720981374342133208e+01
1.786269615993964521e+01
1.434574579034642738e+01
1.163955065486606166e+01
2.950434228764916345e+00
1.539078646430243147e+01
6.020938573441136477e+00
5.242332641951538363e+00
1.182721202405978644e+01
6.778421569684040193e+00
8.096392068886531845e+00
5.589304385943645315e+00
2.425325259482467288e+01
3.994676720357677624e+00
1.333391830743268791e+01
5.811615184507521903e+00
6.927788190641686938e+00
2.626122591650210225e+00
5.307759863924465549e+01
1.644151621676297381e+01
5.493060622890730826e+00
1.362969057686440877e+01
5.057884167501785377e+00
5.912732700122435681e+00
9.702208461825028607e+00
1.801758788135567002e+01
7.590454948201927898e+00
1.067089380290008549e+01
