7.023178001734281750e+00
1.234120838618974858e+01
3.650013139611790081e+00
6.688096837262784256e+00
7.346227959863371737e+00
6.642606081309207156e+00
3.825592940599922720e+00
3.252452689842900924e+01
1.075446393116702382e+01
2.544109987220472391e+01
1.376530767992959170e+01
8.159632509770242237e+00
1.274292712797619309e+01
2.063627198461841061e+01
1.508047192456544039e+01
4.818863276475305213e+00
1.418966539293477958e+01
6.567466207293010783e+00
4.314659779066252199e+00
1.053763019477006679e+01
1.234899598281847410e+01
7.226723795265808548e+00
8.461670819790453990e+00
8.166327304814993582e+00
9.229999836544562797e+00
1.722476416371095720e+00
1.874302703244095625e+01
1.042907638421185901e+01
1.170498961548249994e+01
4.457826908480045702e+00
8.092583858982937528e+00
4.613198689304476297e+00
9.141053827738783610e+00
2.372525120734366766e+01
1.819956162329905780e+01
1.241701106313146497e+01
1.152413651896220514e+01
6.546498436332070625e+00
6.102078232864774243e+00
9.638824660942955092e+00
9.269986041859937131e+00
1.061941270489418621e+01
7.908074238605275141e+00
9.721117553835634695e+00
1.106909827159102555e+01
3.075966040777641020e+00
8.151489867233630449e+00
3.507636556750719059e+00
1.553360932718071297e+01
6.670298426372804457e+00
1.311484410711990023e+01
1.707058413664577046e+01
5.735316678847604877e+00
8.097909989376772089e+00
4.629299284468345377e+00
6.783080558097712931e+00
1.651203600811582106e+01
7.049406635215559547e+00
5.648438332175334864e+00
1.314122548612155761e+01
1.916744624907888905e+01
1.734680783992628506e+01
7.897915397783600966e+00
8.224369284147648784e+00
7.142553843112193768e+00
7.490674044781864716e+00
8.694412248587838121e+00
1.639942688044448715e+01
5.798700952240777085e+00
1.401573421702313915e+01
8.762095240525805906e+00
1.090656336728017273e+01
3.442989082634115050e+01
6.081511230811980084e+00
7.788610943484004068e+00
4.217698727311181450e+00
3.712774337215547060e+00
5.030181490151248269e+00
8.433126628535188019e+00
1.236383072273848960e+01
5.729340104457227412e+00
9.576465508969301155e+00
8.210383568349366001e+00
5.872634339061273856e+00
9.526570944936212371e+00
8.810660289775356091e+00
7.860384828176064431e+00
5.957075971366879052e+00
4.370899568904959231e+00
4.324757592485320856e+01
1.218548026994863775e+01
9.145905442558925458e+00
7.680423536639722215e+00
5.212042434820129522e+00
7.979720426422356461e+00
6.953378053676344983e+00
3.797801494761136354e+01
2.886081809358968187e+00
8.563181516147766459e+00
6.535929530115118347e+00
8.315551825660827845e+00
4.843014926870270465e+00
2.048392253722390777e+01
6.814854410698991671e+00
5.861682409453179865e+00
1.290869218478559155e+01
8.232446028605474808e+00
1.203427619076902921e+01
9.866683909204706282e+00
8.106097240098444345e+00
1.560432467844473159e+01
4.287683431347063312e+00
1.325249156167712172e+01
5.000313406770827918e+00
3.802114512294233251e+00
5.466781993971491005e+00
1.121296968285790463e+01
1.629826132473193567e+01
1.919931964774090716e+01
9.258019138638665879e+00
2.194858845114274004e+01
1.087761093699977799e+01
1.165029166715652664e+01
6.430166421355520967e+00
1.820962233588834911e+00
8.393919064540162012e+00
1.037848051751287137e+01
1.940111733152521012e+01
7.131001299418782580e+00
2.485136744392261932e+01
4.115530977144991276e+00
1.586540672531723750e+01
1.280690687798836791e+01
2.233078847540041068e+01
5.902546010260647513e+00
2.375245729253358196e+00
1.054507067556850686e+01
2.486853410687209021e+01
2.175009691208362383e+01
5.432009581496452633e+00
8.771345654355291899e+00
5.115793321292275486e+00
9.449434433725182103e+00
6.573186293573194838e+00
9.541384899209182535e+00
7.147801247621766052e+00
2.542223929162334972e+00
1.047882932867737082e+01
1.041160113977730717e+01
6.903320701771828105e+00
6.843524283716083900e+00
7.406060697853693142e+00
3.782208900870379420e+00
6.294573540023761460e+00
1.169179707058161988e+01
1.405236929036540339e+01
6.554546579948037355e+00
5.799525976161024055e+00
8.523967697010522926e+00
1.589138430439357563e+01
1.391189141793698703e+01
2.055609065654740064e+01
2.222455874596872505e+01
1.057487854893814827e+01
2.294879524719132924e+00
3.336077580927715047e+01
3.356258064976540556e+00
9.499112547023617736e+00
1.394556589818063053e+01
7.681946231417668081e+00
5.497035149620401739e+00
7.308308478165651323e+00
6.244532812994265214e+00
9.984834663049371173e+00
9.887878567065243374e+00
3.462575162605698864e+00
9.878371780580918582e+00
7.833781607030819494e+00
7.562831318551999971e+00
8.985960646405965591e+00
1.934623197479550072e+01
7.097086392793113596e+00
1.722489155061801469e+01
1.787456886762991459e+01
1.168057767811083991e+01
2.978333305334069259e+00
1.541467849994930006e+01
6.072599364322562643e+00
7.607901377413681665e+00
5.290486569863561250e+00
1.186744083135964622e+01
6.831724529602686502e+00
8.149140355944343383e+00
5.639252951565625338e+00
2.423313554497630307e+01
4.033511329036925552e+00
1.336745937461234135e+01
5.862517974659164466e+00
2.649968780116665812e+00
1.646034024757992853e+01
5.542548465643215572e+00
3.980295835783559166e+00
6.908491970686732486e+00
1.366187349432415488e+01
5.104935599861854634e+00
3.224096878962170454e+00
5.964018626516707222e+00
9.750717963554917489e+00
1.802869764317647849e+01
5.875574682888222711e+00
1.071586578797726652e+01
