7.021773200875909282e+00
1.233736705686934165e+01
6.684424788154684549e+00
7.346543095303974091e+00
6.638586514433036712e+00
8.643595481403838932e+00
3.785621654465328056e+00
3.242725603636149856e+01
1.075540047815396782e+01
2.537856023145650042e+01
4.386762539086089596e+00
1.375619148157221439e+01
8.162527838898615329e+00
2.059674199373505488e+01
1.506599855519452014e+01
4.793572037550029030e+00
1.417886153907945967e+01
6.562851429109326062e+00
1.053908247626121231e+01
1.234512782959741983e+01
1.075600340960796331e+01
7.226453681873455714e+00
8.464995613466886226e+00
8.169234893954993026e+00
1.700809225089549015e+00
1.871231515528183564e+01
1.043077069669243251e+01
1.170324286061868868e+01
4.427175082862097710e+00
8.095349156788717693e+00
4.584868231736247246e+00
1.095775304200424749e+01
9.144548912791439221e+00
2.367100409520005400e+01
1.817134046986939566e+01
1.241290752752119175e+01
1.152294616184777887e+01
6.093185510132226312e+00
9.641893043186630763e+00
9.273409598185050839e+00
1.062067537671250861e+01
9.724079000362458203e+00
1.106921692987597439e+01
3.026689777396669001e+00
3.463338626168965817e+00
1.551721442511485449e+01
6.666491558669630280e+00
1.310822108860801549e+01
1.704746183082341560e+01
5.722354552826161900e+00
8.100686103240450464e+00
4.601208472683873119e+00
1.649139128693936485e+01
7.048158064646701249e+00
1.313450383305290714e+01
1.913477532736658304e+01
1.732244848948942106e+01
7.900225442302843959e+00
8.227377765392585474e+00
6.379690343276076980e+00
7.141835981926654142e+00
7.491620319612017909e+00
8.697908973323880133e+00
1.637927747869591499e+01
5.786483760382457930e+00
1.400562734617180460e+01
8.765618381051018204e+00
1.090711425661080902e+01
3.432319162158727011e+01
5.249972912258545676e+00
6.072406150739353414e+00
7.790611886453429058e+00
4.183454973483168970e+00
3.671223397559957746e+00
5.007941906946018484e+00
8.463907897720236662e+00
8.436421218884257556e+00
5.716306877818473353e+00
9.579608529154249652e+00
8.213368617275785155e+00
5.861264607957948236e+00
1.483188659569697698e+01
9.529769586513289426e+00
8.814196197878787942e+00
7.862593219468296368e+00
5.946645160740140490e+00
4.338945749857019862e+00
4.309699397195204540e+01
1.218216969502687519e+01
9.149398370467549668e+00
2.515230229951056984e+01
7.682078430521796619e+00
8.787627829958839953e+00
5.192347062851936812e+00
7.982236239357464846e+00
6.951542732654329093e+00
3.785369898085551910e+01
2.835134332638155730e+00
8.566597246118975661e+00
6.531057040514325784e+00
8.318699713567282217e+00
4.818076728132095532e+00
2.044510904005702301e+01
6.812100091935928248e+00
5.850188621905015651e+00
1.290283193726836508e+01
8.235467790488213424e+00
1.203147023772432078e+01
2.691023964761610543e+00
8.108889815112323873e+00
5.101296424081015246e+00
1.558762701229585446e+01
4.254484282433173448e+00
1.324535145810570747e+01
4.977648094728411188e+00
3.761811138083885897e+00
5.450486267282128594e+00
1.121268953176277527e+01
1.916650114678688155e+01
8.442759576650988862e+00
9.261450553932979446e+00
2.190284634221173121e+01
1.087823667917065329e+01
6.424395449489557208e+00
1.829037124196504660e+00
8.397168763761060362e+00
1.038028373753437350e+01
1.936736305978124406e+01
9.006656009998426526e+00
7.130219643558630693e+00
5.118895658460949072e+00
4.079770161798917272e+00
1.584758497093164920e+01
1.280141780179570965e+01
2.228322503364885776e+01
5.891512446573379691e+00
2.322687915823086424e+00
1.054650596028301734e+01
2.480876891756113167e+01
5.415262493055394977e+00
8.774871620354106838e+00
9.452711672401470366e+00
6.568617757759644071e+00
9.544567412754934921e+00
2.489569106494661899e+00
1.048041410769022264e+01
1.041333335353613521e+01
6.901163279932865713e+00
6.840967299198635665e+00
3.741625290972820927e+00
6.287573518361416092e+00
1.169009153895792430e+01
1.404211620317567721e+01
6.549826790828995549e+00
5.787318369608009938e+00
8.527351302808583000e+00
1.587345018092101334e+01
1.390219723937238427e+01
2.051693788802933582e+01
2.217750202690901773e+01
8.112174230619856985e+00
2.242688605342441743e+00
3.325937013210531745e+01
3.310067685032181739e+00
9.502340209091865830e+00
1.393573817896058742e+01
7.683606280765895136e+00
5.481128622636965986e+00
7.308444218756522837e+00
1.621589612081568177e+01
6.237057371268066142e+00
9.987392821954689026e+00
9.890595309339515140e+00
3.417700341928312735e+00
9.881103442934879411e+00
7.835915122968334146e+00
7.564062767729680559e+00
8.989501617518499188e+00
1.931273245454425336e+01
7.391031970486028335e+00
2.966178863621759199e+00
7.096114153003989067e+00
1.720107909651036593e+01
1.784782662870301806e+01
1.436304289087712327e+01
1.167890712706208234e+01
2.928147165416468134e+00
1.539879108804082541e+01
6.063401667410475149e+00
7.609301083210370464e+00
5.271860180048745015e+00
1.186517862993921923e+01
6.829086781565383291e+00
8.152016208996286650e+00
5.625130452414222937e+00
2.417644094849810799e+01
3.996542512150861981e+00
1.335988286090493915e+01
6.979563776625450799e+00
2.597619408787503303e+00
5.271081706220009266e+01
1.643992309783489958e+01
5.527221173247300889e+00
3.942549395240575461e+00
6.906368344698740280e+00
5.083752227903282517e+00
3.176374092516302206e+00
5.953663613759529127e+00
1.800125506311976054e+01
5.864238169715504156e+00
7.645366992268203710e+00
