6.856079265766256370e+00
1.248624452435354115e+01
3.541783602057961833e+00
7.188517509543496331e+00
6.467640833958413715e+00
8.539553774933933639e+00
3.708347990151557472e+00
3.426973038040779329e+01
1.078610077029484415e+01
2.661542526411509613e+01
4.273815092497116552e+00
1.401691485230134049e+01
1.291767876022436212e+01
2.142597437291562201e+01
1.543284479805581455e+01
4.660074798366975024e+00
1.447358891718481111e+01
4.174737685133742104e+00
1.055444111433547505e+01
1.249460510454182938e+01
1.078674680462324709e+01
8.351722525880292736e+00
8.041777694601329074e+00
9.162893614958413480e+00
1.730287039639426316e+00
1.938236192110095502e+01
1.180368559119368044e+01
4.312038017690253966e+00
7.964582893886155368e+00
4.461487267843302185e+00
1.100301944668640353e+01
9.068684052959751440e+00
2.476186396467907969e+01
1.879592670715114266e+01
1.256762987182330171e+01
6.370133815152397183e+00
5.922498593189847504e+00
9.596748007144853432e+00
9.205268604659709197e+00
1.064179139186948397e+01
7.771809750785910964e+00
9.684229851438010073e+00
1.112258883670828702e+01
2.999815308134544445e+00
8.026239271700363886e+00
1.592106548458590076e+01
6.495781507988253267e+00
1.757804567010441588e+01
7.970155539883267082e+00
4.477001772288444315e+00
6.610594622744749849e+00
6.882981125348478280e+00
5.471228346982993429e+00
1.334572867988252298e+01
1.984040496119491692e+01
1.787597096476009284e+01
7.761212032551171980e+00
8.102592915331088719e+00
6.207701806369684938e+00
6.978649238796986509e+00
7.337894442112159687e+00
8.596765770991734001e+00
1.685431611264290552e+01
5.620073987320777675e+00
8.668145228510859113e+00
1.094871706261854349e+01
3.632906299886902701e+01
5.097965024238019005e+00
5.901915039851519218e+00
4.081960512844891475e+00
3.601274394180382643e+00
4.865094215734899308e+00
8.350580052465852887e+00
8.321715724809415349e+00
1.251053168429085716e+01
5.551290106163662585e+00
9.530488521930777779e+00
8.087934478236373792e+00
5.693538950846765978e+00
1.517961326725462889e+01
9.477493570189393424e+00
8.719393764531233160e+00
7.722075187805650387e+00
5.777631536336943263e+00
4.586047424657348870e+01
1.231908587825244261e+01
9.073820951353638975e+00
2.636979939883633506e+01
7.534753638966064315e+00
8.691360876132986135e+00
5.042378762623381583e+00
7.846599719130117556e+00
6.784567671786431831e+00
4.016418650777804800e+01
2.821277708693132880e+00
6.359425984151923394e+00
8.198229518590455456e+00
4.683455276964246572e+00
2.126149188435276827e+01
6.642999339304282991e+00
5.682646835377726191e+00
1.309579337616164985e+01
8.111059439173331498e+00
1.215683537541074699e+01
9.839085962561846088e+00
2.686877172527013080e+00
7.978722576593521687e+00
4.954732862830272033e+00
4.148908730619632834e+00
1.346535187884582996e+01
4.836053837909066289e+00
3.686050597006571117e+00
5.292104524881932726e+00
1.127657459348311519e+01
1.674524734140143067e+01
8.328370723008831078e+00
9.192585360091273472e+00
2.284299569603701485e+01
1.091775566513168094e+01
1.174505130466406655e+01
6.252437941016721012e+00
1.818889351937931664e+00
8.280516425726872853e+00
1.038454511526627400e+01
2.009261098669223600e+01
8.922728528945230053e+00
6.966773144875028301e+00
4.971656866558246790e+00
2.597832610043889190e+01
3.984375952062052750e+00
1.627864713525818985e+01
1.298641929980575682e+01
2.325574782148898478e+01
5.723304260030809054e+00
2.342329763072413140e+00
1.056238689904352768e+01
2.599687108177005612e+01
2.262864682612829270e+01
5.257917308674047163e+00
8.677904799072782893e+00
4.948451399105645798e+00
9.395600605179149412e+00
9.493226128258903884e+00
6.984044614488249536e+00
1.041989218993301947e+01
6.733355419241939366e+00
6.672260276893898556e+00
7.250340344306828833e+00
3.667152357031134624e+00
6.115719612000811267e+00
1.178954289107519493e+01
1.432581433523501069e+01
6.378289748124466918e+00
5.620892948035613124e+00
8.417247506532200774e+00
1.630664660456307402e+01
1.417463744427155881e+01
2.133940680695326364e+01
2.314102398928349302e+01
1.059422162555077485e+01
7.982152796784257376e+00
2.267119845218618757e+00
3.517353967856404040e+01
3.263987579582140253e+00
9.448336832883189373e+00
1.421087451598302565e+01
7.536336159398295820e+00
5.321874560716791436e+00
1.667739887032380253e+01
6.065391301262631707e+00
9.964875471476812407e+00
9.861644584242540645e+00
3.364410156323120127e+00
9.851525648711382033e+00
7.694347933766560566e+00
7.412673246450875553e+00
8.904586475487150210e+00
2.003337069631968248e+01
7.234269968168811182e+00
2.943422034194505876e+00
6.931926120289065629e+00
1.844528842039757421e+01
1.467266511314589472e+01
1.579291145919002659e+01
7.459432390375576816e+00
5.119101489260798665e+00
1.197787500369513580e+01
6.660214759135011597e+00
8.023779059605228525e+00
5.462149642780031122e+00
2.531047701553309182e+01
3.906159754055632760e+00
1.358897437843369538e+01
5.683477719642811898e+00
6.813083204285089955e+00
2.599685050474457970e+00
5.630600433957428663e+01
1.691999094925574809e+01
5.366706983620175286e+00
3.855468900471008098e+00
6.738643156830620207e+00
1.390563691128658519e+01
4.937869846886466796e+00
3.139327086361208607e+00
5.784554337334529173e+00
9.715708013442746704e+00
1.861157469337800663e+01
5.696463803831035122e+00
7.496744139225455683e+00
1.074484871691561061e+01
