7.007892457110416196e+00
1.225776533584742189e+01
3.631314196108494485e+00
6.674707445778354398e+00
7.328639215672349216e+00
6.629433076724712492e+00
8.609591458908312234e+00
3.807914087585557716e+00
3.210157899175003848e+01
1.069528022277459378e+01
2.513913094655615410e+01
4.403517585183222671e+00
1.365915379421947229e+01
8.134493976382984215e+00
1.265314558564302949e+01
2.041585002954159123e+01
1.495288433407411333e+01
4.806094381338368748e+00
1.407663429817382017e+01
6.554628496489129930e+00
4.299654829918237553e+00
1.048163071389470780e+01
1.226543065778382768e+01
1.069587571828400030e+01
7.210038603624493447e+00
8.141117758502241841e+00
9.192134463927949639e+00
1.707091703574512120e+00
1.037465556512574416e+01
1.163144390993071653e+01
8.068149404690633020e+00
4.599601836729483750e+00
1.089513771523388108e+01
9.104335645976023628e+00
2.345247443491359718e+01
1.802015658501757400e+01
1.233237676595141430e+01
1.145336713828752373e+01
6.533749334006571097e+00
6.090689149347809028e+00
9.595524222514367096e+00
9.231600578705956295e+00
1.056221693313805510e+01
7.885507746765502368e+00
9.676693830681839970e+00
1.100522766623218196e+01
3.053997776773777595e+00
8.126437532029285649e+00
3.488105478278351601e+00
1.539856521312165505e+01
6.656994893284853276e+00
1.301914301668402274e+01
1.691005054230127769e+01
5.724301680238750301e+00
8.073420083673413572e+00
4.615771814257475292e+00
6.769207193068544015e+00
1.636079641668505857e+01
7.033950901653017951e+00
5.637415143404532536e+00
1.304510280648154996e+01
1.897178861757452495e+01
1.718166689346013598e+01
7.875448667867816610e+00
8.198538777579894798e+00
6.373710686851638663e+00
7.126469191023247163e+00
7.471916585149404710e+00
8.663231324294219604e+00
5.787668910494928376e+00
1.390552686139870708e+01
8.730101098572587759e+00
1.084512322209159763e+01
5.257423406994534254e+00
7.767196285325773886e+00
4.202193345290676341e+00
5.018118150418028556e+00
8.432133119631361140e+00
8.404987530240646265e+00
1.228003240531537621e+01
5.718325705589161423e+00
9.534010105853612416e+00
8.184703549382517096e+00
5.861557541341602118e+00
1.472164477440159658e+01
9.484787720751262086e+00
8.778076619880135212e+00
7.838283764891768257e+00
5.945914921704361866e+00
4.356176077093169674e+00
4.264079935853138892e+01
1.210447697932617395e+01
2.491564211521942696e+01
7.660010476699246951e+00
8.751837651732383705e+00
5.200453190066969711e+00
7.956441053407003139e+00
6.938530369168009138e+00
3.746163949633682932e+01
2.863151028280468413e+00
8.533548360844459779e+00
6.523224267582467206e+00
8.288727087324383902e+00
4.830334502682718245e+00
2.026607394254564554e+01
6.800809547483523509e+00
5.850613943143232021e+00
8.206528368871722989e+00
1.195563160022529026e+01
9.820251638715534526e+00
2.719352885384808349e+00
8.081521932939963904e+00
5.110430211659776845e+00
1.546811418636374036e+01
4.272541114747536284e+00
1.315458846582632191e+01
4.988160038355276882e+00
3.784300204243865817e+00
1.114693222988480414e+01
1.615057014866260232e+01
1.900312581964565695e+01
8.411247231803457680e+00
9.219789604302224717e+00
2.170596201211757759e+01
1.081660168683464995e+01
1.157758754516286892e+01
6.417869284582426559e+00
1.816672408017436569e+00
8.366222204773432480e+00
1.032479176257955267e+01
1.920152739189015278e+01
8.968151017777614697e+00
5.127831625836881457e+00
2.455943873538259936e+01
4.099479748848714245e+00
1.572488402212125713e+01
5.891443427787562470e+00
2.350566488277668231e+00
1.048896260022481108e+01
2.457631323208756413e+01
2.151083298699922253e+01
5.420811790118518658e+00
8.739239604697983665e+00
5.103969328575143294e+00
9.408683265547905350e+00
6.560324033405435351e+00
9.499402473819177573e+00
7.131680041397646441e+00
2.517921208977794922e+00
1.042368630489363390e+01
1.035743344116324494e+01
6.888773381388845429e+00
7.387997794914501704e+00
6.282717626681355583e+00
1.161845449306965250e+01
1.394156772869594363e+01
6.541763723434708133e+00
5.788493583304749279e+00
8.494789320676005673e+00
1.575043204425903554e+01
2.033702318257846997e+01
1.051833493451390567e+01
8.084765567272571118e+00
2.270124929005249204e+00
3.292351308883608141e+01
3.335849317674732806e+00
9.457697710108451616e+00
1.383649579143434849e+01
5.485912454728493870e+00
7.291012787204746104e+00
1.608867890386985877e+01
6.232816296484801732e+00
9.936752960469497964e+00
9.841151640737594519e+00
3.442781515291111649e+00
9.831777088722391866e+00
7.811936956615087801e+00
7.543459920809317154e+00
8.951209189241856379e+00
7.372576280520969583e+00
2.993742766804539546e+00
7.081313476356504211e+00
1.706178499413563898e+01
1.770060674266471068e+01
1.425855481100946598e+01
1.160740777426791936e+01
2.955857355130030228e+00
6.061265218656887832e+00
7.588136670325112298e+00
5.279060641075824734e+00
1.179138638303331987e+01
6.817586674215314169e+00
8.124112857457999937e+00
5.628226788032166361e+00
2.395172464954579183e+01
4.017010013070341223e+00
1.326771280220513738e+01
5.851448893631279624e+00
6.966205026650720278e+00
2.626026838183156187e+00
5.213703775747459446e+01
1.630995921230736201e+01
5.531466883595262729e+00
3.963497609554467616e+00
6.893914153973986103e+00
1.355738938248480352e+01
3.202938094218760856e+00
9.705888002784238466e+00
5.864495547230540673e+00
7.623754832319310282e+00
1.065725177891844133e+01
