7.185446255888826350e+00
3.474882033303652751e+00
6.847421899003378165e+00
7.505006956119607331e+00
6.800984048092375112e+00
8.735545374690586229e+00
3.680335363591957343e+00
2.942529687116211790e+01
1.064730453557836221e+01
2.334985518571206242e+01
4.368575860875982819e+00
1.328826741553892354e+01
8.286386219045457580e+00
1.239705316720229789e+01
1.922199167588334134e+01
1.442979840545970838e+01
1.365710884213660492e+01
6.723984122903046590e+00
4.249237493725769532e+00
1.045449477095716517e+01
1.205244828041393035e+01
1.064784127366393918e+01
7.387478927383712701e+00
8.569624407067960803e+00
8.292699841913718117e+00
9.277651245339079367e+00
1.759242286592953164e+01
1.035776431047094448e+01
4.414450779817688186e+00
8.223060795934415523e+00
1.082724532625165637e+01
9.196462603268638958e+00
2.187668932399484945e+01
1.211200346726114319e+01
1.132797344551915586e+01
6.702431050289532344e+00
9.648679520160662548e+00
9.314092461018960378e+00
1.052727810390983088e+01
8.047875753693800149e+00
9.722978255093785549e+00
1.092620337627671923e+01
2.801852244314618101e+00
8.278704901736579913e+00
3.308015937367184467e+00
1.482216925052361312e+01
1.272173288728952301e+01
1.615042837035974799e+01
5.845854493136977581e+00
4.611321093112605851e+00
6.943953670176309600e+00
1.566813585370642770e+01
7.211615206537902445e+00
5.751494332682336008e+00
1.274474125562730187e+01
1.795795196544694505e+01
8.038189442450622835e+00
8.347367041231052553e+00
6.536330876555729752e+00
7.304224157413714558e+00
7.646047157462860788e+00
8.785824553168083639e+00
1.557084873515815282e+01
5.914384422301548483e+00
1.350599763833787925e+01
8.848393651714387076e+00
1.078225120668055759e+01
3.105846465607337592e+01
5.333663726000906102e+00
6.216874382624595796e+00
7.933686675886434614e+00
4.136958222641150762e+00
3.548371628785206067e+00
5.066521617927785215e+00
8.568611042391298227e+00
8.542991310210634737e+00
1.206543995171035455e+01
5.839379048255899818e+00
9.592296870129183972e+00
8.334205914397349702e+00
5.993982444677366850e+00
1.422606061776028774e+01
9.547132113330563996e+00
8.893209815419846009e+00
8.002366265830081815e+00
6.084445272425731410e+00
4.314222642775908056e+00
3.861339897098355323e+01
1.190916718333176227e+01
9.200895743413472161e+00
2.315469739919194936e+01
7.829725377120603902e+00
8.868706307683142498e+00
5.270332825946180577e+00
8.116066171659985784e+00
3.409897926770650400e+01
2.579796116515110427e+00
8.664126104885850665e+00
6.691556101285894620e+00
8.433000180902080700e+00
4.854947082917036916e+00
1.909094554809593447e+01
6.976117263527976675e+00
1.254183897879547516e+01
8.354964321883425526e+00
1.177653686540370259e+01
9.854119067718663416e+00
2.413004799697642699e+00
5.169915299556519628e+00
1.488336558861925418e+01
4.218029132651238022e+00
1.284175076683858840e+01
5.032878026123533743e+00
3.652889344188417819e+00
5.552626015773289403e+00
1.548343224570553822e+01
1.798539712767663090e+01
8.548901195178494561e+00
1.075658199483273059e+01
1.143906912835567624e+01
6.582321142595497498e+00
1.560316796753738355e+00
8.506364784840792836e+00
1.031262996172398516e+01
1.815914116766297326e+01
9.070190760488687332e+00
7.292765728950244331e+00
5.189358216445316252e+00
2.284362353934296763e+01
4.018346356072455272e+00
1.510922535755496732e+01
1.245295039394584435e+01
2.067876755777686881e+01
6.026081908845854151e+00
1.989284857443394339e+00
2.285836083033571953e+01
2.017969818172786489e+01
5.514322682082191562e+00
8.856935051598281206e+00
5.162692556946420375e+00
9.477213797723903710e+00
6.729858844335986134e+00
9.560546674897985042e+00
7.309426280532397513e+00
2.180616461088837887e+00
1.040211592306060062e+01
7.005084311880741765e+00
7.563561016116813640e+00
3.629612709794317826e+00
6.441178297811977593e+00
1.147559463696686954e+01
1.353783347956226280e+01
6.710707286848284880e+00
5.915274668619971088e+00
8.627658638413896242e+00
1.513169184387449739e+01
1.341573643059332888e+01
1.915302389734599231e+01
2.058748017713096701e+01
1.048765394412389718e+01
8.238935862682831512e+00
3.014212056397761685e+01
3.130468208928338658e+00
9.522256447232637200e+00
1.344501022111997024e+01
7.831192340473123181e+00
7.467798898349796488e+00
1.542904283226845052e+01
6.388774860393056088e+00
9.960308293093662613e+00
3.255172949003654281e+00
9.864633504076055104e+00
7.976936388784646503e+00
7.716103280590889568e+00
9.054451982999740522e+00
1.811188885044244756e+01
7.548365360277692560e+00
2.731681127951646637e+00
7.259082583998747396e+00
1.628359863873648905e+01
1.381768230444856904e+01
1.146572257591929223e+01
2.687587197045221199e+00
1.471922655203533026e+01
6.207424973710351068e+00
7.759730394950678622e+00
5.357671612564918640e+00
1.163003216584087518e+01
6.993168484340269941e+00
8.276488036419030081e+00
5.741489210419751466e+00
2.231282772855740149e+01
3.922922023307715111e+00
1.294193734500223059e+01
5.983112562027640635e+00
7.143503185648979681e+00
2.305114970195702107e+00
4.688859091807674417e+01
1.562347628738203653e+01
5.635825581359763525e+00
3.860921368292004718e+00
7.070536016014364655e+00
1.319827944970855071e+01
5.150517590482143859e+00
2.975457898903983711e+00
6.091861581966880657e+00
9.749674216933348347e+00
1.697686446168981433e+01
5.997140513149174623e+00
7.794446481414989414e+00
1.061302082544654013e+01
