7.067495794616188043e+00
1.211698739410594072e+01
3.466433429375022524e+00
6.723900231917267156e+00
7.394006593116398740e+00
8.662744584969965800e+00
3.651192210363216173e+00
1.065391109945884018e+01
2.398457658528691283e+01
4.287878113132435054e+00
1.341929782656827363e+01
8.197912064458783732e+00
1.248513639789147511e+01
1.964806214602395329e+01
1.461665453891174593e+01
4.724539946182578554e+00
1.380609305161279998e+01
6.598936155176810203e+00
4.175777716737276712e+00
1.045248110192611790e+01
1.212413115515953166e+01
1.065447196488788961e+01
7.273746945245083140e+00
8.490844769097764200e+00
8.204434148649017544e+00
9.225665992675891047e+00
2.291852483121896711e+00
1.793659972806751313e+01
1.035146309930872555e+01
1.153230789238512699e+01
4.331138784723620461e+00
8.132516311230229888e+00
4.500249589357416369e+00
1.084197858278534632e+01
9.141249338890201415e+00
2.243680340057917277e+01
1.744486781206078518e+01
1.218651098284978040e+01
1.136567892413770586e+01
6.577146250332213562e+00
6.110582624848972522e+00
9.611861576634328941e+00
1.052850723613034134e+01
7.951807331991272321e+00
9.689271636762379458e+00
1.094543686418014161e+01
2.885256279972513216e+00
8.189977623038359411e+00
3.318587632167253165e+00
1.502836837503156531e+01
6.705504930271096065e+00
1.282538171985500952e+01
1.642252855793358535e+01
5.719214819264090366e+00
8.137716297709621571e+00
4.517795214628979039e+00
6.821821104447043815e+00
1.591624185603465413e+01
7.094175612949924492e+00
5.625775885445416513e+00
1.284949691493102186e+01
1.832046400372354711e+01
1.667277699288761639e+01
7.941824711669619674e+00
8.260921501121599064e+00
6.409528481475266659e+00
7.188678468035531566e+00
7.538575816507361971e+00
1.581412300211853328e+01
5.787220241801755982e+00
1.364761544340855615e+01
8.779772928808817767e+00
1.079494540134013469e+01
3.208492130362152039e+01
5.214971477854768445e+00
6.088779192874702595e+00
7.834189136852751645e+00
4.070910424208849854e+00
3.532193544081764447e+00
4.955061958428461644e+00
8.489795532993017702e+00
8.463271600389258964e+00
1.213773864492231169e+01
5.712795166611448927e+00
9.553133360296348187e+00
8.247319708891513557e+00
5.866357886491420537e+00
1.440290056787598694e+01
8.826273136005545084e+00
7.904914321417104262e+00
5.956486884772004942e+00
4.236741924830324635e+00
1.197407225119047780e+01
9.145857821095850326e+00
2.377952821224496205e+01
8.800847220621918154e+00
5.153151614850036033e+00
6.996344733894850343e+00
8.588726522342540193e+00
6.566155217865297544e+00
8.349459013778764316e+00
4.750891960686141502e+00
1.951041700489753339e+01
6.854484404925601737e+00
5.854648025587858129e+00
1.263685079795133426e+01
8.268773859615235367e+00
1.183519164990639183e+01
9.825958047590612310e+00
2.573789149351981109e+00
8.145707893023166335e+00
5.055386297889532088e+00
1.509258739993413023e+01
4.146569558774340969e+00
1.295117825871226636e+01
4.922493219098307726e+00
5.429633417561207764e+00
1.107847102409804663e+01
1.572236755340456149e+01
1.834928672153601781e+01
8.469389601691318603e+00
9.252227522868066600e+00
2.083327166461769053e+01
1.076811494866607788e+01
1.148193375532469318e+01
1.030433719984904783e+01
1.853175424121209858e+01
9.010029415932468311e+00
7.176978552533914701e+00
5.074290752805612925e+00
2.345269328693180455e+01
1.532961575326771531e+01
1.254370602613431984e+01
2.117831899797267425e+01
2.270471354017467913e+00
1.045940063347689986e+01
2.346817714852707581e+01
2.065405276120426592e+01
5.391981610366403999e+00
8.788634258903387675e+00
5.048366673725350751e+00
6.604876982485638592e+00
7.193990883527367153e+00
2.401191107249829315e+00
1.039777736370244376e+01
1.033518944877965673e+01
6.945182734060046492e+00
6.883916940642321514e+00
7.453993450665051590e+00
3.605318438685481297e+00
6.313760315468638140e+00
1.152015989444125665e+01
1.368100201006696182e+01
6.585512367643999276e+00
5.788104461050368243e+00
8.550946638530142252e+00
1.535319423933916383e+01
1.355296124814835323e+01
1.957562114243894769e+01
2.108242108257307379e+01
1.048711591683075284e+01
8.148906848014956239e+00
2.213221166197152812e+00
3.112193427350001684e+01
9.480198558398660325e+00
1.358365918885853674e+01
7.728740387239878551e+00
5.462365570994509589e+00
7.355912589058771545e+00
1.566527974691724268e+01
6.261099740801299163e+00
9.845834903876658828e+00
3.272223626485280423e+00
9.836919975040833819e+00
7.610481348469012808e+00
8.993680348892157284e+00
1.848212897921596110e+01
7.438421485895848839e+00
2.827397473929865068e+00
7.142597152326102261e+00
1.656233533315625195e+01
1.715069534728087319e+01
1.397450964560604625e+01
1.150982797810889302e+01
2.791374628625313381e+00
1.492034444133539495e+01
6.079326006196545507e+00
7.655291204930401605e+00
5.238438560155402435e+00
1.168181111786978477e+01
6.871807870968991594e+00
2.289501636656651229e+01
3.872742957163708866e+00
1.305619814769286435e+01
5.855541577558377675e+00
7.024756779388571459e+00
2.492093071007270844e+00
4.872216120160467057e+01
5.511560277052220513e+00
3.815794652794448627e+00
6.950473399728579693e+00
1.332494381872247224e+01
5.036537895979079416e+00
3.030952114198572911e+00
5.963884595929136445e+00
9.717091022416864732e+00
1.729021897275526598e+01
5.869500936407671787e+00
7.690965052145356751e+00
1.061808773492845148e+01
