7.120803508041039009e+00
1.221941992750583417e+01
3.619740262481738746e+00
6.785687101077694905e+00
7.441149171719881217e+00
6.739955351434620212e+00
8.702717622293127064e+00
3.806545453554996072e+00
3.110145876855817448e+01
2.448534014030322936e+01
4.435772330783177786e+00
1.355892648484424079e+01
8.237636984660237971e+00
1.259767042385771774e+01
1.999450197291067610e+01
1.479329804808544147e+01
4.859308067659702246e+00
1.395743988944436254e+01
6.664290173694574548e+00
4.326215148518261167e+00
1.222675606574605744e+01
1.072143695834574828e+01
7.322942692389453612e+00
8.530378575506777139e+00
8.244141252329496794e+00
9.269595284832961468e+00
1.670932626283675448e+00
1.822362212172966167e+01
1.041233237189815064e+01
1.161954951362967137e+01
4.477945535725755377e+00
8.172455302295610124e+00
4.642310966018146523e+00
1.091297097113215564e+01
2.288203244002264469e+01
1.771506052625599636e+01
1.144881352932564944e+01
6.643147330125591665e+00
6.192042489783296411e+00
9.660425401542788393e+00
9.307888101407129966e+00
1.059287340678615941e+01
7.992681002821487191e+00
1.101872799325258079e+01
3.009946191850041419e+00
8.229725077078272832e+00
3.468284863244598615e+00
1.521818290034181587e+01
6.767801281811943070e+00
1.294756255449244620e+01
1.665817918775784179e+01
5.815481471173462147e+00
8.177635893439800796e+00
6.880988965627214959e+00
1.613505342051675484e+01
7.146909511481627675e+00
5.725730019331888521e+00
1.297237179686880104e+01
1.862070713599246830e+01
1.691682065535194823e+01
7.982765042876382999e+00
6.480744296637676705e+00
7.239479875796399178e+00
8.755057306426738961e+00
1.602956287996263640e+01
5.880830903121549547e+00
1.379413042544158685e+01
8.820262668495976399e+00
1.086491040212670178e+01
3.288065331980683936e+01
5.331311076621370937e+00
6.171027735076334508e+00
7.875950634352611779e+00
3.686515270736845817e+00
5.081472926798811685e+00
8.529327868661184198e+00
8.502771750668346229e+00
1.224073041355278235e+01
8.286925440447641122e+00
5.956914762209197356e+00
1.457278597343126592e+01
9.553256727680935256e+00
8.867015106297058580e+00
7.946115052396278244e+00
6.043623479905235740e+00
4.385847361839119607e+00
4.111308813085947378e+01
1.207268849429488000e+01
9.189011107006843204e+00
2.427291226983792072e+01
7.769998264372349972e+00
8.841448025401289712e+00
8.062560480542090957e+00
7.051243174585583695e+00
3.619350379407285345e+01
2.809188860110486630e+00
8.628462685909763508e+00
6.632485443399637859e+00
8.388931911691539511e+00
4.884742647654626069e+00
1.985203694539723784e+01
6.912813990634501415e+00
5.945653980878796929e+00
1.275365180906757701e+01
8.308339083736290931e+00
9.877660790968571192e+00
2.658430779742113170e+00
8.185598484416823695e+00
5.177969813277779387e+00
1.528447336398622269e+01
4.297599454987315326e+00
1.307699375329772806e+01
5.050125486356829008e+00
3.781567669124233699e+00
5.537413604300390091e+00
1.115479334256380106e+01
1.593478548881541279e+01
1.865052526791449239e+01
8.508896321239655336e+00
9.296429600713752350e+00
2.122145515388789860e+01
1.083749893562434607e+01
1.156792245201752145e+01
6.525616190140949513e+00
1.846297393809544163e+00
8.464832480726856900e+00
1.036430794670571309e+01
9.052017682935421306e+00
7.228010730420998620e+00
5.196143367327739959e+00
2.393432813721610231e+01
4.114823761858612094e+00
1.552918424693541866e+01
1.265788051384317470e+01
2.157872779551827236e+01
5.987652674156415777e+00
2.275082395768607046e+00
1.052237956080485581e+01
2.395036824068657566e+01
2.103589842432939960e+01
5.501268603010295521e+00
8.829170040093137217e+00
5.171220873438655552e+00
9.479553527314145356e+00
6.670055855555212077e+00
9.567405546267222505e+00
7.244688301277978582e+00
2.448305334523330323e+00
1.045954316609890711e+01
1.039574686165574846e+01
7.001279017822138684e+00
6.941506516244900560e+00
7.500206540934597044e+00
3.760390083048442467e+00
6.388134329250515719e+00
1.160709848760956220e+01
1.382853148598491977e+01
6.651264148319929070e+00
8.590589530587825706e+00
1.369661030464588158e+01
1.991952352716370811e+01
2.147942916104407018e+01
1.055064784104744113e+01
8.188786101636674530e+00
2.192439833864136212e+00
3.188235042247768547e+01
3.307353537891685846e+00
9.527026312521407192e+00
1.372823603150711946e+01
7.771491135834801334e+00
5.568835829734767096e+00
7.403678095238951151e+00
1.587582121469515606e+01
6.337262027837967437e+00
9.990155018198988657e+00
9.897847874174248162e+00
7.920119913679797286e+00
9.035542042776722127e+00
1.878796004601471381e+01
7.484869825618636341e+00
2.946493744688617245e+00
7.194321355045730115e+00
1.680266955183926214e+01
1.741088263491080923e+01
1.413103518699926298e+01
1.159650928249031487e+01
2.906628189046844835e+00
1.510668460592941997e+01
6.161918057466443166e+00
7.698841119443852854e+00
5.353848475891814118e+00
1.177282653388555467e+01
8.227441939065661458e+00
5.716228886078832616e+00
2.335664366553022475e+01
4.027660624651685062e+00
5.946513228898895775e+00
7.079009492747198706e+00
5.013250455977799902e+01
1.608662661505645985e+01
3.971085818038358806e+00
7.006443731551466492e+00
1.346175395086449100e+01
5.159847317796119270e+00
3.167002861359372368e+00
6.050743493442645615e+00
9.767150431670900801e+00
1.755514557963199351e+01
5.959937448710775243e+00
7.734115426557992556e+00
1.068429297363377906e+01
