7.427168501853119942e+00
1.215346131922580497e+01
3.239474759562202433e+00
7.016513992157227264e+00
6.959336651934824758e+00
9.149789353042690365e+00
3.401167044325564603e+00
2.542947464854123396e+01
1.095705703899289851e+01
2.088942316600899929e+01
4.041366639119722493e+00
1.316978300686130510e+01
8.678948035693306196e+00
1.244437306786205077e+01
1.777549567200272662e+01
4.537750253819029744e+00
1.346576252470629953e+01
6.864183160505537451e+00
3.920559785054895219e+00
1.078573278423377069e+01
1.095753137760949691e+01
7.667255143705522080e+00
8.978395576726034832e+00
9.690901949640265300e+00
2.315336923236356981e+00
1.653312515325461618e+01
1.069905329975436814e+01
1.168405894114409982e+01
4.088782693695602433e+00
4.278070722817001403e+00
1.111531460509729463e+01
9.611579965595254293e+00
1.978211478527569156e+01
1.617399917371087881e+01
1.220865149064252364e+01
1.154836398715154644e+01
6.837476092021850249e+00
6.257316695270748852e+00
1.004650617225698461e+01
9.726321700869732467e+00
8.419740342830749569e+00
1.011644646063238895e+01
1.120172004627604423e+01
2.823142691037275664e+00
8.670702281385000987e+00
3.119434825151261581e+00
6.994182343566182070e+00
1.271052571988090563e+01
1.542334735885104813e+01
5.763707042870959363e+00
8.616207753011975612e+00
4.298048142662576510e+00
7.134823855004563953e+00
1.504922240462015637e+01
5.645810717503142229e+00
1.560764794795918320e+01
8.744172446430852119e+00
6.630726325668961252e+00
7.568845112242503781e+00
7.967942082629699385e+00
9.201165111214862691e+00
1.497353992707131276e+01
5.849581480584411075e+00
1.334476390917324728e+01
9.264743643614975710e+00
2.664528611469554420e+01
5.131635144739543186e+00
6.229907529206969663e+00
8.293290453302905263e+00
3.810404253884457138e+00
3.295596369594844699e+00
8.977339866775487565e+00
8.950612979003228276e+00
1.216994722285212482e+01
5.755602591982748706e+00
9.993159930777594013e+00
8.730131013699185871e+00
5.949521479224536336e+00
1.391840958958215069e+01
9.950254724842725551e+00
9.310044613417103321e+00
8.369528480671778681e+00
6.063271613571383334e+00
3.985881827481250639e+00
3.225603366515230164e+01
1.203961644936179098e+01
9.615925960863101807e+00
2.074292952535433088e+01
8.176827350731546318e+00
9.285300459485021918e+00
5.055257142170700213e+00
8.494522060358967508e+00
7.343190174168213957e+00
2.890558143458420659e+01
2.728208901360204663e+00
9.076367196968755380e+00
1.767594808658476069e+01
7.174070067706717069e+00
5.934735393290671013e+00
1.256335090556754430e+01
8.752269011900562390e+00
1.192845401120906246e+01
1.023893765936558076e+01
2.672052090807238933e+00
8.624561463628841906e+00
4.935228239261762795e+00
1.443639929879401329e+01
4.773796511988693148e+00
3.378713261623168318e+00
5.399168173583706931e+00
1.131218310090485346e+01
1.490547055931194720e+01
1.683369897224129730e+01
8.956784516424628251e+00
9.715736767953348618e+00
1.863048555145646645e+01
1.105334627116097046e+01
1.164313403178620909e+01
6.688123104551060294e+00
1.474459375043768228e+00
8.912280742819413959e+00
1.065843424704067388e+01
1.696637644238970211e+01
9.487055206973890265e+00
7.555242244974821553e+00
4.958359718793516002e+00
2.050930703757746798e+01
3.697929656262919362e+00
1.461334229429298404e+01
1.249036412923697981e+01
1.887874206861021165e+01
5.989868493508039293e+00
2.590442665780127829e+00
1.079165108071181045e+01
2.052037837759157668e+01
1.850143142256132833e+01
9.273392664561930232e+00
4.926649045379251746e+00
9.883524348878296450e+00
6.871457378200008570e+00
9.963014397851903681e+00
7.575016176045085814e+00
2.616346142765585636e+00
1.073885897223636476e+01
1.068503993182873302e+01
7.282451255810647339e+00
7.209337997045212276e+00
7.872850733005583912e+00
3.359873127682164728e+00
6.511669725145775800e+00
1.167419724581128548e+01
1.337028500618990812e+01
6.847735028595100637e+00
5.850698187912198200e+00
1.463091640535087556e+01
1.327231877577139940e+01
1.772311210225089795e+01
1.880977180821371419e+01
1.081533199224011987e+01
8.627903276958583945e+00
2.584247765610509173e+00
2.596328701864027977e+01
3.003487410251694190e+00
9.926556837298333491e+00
8.178479615269415248e+00
5.440215298215547612e+00
7.761472173633367611e+00
1.486308662598723807e+01
6.445955078002048921e+00
1.033726530543432709e+01
1.025664670678677481e+01
3.083627830144033410e+00
1.024870724362929231e+01
8.341364830272395281e+00
8.048080691585223434e+00
1.693030524711419815e+01
7.855247072578388945e+00
2.790714058883233317e+00
7.515174584482531728e+00
1.552635881424190245e+01
1.595859472394703360e+01
1.359396359088475492e+01
1.166580606612536108e+01
2.771474785012316477e+00
1.430749129562391708e+01
6.218018365809438563e+00
8.097695286689994276e+00
7.194839304414964332e+00
8.668321267515928241e+00
5.633337924941270280e+00
2.011031501190029402e+01
3.610485305866146799e+00
1.288975941761141009e+01
5.935863722353412975e+00
7.376793655040986053e+00
2.642885200395541645e+00
3.838711603810767059e+01
1.501448983994515096e+01
5.502003016952159875e+00
3.555178930185340480e+00
7.288745763596918614e+00
1.309723087472197278e+01
4.912204722174575267e+00
2.912697916086757655e+00
6.072602002413597155e+00
1.014147930420095634e+01
1.606081458496229786e+01
5.953490024286129945e+00
8.137015525171232611e+00
1.092672993163370165e+01
