7.482483984447312331e+00
1.199017556660907857e+01
7.082417447521786258e+00
7.849114114102941464e+00
7.026594448701200868e+00
9.144328213520758197e+00
3.480226912833467079e+00
2.437725690926859912e+01
1.086256672630073794e+01
2.014975544442422262e+01
4.133680897612818761e+00
1.294425213567902944e+01
8.692677850933169026e+00
1.724771350908778800e+01
1.379626385915071296e+01
4.633357435454384721e+00
1.322163306878279698e+01
6.933629824219344151e+00
1.070056346529230673e+01
1.199551275698248887e+01
1.086301504658242933e+01
7.715679974444229039e+00
8.980136028865176812e+00
8.699187705261641312e+00
2.274343503333304817e+00
1.608876787390885710e+01
1.061854000668182962e+01
1.154845532011833242e+01
4.181618374818525830e+00
8.627120239445842387e+00
4.372523624545347154e+00
1.101208114299338447e+01
9.585540203005249893e+00
1.911813152876404942e+01
1.575357786498108403e+01
1.204206115871185290e+01
1.142060888112585282e+01
6.338800953726002163e+00
9.999620107708176775e+00
9.694914588206231087e+00
1.076194548415935692e+01
1.006608495535037662e+01
1.109366163709110786e+01
2.869164103703963686e+00
3.186829381347656032e+00
1.408524253302697637e+01
7.060618249908794830e+00
1.251346351440468041e+01
1.505262699623474276e+01
5.852469906313262804e+00
8.632352127606077730e+00
4.392631319625408537e+00
1.470307668802266221e+01
7.512953526854275310e+00
1.253108363318442997e+01
1.634967504623683254e+01
1.522477066370574050e+01
8.432945728043897304e+00
8.755356030640703224e+00
6.705198582298793397e+00
7.620156927948147363e+00
8.007007570757576076e+00
9.193498247849250404e+00
1.463234733409057498e+01
5.937245775515394008e+00
1.310825959685683806e+01
9.254317553147942021e+00
1.097483985689938457e+01
2.550897895245784497e+01
5.226146858910849957e+00
6.311856150535203547e+00
8.321317811508237128e+00
3.899410840379612164e+00
3.370898525616074171e+00
4.908843579272462065e+00
8.979123921539219566e+00
8.953497789147903063e+00
5.844465390007996142e+00
9.948902524043539586e+00
8.741865842660434538e+00
6.035816999855405207e+00
1.364551052480390148e+01
9.908097344729045020e+00
9.297632715872698128e+00
8.394833153855250529e+00
6.147892870443780744e+00
4.077521585555832218e+00
3.073053164856559150e+01
1.188311568175018706e+01
9.589684688460531348e+00
2.001329129858001465e+01
8.208914398946658864e+00
9.273975275911194416e+00
5.150164256465041390e+00
8.515251847785279438e+00
7.400793832767782909e+00
2.761267422747576461e+01
2.762714716549823812e+00
9.074020831185334757e+00
6.894336019840929808e+00
8.842634407347311765e+00
4.664503765569555149e+00
1.715488101591234837e+01
7.236089922276571329e+00
6.021239487806546720e+00
1.237529919580955173e+01
8.763133967413617498e+00
1.177853575016129994e+01
2.697003777407241731e+00
8.640386316004752487e+00
5.030613802189649597e+00
1.413016378728494971e+01
3.979886395936236720e+00
1.260525223739285927e+01
4.869535923252717780e+00
3.457025045821243481e+00
5.491767541304196421e+00
1.119790570671201912e+01
1.636924060234460399e+01
8.959415681769264950e+00
9.684828866976305406e+00
1.804485002370815039e+01
1.095355108455466819e+01
6.761405290772061427e+00
1.491424256547142280e+00
8.916733801911140844e+00
1.058008852563221502e+01
1.649302709445147030e+01
9.466728502551898572e+00
7.606946281832720480e+00
5.053666984146768293e+00
3.784797310717633589e+00
1.429563141223630574e+01
1.230675876986868289e+01
1.827625420728189454e+01
6.075584236270899829e+00
2.587500292537321833e+00
1.070616236470911531e+01
1.980596765111696556e+01
5.445016677718960807e+00
9.262588704425228414e+00
9.844607723160859081e+00
6.940739577520655068e+00
9.920233813282026247e+00
2.626650222151309944e+00
1.065621261411719267e+01
1.060527548243856621e+01
7.341670477350509927e+00
7.270458061890543888e+00
3.437536763227766912e+00
6.588515550072685301e+00
1.153916648754201013e+01
1.313217485096415338e+01
6.917551820044240962e+00
5.938347722317573130e+00
9.037907927897764537e+00
1.431206354416021043e+01
1.304036553468563220e+01
1.719886411941849857e+01
1.821196805428179033e+01
8.643600138123209931e+00
2.574624698058020744e+00
2.487416369809735528e+01
3.064131532952876658e+00
9.885553905142769437e+00
1.306239977940055397e+01
8.210509912234256191e+00
5.532451617697571322e+00
7.807051595016965884e+00
1.452911109871631368e+01
6.524055936352944229e+00
1.027572097105984916e+01
1.019922134557388382e+01
3.149095376121357148e+00
1.019168530033373443e+01
8.367681301639311897e+00
8.084515004867236954e+00
9.451814552924863833e+00
1.645937415330917730e+01
7.897915356115358776e+00
2.833242373502347977e+00
7.568024273190504303e+00
1.514884749312013135e+01
1.555248399883282318e+01
1.334172379195307734e+01
1.153126244868124139e+01
2.811739586412789205e+00
1.400958909817802223e+01
6.300166248579731842e+00
8.132471833632116898e+00
5.255059647619844121e+00
1.166237947019377508e+01
7.256330623236087796e+00
8.682462452525376406e+00
5.723628927964532487e+00
1.942393107586212864e+01
3.695408385247505034e+00
1.268164747610380161e+01
7.433489301562415719e+00
2.661232214607736957e+00
3.643510151516435513e+01
1.467061802796460412e+01
5.593659145312171788e+00
3.638730090969988673e+00
7.347799096768760307e+00
5.007661490260092663e+00
2.966795624058642389e+00
6.157080486936709285e+00
1.564791733733147261e+01
6.039729207656156618e+00
8.170462657247838933e+00
