7.423369573966569490e+00
3.320911443084476833e+00
7.043538925788167759e+00
7.772892893854024265e+00
6.990625504802522983e+00
9.026240493533517650e+00
3.508184557483622790e+00
2.508949693664425951e+01
1.074600580673044092e+01
2.055781748574544920e+01
4.196753062470772733e+00
1.289961854357365212e+01
8.585292460730656217e+00
1.218934035759510159e+01
1.745657237190065558e+01
1.379441852156160486e+01
1.319031002486926418e+01
6.902536033300635587e+00
4.071366145714515383e+00
1.058117982510990274e+01
1.191103866997310234e+01
1.074646262341573610e+01
7.645486107049883628e+00
8.865408011123280474e+00
8.591615983275113777e+00
9.536579855739082845e+00
1.622231470609976611e+01
1.049791962195407002e+01
4.245538996441882595e+00
8.521661749997401003e+00
1.089855734173628576e+01
9.461519509687068563e+00
1.945408170808923387e+01
1.195930427960019848e+01
1.131735403404526963e+01
6.877803221893552532e+00
9.874136103107877815e+00
9.570124520706613680e+00
1.064357273233279777e+01
8.343648801700348727e+00
9.940728255196660257e+00
1.098196338309198339e+01
2.779668394509594798e+00
8.577594097642165849e+00
3.175945256309804510e+00
1.409906280970258408e+01
1.244955045661951409e+01
1.512217427339177789e+01
5.876946586502017844e+00
4.458329986032449455e+00
7.152992148216034352e+00
1.475196527504663990e+01
7.452356046075334639e+00
5.765819911600585712e+00
1.246792292305174321e+01
1.649987945513391452e+01
8.333719884295062386e+00
8.646214584486468624e+00
6.686176594232470016e+00
7.554423297154273520e+00
7.923992093470561215e+00
9.074525042259971030e+00
1.467712304465185014e+01
5.957683688432031666e+00
1.307141750638789901e+01
9.134326587800643438e+00
1.086052178372941235e+01
2.630416783469322439e+01
5.276451519048986682e+00
6.313501398451648150e+00
8.226016845133088395e+00
3.955515538490512295e+00
3.386817895141462920e+00
4.968348254545083442e+00
8.864418521568881104e+00
8.839372788774131351e+00
1.192157386741246405e+01
5.869318278931985766e+00
9.823387797441805347e+00
8.633095168316422985e+00
6.051444774441121943e+00
1.363570450909848653e+01
9.782599941333291582e+00
9.176969331985961986e+00
8.296920068888562483e+00
6.157923363881706358e+00
4.139366574048970904e+00
3.191289879658901896e+01
1.179460994505383553e+01
9.465629778426436047e+00
2.041175002217108769e+01
8.117804826700318443e+00
9.153673734660825900e+00
5.202965784955339679e+00
8.413289894887013176e+00
2.856311429944756952e+01
2.628591815945785282e+00
8.957296139998728535e+00
6.865311722145446716e+00
8.731190412433925019e+00
4.728534811716447628e+00
1.735759169625188392e+01
7.189293055120318243e+00
1.230560171098600186e+01
8.653780548434450992e+00
1.168642923979478709e+01
1.005751253123904121e+01
2.525121470653191480e+00
5.086983520575538265e+00
1.414646437902814924e+01
4.038953202527067354e+00
1.254529371640108870e+01
4.929935434016003093e+00
3.482630345634454283e+00
5.532132412588242509e+00
1.460982401881739712e+01
1.652070176798563494e+01
8.845155329673902500e+00
1.083879013007496006e+01
1.140925389278291924e+01
6.739406886525490137e+00
1.524272956278493352e+00
8.803467343127893585e+00
1.045893400450053612e+01
1.665246299597050239e+01
9.343858875523736174e+00
7.541838383234353849e+00
5.109384792628481442e+00
2.017883490146167347e+01
3.835506023814580168e+00
1.432116676865629934e+01
1.223426956254029641e+01
1.855431849166497216e+01
6.089240393574015364e+00
2.303632419319581626e+00
2.018987192909637329e+01
1.817873885059431416e+01
5.487254992996881242e+00
9.142465966185636006e+00
5.078668915276514539e+00
9.719212299061835481e+00
6.909271834073224205e+00
9.794727327315763787e+00
7.560132728014292702e+00
2.396098365796293983e+00
1.053614390139117596e+01
7.221912137113629448e+00
7.835862323191431500e+00
3.461085244794543048e+00
6.575668140191401001e+00
1.143939470867543129e+01
1.309648812483811575e+01
6.887304268935994678e+00
5.958732511890104000e+00
8.921927458716947257e+00
1.433852420843025399e+01
1.300026976708592308e+01
1.740448550813777473e+01
1.848565400764146816e+01
1.060963189208715285e+01
8.537648669261635348e+00
2.562276702393972272e+01
3.029205906829511186e+00
9.760082226740538047e+00
1.302335564845828131e+01
8.119339218186807372e+00
7.732703506323706399e+00
1.456792688313546869e+01
6.514610114583082812e+00
1.015140176635651592e+01
3.131441747085581540e+00
1.006683547447403804e+01
8.270720805737127534e+00
7.998309905606030057e+00
9.329112674675139161e+00
1.661663804228093255e+01
7.819553372208608799e+00
2.730333997693946468e+00
7.504771921895276421e+00
1.522417290231717146e+01
1.331635958416561571e+01
1.143125181509314636e+01
2.700078347432186110e+00
1.401925891554197534e+01
6.302415739928218130e+00
8.044343959773019748e+00
5.304370625650643767e+00
1.156645050610456948e+01
7.208502593752204923e+00
8.575371290701486515e+00
5.754042901580619152e+00
1.978113448641413186e+01
3.740826796506414365e+00
1.262504571310520340e+01
6.038643469398477848e+00
7.376779775971461284e+00
2.462979409707884759e+00
3.804529323137966657e+01
1.471761622127742619e+01
5.629779131849299567e+00
3.680243009553411326e+00
7.295351363723428406e+00
1.282843505726681421e+01
5.064662345911889574e+00
2.907796561787733935e+00
6.166646803828035317e+00
9.964578629121779940e+00
1.575378103262905327e+01
6.055163767590031831e+00
8.080839958139764079e+00
1.071680429439977011e+01
