7.380777736709162262e+00
1.195068156368162349e+01
3.260509954649231101e+00
6.980382152357431202e+00
7.748529226966942574e+00
9.053977139395179563e+00
3.422826062595296204e+00
1.079930104937492175e+01
2.032727618550488202e+01
4.059787917157046344e+00
1.292719043724433803e+01
8.597662342872833818e+00
1.223031757028604716e+01
1.734412169042845164e+01
1.380043986723699945e+01
4.550266940129311877e+00
1.321138070071314807e+01
6.831708966748678336e+00
3.940065204854021896e+00
1.063420678991507096e+01
1.195613921578097560e+01
1.079975805273996059e+01
7.614595863615449822e+00
8.887957314018867905e+00
8.604231248258694009e+00
9.577504862586131651e+00
2.181116755204398849e+00
1.615346190999446563e+01
1.055065486599524327e+01
1.149922759737658673e+01
4.106734786466794240e+00
8.531523602972583831e+00
4.293933936982599064e+00
1.095174937059259257e+01
9.500817416635724655e+00
1.926661186596917474e+01
1.580920897815938986e+01
1.200374092557178862e+01
1.136865791955998972e+01
6.805634935663774421e+00
6.238617712277743088e+00
9.921072676130270551e+00
1.069674888216237107e+01
8.346129263306661272e+00
9.988603889594172003e+00
1.103496205723101298e+01
2.835434142059425344e+00
8.589664298896737549e+00
3.139327077750800665e+00
1.409681563409965754e+01
6.958591711076755892e+00
1.248606472643466958e+01
1.508950747463236119e+01
5.755247901812404976e+00
8.536800962221024136e+00
4.313672407757017879e+00
7.095796116202468085e+00
1.473072647848251826e+01
7.411310516100180656e+00
5.639662156803675330e+00
1.250410141631208916e+01
1.642146080401938590e+01
1.526622813797060019e+01
8.335773315919059456e+00
8.660919138740128531e+00
6.603702569361400876e+00
7.518779515623999821e+00
7.907148380831615420e+00
1.465814042223603053e+01
5.839405655991308564e+00
1.309521068594340676e+01
9.165273148898119615e+00
1.091377025009865598e+01
2.583932959027370302e+01
5.134893738341501646e+00
6.211800315298696695e+00
8.223338637940067031e+00
3.830742608870515209e+00
3.316949936030704649e+00
4.821627426249720294e+00
8.886934403161072638e+00
8.861036632300693938e+00
1.196653139602953786e+01
5.747304010361288462e+00
9.869554932962874005e+00
8.647302521464762748e+00
5.937312825710756137e+00
1.364586304361746727e+01
9.209120751636493907e+00
8.297377128026223403e+00
6.048704306418843046e+00
4.004821661293416213e+00
1.184121904950393578e+01
9.505019557788822127e+00
2.018696038604957010e+01
9.185171266842161231e+00
5.059812073179061009e+00
7.298944765317623151e+00
8.982868979694117684e+00
6.792466758534621896e+00
8.749040480054654623e+00
4.580915852436469926e+00
1.724873025838227392e+01
7.134071031569400034e+00
5.922829840393800893e+00
1.234465386574677126e+01
8.668770441167266583e+00
1.173431816569079267e+01
1.010684434178931568e+01
2.673082214055010120e+00
8.544905283374374605e+00
4.941761952019781745e+00
1.414289427540417599e+01
3.909348128492421193e+00
1.258002960143531546e+01
4.782871663076027069e+00
5.397673445484590715e+00
1.114132266158499007e+01
1.459285370037203222e+01
1.644155940032634788e+01
8.867016929623932953e+00
9.601510970668638123e+00
1.816334063064475757e+01
1.089206177758593874e+01
1.145985162655342826e+01
1.051149559111630971e+01
1.656872210989719818e+01
9.380389997091807430e+00
7.505532510335343410e+00
4.964517806893731233e+00
1.996318593254033757e+01
1.431264151144390517e+01
1.227451641047715825e+01
1.840118811262314225e+01
2.571041743213270614e+00
1.063991093342559502e+01
1.997379069392200179e+01
1.803969380756291585e+01
5.351388636480147731e+00
9.173645196437330895e+00
4.933321363108897017e+00
6.838810338145514756e+00
7.524788927049239184e+00
2.607511846490027096e+00
1.058902636146842546e+01
1.053714553930665865e+01
7.239742295737634947e+00
7.168461587259233880e+00
7.814663713107532494e+00
3.381454168305296992e+00
6.487353020360892231e+00
1.148973939788233878e+01
1.311971434880528520e+01
6.815650995293821346e+00
5.840499855513108685e+00
8.946355320012516543e+00
1.432950000539047686e+01
1.302565064326973143e+01
1.729392540226514896e+01
1.833511060111500512e+01
1.066273418367280712e+01
8.548147263781871175e+00
2.558791943621351095e+00
2.518629725719251411e+01
9.805223623050522974e+00
1.304822483006550371e+01
8.111801880111215723e+00
5.437963495296979310e+00
7.706298066853297435e+00
1.455220128044937233e+01
6.423111468840567717e+00
1.012393557847369330e+01
3.103029921043596318e+00
1.011627319792820323e+01
7.985065605609336536e+00
9.365278347356264632e+00
1.653415065849662113e+01
7.797539138524448354e+00
2.801375367682513051e+00
7.466509311290883133e+00
1.518828390436091880e+01
1.560270614306189252e+01
1.333445277725625466e+01
1.148166589729123821e+01
2.781028389064441608e+00
1.401921745247437379e+01
6.200167011074475987e+00
8.033293643557346542e+00
5.163474222353517717e+00
1.161561551684648208e+01
7.154324103827598869e+00
1.958100033780185356e+01
3.631875900034429616e+00
1.265824732363799043e+01
5.923935068331274145e+00
7.331692726624589262e+00
2.639683256734841166e+00
3.708103795784416690e+01
5.498598275496933141e+00
3.576735453382216878e+00
7.245878170767117155e+00
1.285751633520260206e+01
4.919109526645795150e+00
2.928372449060849814e+00
6.057839129929399213e+00
1.001277127178675563e+01
1.570070364824274733e+01
5.941199881691842322e+00
8.071508892095026866e+00
1.077008130505151406e+01
