7.534147567355997666e+00
1.218526457213811298e+01
3.358776401177910209e+00
7.128270427577449553e+00
7.907115728435001323e+00
7.071725527993259597e+00
9.232893863950337732e+00
2.520528228675835791e+01
1.101026746226723319e+01
2.075397075553974346e+01
4.169573973784643783e+00
8.769120476651297125e+00
1.247084864075996435e+01
1.407543687767669205e+01
4.666659886978790084e+00
6.977605960067760016e+00
4.048193202849608596e+00
1.084192526661107969e+01
1.219083762615993294e+01
1.101073351064704298e+01
7.771260162145805950e+00
9.064114518799767595e+00
8.775793957509840482e+00
9.765467635377767408e+00
2.321115801689523472e+00
1.648219546115941725e+01
1.075674488105216753e+01
1.172436818661601343e+01
4.217165562680944113e+00
8.701933302492220079e+00
4.406907658597362776e+00
1.116574914256381845e+01
9.687422764013476240e+00
1.612998080825419578e+01
1.223944706412096473e+01
1.159110853555788623e+01
6.951184851597730585e+00
6.376748017587027029e+00
1.011524902030378747e+01
9.800314463347739036e+00
1.090569311430026822e+01
8.513643013589003772e+00
1.018402635244475540e+01
1.125063086100015397e+01
2.927266305119844869e+00
8.760995214421610555e+00
3.235751291605280855e+00
1.437847391223030336e+01
7.106186776263372806e+00
1.273209453486630238e+01
5.887178487214665523e+00
8.707294020322787986e+00
4.426911842063614877e+00
7.245245655683748787e+00
1.502675307594867249e+01
7.565106343947859635e+00
5.770117189785267442e+00
1.275052100323536131e+01
1.675641002127622770e+01
1.557450039253192742e+01
8.503127142291795337e+00
8.833387663166158532e+00
6.746584129207493952e+00
7.674084663260527961e+00
8.068046842998795043e+00
9.283477088229300733e+00
1.495251425395315437e+01
5.972411428864130123e+00
1.335453373097268326e+01
1.112701134240114342e+01
2.639727714507022682e+01
5.258892334213003394e+00
6.349584546864043055e+00
8.388968473055275155e+00
3.937337908538467435e+00
3.416066898053915946e+00
4.941577256271028062e+00
9.063074768901975276e+00
9.036751337363314818e+00
1.220144962684912393e+01
5.879133152325498379e+00
1.006278603223359625e+01
1.391740206391114398e+01
1.002058878770316142e+01
9.390663908985173336e+00
8.464139689738596317e+00
6.184390300267883056e+00
4.113849026945969101e+00
3.189796384556698072e+01
1.207349352878437898e+01
9.691699002378090455e+00
2.061033297846867640e+01
8.274113762324271093e+00
9.366305977696324447e+00
5.182844600421955938e+00
8.587360911238800298e+00
7.451178768966436827e+00
2.861325926719302615e+01
2.825255689754534671e+00
9.160597312105579704e+00
6.937841621905802114e+00
8.922929101235782312e+00
4.697713441187245209e+00
1.760294976565942093e+01
7.284041528164435952e+00
6.056902629516303982e+00
1.258763663923264353e+01
1.196434957752916795e+01
1.030446762985337195e+01
2.762957778899655548e+00
8.715526453876551116e+00
5.063270419885411933e+00
1.442559166474873678e+01
4.017047338611576812e+00
1.282809275296268048e+01
3.500699436574516987e+00
5.525038733098320165e+00
1.135913796687989574e+01
1.488574253515239398e+01
1.677697534006368230e+01
9.042829814336023730e+00
9.789900913984965314e+00
1.853898577676448411e+01
1.110487009766191235e+01
1.168417894889715569e+01
6.803395976280564916e+00
1.477591076248919721e+00
8.998995730965212658e+00
1.071682600621864268e+01
1.690709276819158546e+01
9.564885903822490931e+00
7.660650764174414817e+00
5.086320596876094058e+00
2.038126356528326255e+01
3.823948798789378767e+00
1.251599393235782998e+01
1.878242226803607906e+01
6.111592950472725327e+00
1.084774096631152496e+01
1.841243606806493460e+01
5.478162175221602759e+00
5.054720591246429251e+00
9.954955134127256855e+00
6.984801966566234199e+00
1.003313814610239874e+01
7.680178937923768601e+00
2.697312421451782960e+00
1.079586295249239036e+01
1.074297324030819745e+01
7.391159793205296147e+00
7.318901582675997552e+00
7.974209371875499386e+00
3.481536383237098242e+00
1.337957729379809102e+01
5.973519614763865171e+00
9.123477181475621478e+00
1.461641443362340631e+01
1.328344307050952722e+01
1.871479140420918341e+01
1.087101105277249324e+01
8.718819717344183928e+00
2.650399734247852912e+00
3.116092630998146262e+00
9.997280991602062628e+00
1.330651365383759099e+01
8.275743391129458004e+00
5.565843594586640464e+00
7.864275582853458957e+00
1.484416620903097694e+01
1.040113803661538583e+01
1.032187896071366140e+01
3.198899199240392122e+00
1.031407301378432528e+01
8.436371406704651577e+00
8.147114460434302430e+00
9.549511483858838190e+00
1.687171772116593971e+01
7.956835788518275443e+00
2.892727687334372355e+00
1.549476835666520280e+01
1.591871531194636624e+01
1.359906247623371733e+01
1.170644355330259501e+01
2.872104159928374756e+00
1.429912787582094325e+01
6.337801219095025473e+00
8.196059552779736634e+00
5.287839984866498533e+00
1.184317002344256231e+01
7.304570931079988227e+00
8.758648971491119539e+00
5.757729549480479214e+00
1.290800811884326116e+01
6.058022003611858608e+00
7.484380245904719509e+00
2.729392812517476674e+00
3.790861624351004622e+01
1.499268315323659095e+01
5.627252744421961772e+00
3.679693229494139572e+00
7.397380094373906090e+00
1.311162190300307806e+01
5.040324734908804949e+00
3.021577438840649332e+00
6.193642381043122036e+00
1.020864161128944936e+01
1.601897167563259572e+01
6.075507832792463425e+00
8.234845744818855451e+00
1.098047001429303471e+01
