7.581064114122463060e+00
1.189107384315501115e+01
3.317650782369114815e+00
7.181318057087918483e+00
7.945054305603924227e+00
7.125339793948306522e+00
9.210989914867839801e+00
3.492903124712670060e+00
2.310372425211604153e+01
1.929823471574249183e+01
4.172187598941319742e+00
1.276895285605328922e+01
8.773209614656716226e+00
1.214332753162998735e+01
1.667966476889310101e+01
1.354813942391570336e+01
4.688540726121787294e+00
1.302304262978097249e+01
7.032012565014618133e+00
4.045351170734411639e+00
1.189600456571443843e+01
1.084323311096757969e+01
7.812851882615286847e+00
9.052297428317917394e+00
8.779547680544808941e+00
9.707170324807462336e+00
2.259887691596893511e+00
1.563115599545986889e+01
1.061393858063545714e+01
1.148207153723862461e+01
4.221832741101002817e+00
8.709336143515839623e+00
4.419308629710824832e+00
1.098264875335184243e+01
1.836822463432755725e+01
1.532746185509150649e+01
1.136332864357654415e+01
7.005780370583695849e+00
6.431970654115896302e+00
1.002946871617147906e+01
9.739402205445131244e+00
1.074853944535971628e+01
8.529719862732290991e+00
1.105882776823877833e+01
2.851657821006409410e+00
8.765491204611874920e+00
3.186016224509595762e+00
1.381164314554775352e+01
7.159463864418210477e+00
1.237339162814049587e+01
1.469155794074193366e+01
5.938009847220856230e+00
8.714436689047104778e+00
7.296901651640161468e+00
1.437396083664591373e+01
7.611402301538594983e+00
5.819267969980298716e+00
1.238959555470953866e+01
1.586739595650562507e+01
1.484783982780026967e+01
8.519661829491059990e+00
6.802155109872745520e+00
7.718018551505383407e+00
9.258412001882749820e+00
1.430965237437980520e+01
6.024316115342500666e+00
1.291924211526036714e+01
9.317005257240866811e+00
1.094784536250186768e+01
2.412149295480855571e+01
5.297965319926499106e+00
6.404678259728564527e+00
8.410292783804210970e+00
3.378715603094707198e+00
4.972182858036029884e+00
9.051317606389536863e+00
9.026502312425179753e+00
1.190539254077632236e+01
8.821079193958613729e+00
6.124562967548786041e+00
1.341053398426916665e+01
9.942512722531525071e+00
9.358692082093991615e+00
8.482347294148107508e+00
6.238405219049082184e+00
4.113997598965557501e+00
2.881441975981363157e+01
1.179211357824472373e+01
9.638845022864007461e+00
1.917525383238049841e+01
8.299924290872983335e+00
9.335928409669998373e+00
8.600149293680528828e+00
7.499649694427409585e+00
2.601268467284965169e+01
2.738825177116607001e+00
9.143101194634793316e+00
6.992527009746732247e+00
8.918999958494394420e+00
4.720645868261934552e+00
1.659575411224045283e+01
7.335169815759052803e+00
6.109744776496929042e+00
1.224625348043667472e+01
8.841762698053740266e+00
1.020271793577923880e+01
2.668843012158533590e+00
8.722268151712100348e+00
5.097324000225023077e+00
1.385257419631094855e+01
4.012753075588262774e+00
1.245777884713535855e+01
4.931756297181046911e+00
3.468685114621215870e+00
5.569909435016274557e+00
1.115605088482719331e+01
1.425179425337911709e+01
1.588510671570850263e+01
9.032234086898261793e+00
9.729773016212488912e+00
1.739974527492444878e+01
1.092794222740300292e+01
1.144628483132022012e+01
6.858781754710726375e+00
1.500078457188332770e+00
8.990879337640855340e+00
1.057779818159757568e+01
9.521092088726076597e+00
7.704890863553530700e+00
5.120999056003301853e+00
1.897909480444148400e+01
3.810139397390145177e+00
1.400327814845056551e+01
1.218312962360631779e+01
1.760864618752900768e+01
6.164974054925872693e+00
2.551334653829943289e+00
1.069621552005223997e+01
1.898839171991773611e+01
1.729111937382612396e+01
5.522098122404226928e+00
9.324968227662708387e+00
5.088540111588303994e+00
9.882106320405172895e+00
7.039154587494423687e+00
9.954051864435715657e+00
7.723972511875785152e+00
2.593497536409511195e+00
1.064932631260138152e+01
1.060147371834916896e+01
7.440657285918628183e+00
7.369527272373555427e+00
8.010178872148591367e+00
3.448337185719469122e+00
6.684460663157587135e+00
1.147344998428453167e+01
1.294114399914365166e+01
7.015858840674049191e+00
9.108193580689340152e+00
1.285704608397369419e+01
1.663551160321912903e+01
1.755061717367682306e+01
1.071723260808918710e+01
8.725400529261779781e+00
2.537481227361227720e+00
2.355063413123430394e+01
3.057191064540557779e+00
9.921072063051095569e+00
1.287723401199285789e+01
8.301492590411063688e+00
5.611497770090921655e+00
7.903414182424326917e+00
1.421575933082411503e+01
6.619363113271836241e+00
1.029094594878910129e+01
1.021862262169091728e+01
8.455747001978869193e+00
9.506790238970584284e+00
1.596668704602246436e+01
7.993325711203453920e+00
2.813642897942330467e+00
7.666195880604109725e+00
1.477892212045679443e+01
1.514514913205599989e+01
1.313291706467674835e+01
1.146611303383149583e+01
2.790859293785520112e+00
1.374269189811666614e+01
6.392834712566155986e+00
8.224729553350631051e+00
5.327601184163237136e+00
1.158773937685174893e+01
8.763262131166317914e+00
5.806688622901519992e+00
1.864398277123661174e+01
3.717155597947482182e+00
6.110875718400833101e+00
7.532248094228110702e+00
3.393837283259186677e+01
1.434445076291868304e+01
3.658147058903995497e+00
7.446774982357641015e+00
1.270657349843605743e+01
5.073747366161459382e+00
2.954728591067821153e+00
6.247730969547944824e+00
1.011507269390877362e+01
1.523168071972123272e+01
6.128539342596853956e+00
8.262113920017235102e+00
1.081596958085363447e+01
