1.198800603960040867e+01
3.321739302517394243e+00
7.034129366861782806e+00
7.795720120791798990e+00
6.978828954684671793e+00
9.092699986177292359e+00
3.486975149170438826e+00
2.479923367759372255e+01
1.083455584346182832e+01
4.129505628559235753e+00
1.296812667060198088e+01
8.638825964171681804e+00
1.226853052260758403e+01
1.741182091951672462e+01
1.384560967568948975e+01
4.620412987247643599e+00
1.325360627251942525e+01
6.886775521366702790e+00
4.009263269608394076e+00
1.066941365143084752e+01
1.199347977594605652e+01
1.083501307624951160e+01
7.662877050261137413e+00
8.927495902808686878e+00
8.645355388320329126e+00
9.614217778300986339e+00
2.265877499576305354e+00
1.621293808381942370e+01
1.058586461968004500e+01
1.153541043103500385e+01
4.176605335469794511e+00
8.573091514277919600e+00
4.364159954301944921e+00
1.098710947416505590e+01
9.537770912912051813e+00
1.934838427278206296e+01
1.586640468878225185e+01
1.204122395054747940e+01
1.140458501503412947e+01
6.860933086739756881e+00
6.298873982383159209e+00
9.648353600852377809e+00
1.073196562535540011e+01
8.388894336827089404e+00
1.002433850072039334e+01
8.630876156100798724e+00
3.197748609196429559e+00
1.414358701674518315e+01
7.012532014293976879e+00
1.252519814124400277e+01
1.514211311973389584e+01
5.819389800176988814e+00
8.578336164877134351e+00
4.383914077683487065e+00
7.148523723262424134e+00
1.478114872551832804e+01
7.461298318278900332e+00
5.704650775223875314e+00
1.254330338332104766e+01
1.648274527187954064e+01
1.531993640543379875e+01
8.378607953206820724e+00
8.701707681458485055e+00
6.660790099276341358e+00
7.953089534859117293e+00
9.142218176726492729e+00
1.470813056796673202e+01
1.313689798698518452e+01
9.203496780607865801e+00
1.094909877636014173e+01
2.597280869273648207e+01
5.203027131466069655e+00
6.272283475611216019e+00
8.266946101616175824e+00
3.899286585015199424e+00
3.379291866429911195e+00
4.891110223601019769e+00
8.926478278730559879e+00
1.200390272564243155e+01
5.811505323761884334e+00
9.905519457545008066e+00
8.688170835357709620e+00
6.000048697457796010e+00
1.369022778846832544e+01
9.864169293345032230e+00
4.074324777167736222e+00
3.138880515515741010e+01
9.541959393119416433e+00
2.027571190002810297e+01
8.154612853327982691e+00
9.223309715438638534e+00
5.128318129999108521e+00
8.461006054029073908e+00
7.349897902065381849e+00
2.815462137884567184e+01
2.776689226181997316e+00
9.021930874604288775e+00
6.847881861635587875e+00
8.789325783331339181e+00
4.651014357730138826e+00
5.985680460620973697e+00
1.238326618876201657e+01
8.709513230970937769e+00
1.177104772482571349e+01
1.014239274561285598e+01
2.710478750966232919e+00
8.586390407025890070e+00
5.010793304944633597e+00
1.418992111073261064e+01
3.978380668649418084e+00
1.261952518163059089e+01
4.852480776938740803e+00
3.464129466874116492e+00
5.464295007535820758e+00
1.117689165915363958e+01
1.464245812581455475e+01
1.650298057041241861e+01
8.906664376292088292e+00
9.638152364881246825e+00
1.823693798782698394e+01
1.149595362208908433e+01
6.716368679300700251e+00
1.495256807630832574e+00
8.863765156587318117e+00
1.663101156293648941e+01
9.417758603104486426e+00
7.554722276893251376e+00
5.033453950475800909e+00
2.005022906855730724e+01
3.786614849448816766e+00
1.436062348485483220e+01
1.231288135935258410e+01
1.847652746521298894e+01
6.039249120361220413e+00
2.597086978803889945e+00
1.067511827197700747e+01
2.006091463352989024e+01
1.811239050182901877e+01
5.418297981613796388e+00
9.211832836845230688e+00
5.002387270160565613e+00
9.799857685904516558e+00
6.893813815397687783e+00
9.876466495995144257e+00
7.573817031901392660e+00
2.638502756212794509e+00
1.062423248043938351e+01
1.057235751259717205e+01
7.291209149217221075e+00
7.220550907254398965e+00
7.861327742097430793e+00
3.444937584660083374e+00
6.545463307226381922e+00
1.152590246297831911e+01
6.870860183191316750e+00
5.903993574446551484e+00
8.985597352842827235e+00
1.437757801535700253e+01
1.306702297615500186e+01
1.736126891243399584e+01
1.840996478343480547e+01
1.069794428534485498e+01
8.589612405556795949e+00
2.582792461046854893e+00
2.531449971339007021e+01
3.076482102375222460e+00
1.308969876447901193e+01
8.156206645598480520e+00
5.504327722600447004e+00
7.753829493505071113e+00
1.460156695769808444e+01
6.481782152724107959e+00
1.023716027483274438e+01
1.015946049592783851e+01
3.160481361357849295e+00
1.015180853848462483e+01
8.313311063362432307e+00
8.030411139814818355e+00
9.402702266400927655e+00
1.659620348287664271e+01
7.844338819908331040e+00
2.847240682200250728e+00
7.516028217683897061e+00
1.524150375177334382e+01
1.565855880038074055e+01
1.337726469886785274e+01
1.151781228571122817e+01
2.825771094190915989e+00
1.406556246349955508e+01
6.260748270592607412e+00
5.231458360499309457e+00
1.165205554010195144e+01
7.206537335078961881e+00
8.628580589089070330e+00
5.692506515156617652e+00
1.966514233524784672e+01
3.698713435071605549e+00
1.269805369735188982e+01
5.986776948336284931e+00
7.382363137363785022e+00
2.674096291435299477e+00
3.730725339938581442e+01
1.474763879457537463e+01
5.564563783040561873e+00
1.289815106207425544e+01
4.988232672058921402e+00
6.119602945945311845e+00
1.004846443279843271e+01
1.575719122018686846e+01
8.116208855460479654e+00
1.080532252564755069e+01
