7.320296626012059882e+00
1.213873452805682440e+01
3.250426133735941026e+00
7.694567564873079135e+00
6.859139768147650251e+00
9.043284532481299820e+00
3.406520257595216705e+00
2.619396691799782673e+01
1.089458467377547635e+01
2.137007308975339015e+01
4.023956635981719820e+00
1.320305219339871883e+01
1.244280985797951189e+01
1.806656769334254165e+01
1.415963585371154387e+01
4.503020163859223324e+00
1.351394255638379605e+01
3.907444747786380734e+00
1.071744484624655769e+01
1.214466303314636697e+01
1.089507551764172177e+01
8.869959146760020730e+00
8.574968620581154610e+00
9.593222065476872729e+00
2.308486805605529657e+00
1.675083021251592186e+01
1.164925997789646850e+01
4.069692910520671170e+00
8.499623268319313141e+00
4.252320852427772913e+00
1.105846852779190925e+01
9.512353390573483836e+00
2.019465843128238802e+01
1.637086081064426324e+01
1.219638217645308309e+01
6.739423060518067388e+00
6.171509951069774402e+00
9.956779702415841982e+00
9.629359769652426237e+00
1.078450754129074696e+01
8.307961908307335719e+00
1.002847413336213300e+01
1.114804433422616015e+01
2.846841433276945832e+00
8.559865071602477116e+00
1.448507408595183144e+01
6.893401966298138284e+00
1.557731142318009177e+01
8.505088663425437900e+00
4.271600367054528391e+00
7.031825853889670519e+00
7.351282365505342753e+00
5.576045635689655278e+00
1.274110010776726476e+01
1.704678626333194558e+01
1.577205178244570405e+01
8.297275263557235547e+00
8.633783530051866606e+00
6.536664658245660675e+00
7.460471089066469830e+00
7.856735848261164890e+00
9.095321462339082785e+00
1.510231259471018816e+01
5.774156843039206954e+00
9.159770310953309291e+00
1.101761327709411020e+01
2.748659365197152127e+01
5.077338112020832739e+00
6.144756143108455859e+00
3.801218295402786218e+00
3.304622955041587762e+00
4.769162914983924750e+00
8.868892851872448801e+00
8.841903362688318779e+00
1.215595248514164872e+01
5.682751780841564404e+00
9.902136580053266357e+00
8.619650359034014997e+00
5.871431016656958768e+00
1.399004387110326242e+01
9.858214425928144564e+00
9.205726394420233660e+00
8.257670784706107270e+00
5.982240160071972568e+00
3.345418285925620694e+01
1.201988240483039938e+01
9.516781925384517393e+00
2.121453499354513283e+01
8.064999370609324814e+00
9.180620806907503706e+00
5.003385550676926030e+00
8.382928876227678572e+00
7.237326260662714006e+00
2.989025479546154784e+01
2.753763006463648022e+00
6.726183112816348952e+00
8.725333954087652444e+00
4.533041872478186463e+00
1.796107931716896644e+01
7.070493349426401508e+00
5.857034593849468784e+00
1.256731430225159585e+01
8.641934295865601356e+00
1.190391407888881758e+01
1.015418196071866141e+01
2.698052428404318359e+00
8.513482788157926251e+00
4.887227046509101669e+00
3.877581237315965268e+00
1.282391801802089226e+01
4.731106325782062250e+00
3.384852496120433152e+00
5.336625150149592045e+00
1.126265790498470487e+01
1.503046952261875902e+01
8.848134619647943566e+00
9.618558525737107345e+00
1.897294707338258135e+01
1.099426886706208428e+01
1.160666042228681860e+01
6.592909965476576595e+00
1.480891255314990884e+00
8.803212556005052036e+00
1.058601952393942547e+01
1.720946190204098869e+01
9.385573257368982070e+00
7.447001465494994754e+00
4.909607233749460953e+00
2.096650913028465979e+01
3.692759229966442014e+00
1.472227194391152416e+01
1.249092780964770455e+01
1.923623531151925192e+01
5.910723294357282498e+00
2.613141741066468349e+00
1.072355910176709770e+01
2.097826246309498543e+01
1.883609716473531037e+01
5.290903121274189047e+00
9.168542164420308893e+00
4.878927137445272066e+00
9.789949170120856081e+00
9.871274085505735485e+00
7.466582483200491893e+00
1.061347363977132296e+01
7.177369685950290012e+00
7.105256452554391977e+00
7.762126560635161709e+00
3.366670086453816158e+00
6.420099169929311955e+00
1.163899357210712182e+01
1.341361578392147713e+01
6.749495412971302066e+00
5.775243351916012458e+00
8.930867083338188905e+00
1.474080675611687319e+01
1.331071229648942733e+01
1.801105678192190140e+01
1.916308442687260083e+01
1.074802769176389461e+01
8.516841052195388784e+00
2.605229351747489375e+00
2.676147553004707902e+01
3.022157470194017925e+00
9.833964907979000358e+00
1.333540348110095763e+01
8.066649144794896031e+00
5.376443809521046724e+00
1.498574130812977678e+01
6.355817243441152620e+00
1.025522173002995174e+01
1.017237101644837693e+01
3.099766570149268485e+00
1.016421588950926491e+01
8.229478492932361888e+00
7.936564311903058666e+00
9.369683054306600312e+00
1.717126853952083465e+01
7.744625587412791390e+00
2.815144536943174458e+00
7.407339922416161571e+00
1.614304826381019353e+01
1.364871072210779701e+01
1.439983352908908465e+01
7.986031424864418859e+00
5.105503989572305557e+00
1.177526670130409059e+01
7.090963540378124819e+00
8.557470841105203618e+00
5.563928602562439707e+00
2.054297978149386950e+01
3.608432624964095670e+00
1.290927331492496499e+01
5.858133128889478236e+00
7.270516064543355306e+00
2.668691222715786182e+00
3.997773779972078501e+01
1.514553783805380327e+01
5.436401876675227562e+00
3.555093228161818164e+00
7.183581062628345393e+00
1.312690181793926669e+01
4.864953805125325381e+00
2.934053275227853863e+00
5.991333849530525946e+00
1.005414949801304303e+01
1.625114715865824166e+01
5.875295261646019895e+00
8.025259149216971366e+00
1.086320685543889830e+01
