7.489030804676580999e+00
1.198638067034305443e+01
3.355195651055004280e+00
7.091132168011400339e+00
7.853877119005448826e+00
7.035630091448131118e+00
3.520616280940607190e+00
2.438385768695400202e+01
1.085942375380138891e+01
2.015161278763965669e+01
1.294044218236470378e+01
8.694065303519270316e+00
1.225972139898592239e+01
1.724666042378733977e+01
1.379271809428281870e+01
4.660688429017251444e+00
1.321788501468387089e+01
6.943209957047778325e+00
4.045186526106908431e+00
1.069758949267995618e+01
1.199171661600485805e+01
7.721069786874141805e+00
8.980599306962009365e+00
8.700552986504851205e+00
9.659864238999453789e+00
2.298278386185551359e+00
1.608670745640344890e+01
1.061566011387730768e+01
1.154481804272543322e+01
4.213601400010620779e+00
8.628734218103211617e+00
4.402479848780936678e+00
9.584409668373117697e+00
1.911890719127691085e+01
1.575125113201063520e+01
1.203825478583589259e+01
1.141703898775980086e+01
6.917257809586892847e+00
6.352164364668687391e+00
9.997653647801540089e+00
9.693544225243075019e+00
1.075890489571576580e+01
8.445504942882164912e+00
1.006400198660100642e+01
1.109031409676789259e+01
2.918744345530499107e+00
8.686165907761214555e+00
3.231339604292775114e+00
1.408183092909652245e+01
7.069457754267393312e+00
1.250961229166303390e+01
1.504978953227017691e+01
5.869320371750046839e+00
8.633947810620858476e+00
4.422379451561007535e+00
7.205897433013507047e+00
1.470001199340409315e+01
7.519344717316014837e+00
5.753703420205210861e+00
1.252723266080123565e+01
1.634783045057260864e+01
1.522205224003125323e+01
8.435265609796676500e+00
8.756532424033588669e+00
7.626011200644501109e+00
8.011061899655430807e+00
9.193346674067845115e+00
1.462923919823477092e+01
5.953462115478446393e+00
1.310448316402689173e+01
9.254001515090259034e+00
1.097159231598004858e+01
2.551690361015964470e+01
6.325403336445863722e+00
8.324067394849400614e+00
3.934575801683521945e+00
3.412771134489156921e+00
4.933563968426132540e+00
8.954042036233824220e+00
1.200187691706347692e+01
5.861376314614720862e+00
9.947028151269364571e+00
8.743087208443888869e+00
6.051310140892872447e+00
9.906299090228953830e+00
9.297202417875647384e+00
8.397297775280906151e+00
6.162581943080486901e+00
4.110651027656328615e+00
3.074472201609107458e+01
1.187934893012609905e+01
9.588544808792612173e+00
8.212114449322662324e+00
5.172721886479270559e+00
8.517266099977646832e+00
7.407764517310247321e+00
2.762309729246945977e+01
2.814163838654560212e+00
9.074206224747074501e+00
6.904150073576374780e+00
8.843525821999588032e+00
4.691531587443040330e+00
1.715374298931783059e+01
7.243944525185823657e+00
6.036838632050931075e+00
1.237145060267384800e+01
8.764284544254827836e+00
1.177480251015048651e+01
1.018013582713795273e+01
8.641953977449119861e+00
1.412677476526861220e+01
4.014119596706360760e+00
1.260140372617183502e+01
4.894619271806850413e+00
3.497724455515832886e+00
5.511445112143320557e+00
1.119447909880845593e+01
1.456558087664667589e+01
1.636741247221594264e+01
9.683480032763982948e+00
1.804455126814742627e+01
1.095032260586913075e+01
1.150628717266755530e+01
6.772027383004228795e+00
1.481046737340697028e+00
8.917391349106544851e+00
1.057725477241696233e+01
1.649130400715574751e+01
7.612865823413617505e+00
1.979713496970845554e+01
3.821325900851102908e+00
1.429232932801839517e+01
1.230291459922278818e+01
1.827618193972814353e+01
6.090789868239156135e+00
2.641624532249131629e+00
1.070318218275483346e+01
1.980745996344935023e+01
1.792413222083395397e+01
5.465076422022677072e+00
9.262250664393505417e+00
5.045753824085125849e+00
9.842931550421790021e+00
6.950277625148367555e+00
9.918412728938514888e+00
7.631974258128367161e+00
2.680436536776051870e+00
1.065328878334088358e+01
1.060241135784068334e+01
7.348953947533467534e+00
7.278124982089783757e+00
7.919426843468508004e+00
3.478498519543935519e+00
6.600227264576414399e+00
1.153553375675783954e+01
1.312840405916184494e+01
6.927227395595313197e+00
5.954555893930942645e+00
9.038198835375519380e+00
1.430877040687122559e+01
1.303657411819104794e+01
1.719776625510462864e+01
1.821183255762874964e+01
1.072555862875187316e+01
2.628619605726507658e+00
2.488134373032230684e+01
3.110513558675938484e+00
9.883798487202726690e+00
1.305861305697630392e+01
8.213703443120049741e+00
5.551799612041036447e+00
7.812009425464635726e+00
6.536185155550007231e+00
1.027330056466504793e+01
1.019691889242768745e+01
3.194170756128356548e+00
1.018939478511693331e+01
8.370250282863722191e+00
8.088234518653511174e+00
9.450996619888083927e+00
1.645762236190768135e+01
7.574137576751111212e+00
1.514607601748967625e+01
1.555000395493615706e+01
1.152763362915655776e+01
2.862318487044928528e+00
1.400614048447664572e+01
6.313793503397354456e+00
8.135988479977788401e+00
5.276710984540027738e+00
1.165869074101504843e+01
7.264074485816387927e+00
8.683884814133051577e+00
5.741464946504415856e+00
1.942502295515990340e+01
3.733032444793021654e+00
1.267780382348312962e+01
6.037943017462663597e+00
2.714477025136654120e+00
1.466753328650797350e+01
5.612516516184841819e+00
3.677064241881321305e+00
7.355049909473511782e+00
1.287240931615852269e+01
5.031482825811968596e+00
3.014737564837517425e+00
6.171704496856769140e+00
1.008774243881413568e+01
1.564550941552178109e+01
6.055193956161240898e+00
1.083078607543145644e+01
