7.425961425332908483e+00
1.185647010707125304e+01
3.351293542810773296e+00
7.036630728990492578e+00
7.783129114911683466e+00
6.982332209909476894e+00
9.049078167640002945e+00
3.518575631142590421e+00
2.420525550677528415e+01
1.074035300573495810e+01
1.998452717738475570e+01
4.163714121601982399e+00
1.280340892890770021e+01
8.606794622840620690e+00
1.212760872857394290e+01
1.708900565325488685e+01
1.365043267919371495e+01
4.653073700080455843e+00
1.307904412057605725e+01
6.891917830938484535e+00
4.043462271400849239e+00
1.058035118674116148e+01
1.186176167391310976e+01
1.074079592424915219e+01
7.653090397541681966e+00
8.613162706830161497e+00
9.556388010498114483e+00
2.240287201504317149e+00
1.049937957984239389e+01
1.141878910628287258e+01
8.542675457856436338e+00
4.397917488783940954e+00
1.088810658653817320e+01
9.482079833262494262e+00
1.895496798108889891e+01
1.559942623372125503e+01
1.190791519931927844e+01
1.129221578075450871e+01
6.866529060164858755e+00
6.313620918357119471e+00
9.889294542953956935e+00
9.589562898176762218e+00
1.064096314741397009e+01
8.362916494263554767e+00
9.954730978721942236e+00
1.096875989871986690e+01
2.901322245514318610e+00
8.599041034774989711e+00
3.225178070370994021e+00
1.393794613731919796e+01
7.015426197773005690e+00
1.237560586421629338e+01
1.490106986340178885e+01
5.840811885094334244e+00
8.547791834594494986e+00
4.417608108341213757e+00
7.148911719758048733e+00
1.455295670343876679e+01
7.455629324537390801e+00
5.727505166023886041e+00
1.239309672580150945e+01
1.619356813326655598e+01
1.507254294026281904e+01
8.352874097872097892e+00
8.668115878111082750e+00
6.669802705472342552e+00
7.560033083276560539e+00
7.937083887210047983e+00
9.097286915427204690e+00
5.923246097978516644e+00
1.296636870319957069e+01
9.156933254773475639e+00
1.085129635131156078e+01
5.231321078430152482e+00
8.243834246857284498e+00
3.933312827720713667e+00
4.922034725848029701e+00
8.887188394532321567e+00
8.862088043931080961e+00
1.187183763016593829e+01
5.833027945233880907e+00
9.839375161983053175e+00
8.654916215693218007e+00
6.019083692033036392e+00
1.350048527945408061e+01
9.799220703784895292e+00
9.199423882408114039e+00
8.315639204461845679e+00
6.128040652866411087e+00
4.108550898948154284e+00
3.055087797718091736e+01
1.175034079047141411e+01
1.984832362961139651e+01
8.134089353394996280e+00
9.176215660301693333e+00
5.157298683299232245e+00
8.433306246135680695e+00
7.346432753347563072e+00
2.743654022343467958e+01
2.789578952528448230e+00
8.980165444918796425e+00
6.853705867436663546e+00
8.753534988530704553e+00
4.683506817614636830e+00
1.699642544320824200e+01
7.186137010140114079e+00
6.004911086403772913e+00
8.675726690256086115e+00
1.164669895302213298e+01
1.006930514946062161e+01
2.718733547513013438e+00
8.555648881996072319e+00
5.040783168039244089e+00
1.398264848153753448e+01
4.012547773024575548e+00
1.246672821407654475e+01
4.883685971449359897e+00
3.495492096235367274e+00
1.107185254518121553e+01
1.441918874185193289e+01
1.621307289201350343e+01
8.867884240488470127e+00
9.579649211784284191e+00
1.788410902101291455e+01
1.083025621342518185e+01
1.138061770096604342e+01
6.724449796716671202e+00
1.504513090180572110e+00
8.826083783717074027e+00
1.046143033552952950e+01
1.633647933401017838e+01
9.365387151137563038e+00
5.063256106036582160e+00
1.963110895179955051e+01
3.820281448988796402e+00
1.414732907593100464e+01
6.057745378009548709e+00
2.591178283824253636e+00
1.058587924446628747e+01
1.964140279745366868e+01
1.776409911477259129e+01
5.444428364552822863e+00
9.165046261702853414e+00
5.032445909275441664e+00
9.736758777659980879e+00
6.898832075082646398e+00
9.811162834687477741e+00
7.565870158411449609e+00
2.639422409706473349e+00
1.053656580620301142e+01
1.048628764617725651e+01
7.288884386343335464e+00
7.847325318936541727e+00
6.556365943082289149e+00
1.140959111530141712e+01
1.299013496946027857e+01
6.876282222999131832e+00
5.924317545190407763e+00
8.944778085645967991e+00
1.416368466399380210e+01
1.704028858048656758e+01
1.060799804211590747e+01
8.558791926162767183e+00
2.573380419747105741e+00
2.470148478009385329e+01
3.101176675838398289e+00
9.777040042177011614e+00
1.292079723796022428e+01
5.529520071857865204e+00
7.742130556704385214e+00
1.437974724524461578e+01
6.493703452445643620e+00
1.016125178447611077e+01
1.008586662149522972e+01
3.187148757231746732e+00
1.007844173993480119e+01
8.289116402352076918e+00
8.012691234886382574e+00
9.350743963294947392e+00
7.830703550444170880e+00
2.863910046572447854e+00
7.509257746665571887e+00
1.499691266132350265e+01
1.539904113523363449e+01
1.319841761954983816e+01
1.140176457719960901e+01
2.841385640883503427e+00
6.276065225847143658e+00
8.059483873565135070e+00
5.259482104828475002e+00
1.153161966299122199e+01
7.205832610500003454e+00
8.596802083313127341e+00
5.715508600197860112e+00
1.926013161551122010e+01
3.731955356529354617e+00
1.254258173668963394e+01
6.005992679641840581e+00
7.378261021724243029e+00
2.679074802397650501e+00
3.624968381511001780e+01
1.452063696729414843e+01
5.589075396857084321e+00
3.675863163539151213e+00
7.294849346988191208e+00
1.273583548124642917e+01
3.001952381392250402e+00
9.978148837901430923e+00
6.022887200154571019e+00
8.096558801245899772e+00
1.071203395099487743e+01
