7.606785647810395901e+00
1.216820760243733268e+01
3.334535557801577177e+00
7.176053793611256282e+00
8.000175003402899776e+00
7.115908396088922672e+00
9.365313447462241925e+00
2.325555769326195232e+01
1.108845226214572932e+01
1.952853221745638024e+01
4.098725225949716666e+00
8.894871378184616262e+00
1.242537007741469424e+01
1.384329929107463641e+01
4.593235076775356696e+00
7.015750904861821624e+00
3.980541577863171199e+00
1.093036191191702855e+01
1.217324320340632582e+01
1.108888861049274865e+01
7.857222049753178617e+00
9.195089552951184686e+00
8.901699906467767320e+00
9.894807289136794637e+00
2.207469211475519000e+00
1.591678558416134592e+01
1.084999909632696635e+01
1.174917794674354532e+01
4.145363459699414221e+00
8.826030901196995515e+00
4.332868608788978726e+00
1.123363320529267284e+01
9.817944646746195048e+00
1.561592132793339971e+01
1.221713506827519424e+01
1.162700624385660042e+01
6.987626934557074954e+00
6.376244217926557489e+00
1.023623851594076584e+01
9.929045435470555958e+00
1.099035913304046908e+01
8.632235432287869159e+00
1.030279585024418765e+01
1.131256671267006020e+01
2.959524599442880710e+00
8.886555089774905269e+00
3.224863054546293739e+00
1.410712782739193116e+01
7.152566747844653072e+00
1.265913989773768833e+01
5.857540256961828007e+00
8.831529659016295497e+00
4.352775365709500299e+00
7.300392453920056646e+00
1.466843386253738757e+01
7.639544162485260692e+00
5.734167092469855120e+00
1.267557860848778795e+01
1.615056763139992313e+01
1.513991927757249378e+01
8.621375304888935887e+00
8.960562042340518119e+00
6.769781749448806174e+00
7.754719306263285539e+00
8.168923816871533461e+00
9.416105110377293030e+00
1.460434814310554508e+01
5.947555835258319767e+00
1.321116267219792739e+01
1.119753462739951644e+01
2.425057765228098106e+01
5.199802768897521688e+00
6.347377595039677800e+00
8.503238564790960297e+00
3.873624361835370511e+00
3.386279314274851959e+00
4.872810710765981490e+00
9.194037363479768743e+00
9.167384689008486021e+00
1.218282985513462968e+01
5.849051282713114475e+00
1.018534263057377132e+01
1.370529653465517050e+01
1.014432597841844874e+01
9.523387933638611358e+00
8.581078532758267485e+00
6.172007250939958389e+00
4.044328585166945267e+00
2.883338132627635986e+01
1.206706430299529309e+01
9.822162599779991510e+00
1.940783793026987780e+01
8.383951274898263861e+00
9.499049557707637703e+00
5.121061187569358353e+00
8.708258794693168880e+00
7.518915271689371238e+00
2.609825671437673122e+01
2.874766592676287758e+00
9.292538593188670148e+00
6.973422680316278210e+00
9.051824429649407477e+00
4.624620335531736792e+00
1.687011702583778572e+01
7.341600312127745553e+00
6.036926917410705862e+00
1.253004127735269435e+01
1.196801296634437506e+01
1.041890211341495487e+01
2.823108958313034655e+00
8.839972022029042975e+00
4.997715823726174733e+00
1.414806065437054272e+01
3.950400837360677375e+00
1.274471337543667104e+01
3.463447492642311776e+00
5.476998512603216795e+00
1.141314702430774730e+01
1.454666804870939778e+01
1.616808562542894379e+01
9.173541635046671416e+00
9.918819001215323894e+00
1.766259168986584172e+01
1.117688035981299954e+01
1.171238341319760856e+01
6.830275783740845874e+00
1.521810823931076584e+00
9.129108957609334496e+00
1.081225031095725697e+01
1.627887603457670096e+01
9.696757548058222653e+00
7.740533739816209291e+00
5.021447031215439338e+00
1.921528205267942724e+01
3.765344811244535794e+00
1.246586420962867336e+01
1.786824329029673208e+01
6.094842788540047351e+00
1.093583950493098023e+01
1.755561638423905535e+01
5.428005992623667453e+00
4.988919124162077168e+00
1.008038623829866687e+01
7.023410180517823953e+00
1.015653169502159514e+01
7.761153393071132278e+00
2.766551891067556390e+00
1.088693616841923095e+01
1.083698248378524553e+01
7.455284818001078229e+00
7.378613001242460001e+00
8.070609681413490222e+00
3.445900694999120883e+00
1.323324225361497852e+01
5.948727162938385327e+00
9.255090885476523255e+00
1.431360610990032889e+01
1.314843428656888946e+01
1.781112653008653268e+01
1.095774510228135235e+01
8.843348565470581235e+00
2.715461233156335918e+00
3.120225909789154262e+00
1.012163961820979985e+01
1.316879954105449180e+01
8.385646710078754396e+00
5.519699699334870147e+00
7.955143401929544389e+00
1.451073308719278998e+01
1.051168718321333984e+01
1.043564013909175259e+01
3.192415197392450388e+00
1.042813749834004255e+01
8.552346337575411184e+00
8.251575995620440196e+00
9.681508724670054633e+00
1.624876328561708050e+01
8.052381873871702567e+00
2.930703891275721507e+00
1.507142749364362722e+01
1.543511405834293093e+01
1.342636108715583454e+01
1.173277271699333646e+01
2.913564275848154139e+00
1.403814469657172204e+01
6.334857794975297551e+00
8.302650046637559456e+00
5.229833114994172583e+00
1.185769556141593739e+01
7.363399165746512764e+00
8.884153227487878723e+00
5.721130302031770754e+00
1.281582280309205579e+01
6.038111804371182778e+00
7.554091415802351328e+00
2.794781804083493526e+00
3.383141437445573274e+01
1.463902921611503949e+01
5.584054285335405154e+00
3.629302812446840942e+00
7.461881804509631344e+00
1.299649916819224771e+01
4.974114683863868791e+00
3.039100750248208360e+00
6.181819973065961094e+00
1.032657123123561504e+01
1.552095003151301000e+01
6.056623807634164969e+00
8.343072845933704684e+00
1.106053880055192984e+01
