7.496310693811066628e+00
3.410430893122466944e+00
7.051168066376193089e+00
7.905419260688796967e+00
6.989361744219671380e+00
9.320123709316279204e+00
3.559200614837367826e+00
2.130255619317117421e+01
1.102858765116785733e+01
1.827832675331994494e+01
4.111419788027791178e+00
1.284061745522624776e+01
8.835849493411616962e+00
1.227204597869632252e+01
1.616025243396372701e+01
1.352882710374072062e+01
1.306721906082314177e+01
6.886671356854424886e+00
4.007635265908043642e+00
1.087689260538436287e+01
1.204253623517995564e+01
1.102900489969485776e+01
7.756583868087226108e+00
9.145533202959059693e+00
8.842914921158348207e+00
9.857383448420387495e+00
1.529604569039834416e+01
1.079937762719327132e+01
4.152361042767975796e+00
8.764572095294528964e+00
1.116697755601176212e+01
9.779998563727591687e+00
1.753104244775338572e+01
1.208264343718571254e+01
1.153764582687935736e+01
6.857891442446924835e+00
1.019838863580997668e+01
9.891783153720732358e+00
1.093458621277663312e+01
8.563497117270161496e+00
1.026432058547371184e+01
1.124185449704700623e+01
2.915076017266554853e+00
8.827243483956804582e+00
3.291453526335986535e+00
1.375747999237234609e+01
1.248302239312806705e+01
1.450916569228778208e+01
5.728160761459458072e+00
4.334912966694580483e+00
7.179244653316413149e+00
1.423975292064825915e+01
7.530310092148431167e+00
5.608708976996449103e+00
1.249779532479739252e+01
1.549187516607883452e+01
8.552213291335812428e+00
8.903780936739021712e+00
6.635865276978694105e+00
7.649965597628302305e+00
8.081224961588496569e+00
9.372057851744928669e+00
1.418495514386460066e+01
5.815863496113430564e+00
1.297492240417095211e+01
9.436065732045232579e+00
1.113264898185789065e+01
2.210544604328731921e+01
5.101985334927960913e+00
6.210634964723127815e+00
8.429380611224274844e+00
3.913426334285179387e+00
3.463196123053387865e+00
4.800817136083344039e+00
9.144451579514431216e+00
9.117043814380854982e+00
1.205130186971207173e+01
5.719913499018463909e+00
1.014784930342448810e+01
8.889178344230131756e+00
5.918632474372776286e+00
1.340866441584867808e+01
1.010704395676763490e+01
9.481493957150542329e+00
8.510331916018404996e+00
6.036470444785733136e+00
4.063670064492490575e+00
2.578995478924573348e+01
1.194523828534279097e+01
9.784250834477070669e+00
1.817975649044662845e+01
8.305221010873403031e+00
9.456698824847160623e+00
5.028839211992132796e+00
8.642442926160612160e+00
2.359317447080628938e+01
2.725610964566938854e+00
9.245580517769228734e+00
6.843365478653018918e+00
8.998006458681055975e+00
4.576643573926842734e+00
1.609152625345191012e+01
7.221775008619155223e+00
1.236672106915469627e+01
8.912195622772015824e+00
1.185411420456063603e+01
1.037889926004183216e+01
2.564165978438616378e+00
4.915056183161812697e+00
1.379283563376651855e+01
3.981124134972688466e+00
1.255983673535368261e+01
4.764299090077783738e+00
3.539068988381401493e+00
5.362626890269513780e+00
1.413557920641695453e+01
1.550652796821406021e+01
9.123376806725577381e+00
1.111298327429705424e+01
1.161729010583091259e+01
6.697353076582007070e+00
1.530596214477157657e+00
9.077652283113351928e+00
1.076287237243499284e+01
1.559913169020794221e+01
9.657551302683224037e+00
7.635219206508816470e+00
4.936872251575681325e+00
1.802238538044572280e+01
3.817275453676143293e+00
1.392265653037261686e+01
1.230871399551399215e+01
1.691700824539741177e+01
5.960326611696536325e+00
2.027959818486254839e+00
1.802984816648911703e+01
1.665913986772767430e+01
5.316207120339390357e+00
9.444750588542563108e+00
4.906978474790610001e+00
1.004329961651882464e+01
6.894513581023333337e+00
1.011919385088875778e+01
7.656654814168202705e+00
2.298320861373273072e+00
1.083503960667745147e+01
7.260008459094486000e+00
7.978791419134598328e+00
3.522068973043099405e+00
6.508748950211788120e+00
1.164328620575324180e+01
1.299442788195236176e+01
6.868944244601054017e+00
5.817007710870286452e+00
9.207164723491107594e+00
1.393551424911336589e+01
1.291943965481480205e+01
1.612409768801609644e+01
1.686993824230469130e+01
1.090324319789231211e+01
8.782510922650629936e+00
2.165533579443612311e+01
3.164077841659686197e+00
1.008444553180682668e+01
1.293746356824378374e+01
8.306986406966895942e+00
7.858520788243935407e+00
1.410479074945006062e+01
6.438856764543709588e+00
1.047006021300906475e+01
3.253753289390386438e+00
1.038798911399135072e+01
8.480458576645643731e+00
8.167340254626527241e+00
9.642107050841099536e+00
1.557397325336201099e+01
7.959801804678453330e+00
2.857698780430619756e+00
7.591773509524638364e+00
1.458294034507546577e+01
1.316452116767882963e+01
1.163626907555947909e+01
2.820559193699605949e+00
1.369782480710689754e+01
6.198151687541544774e+00
8.220546992051058766e+00
5.129986283651280843e+00
1.175220917509994223e+01
7.244289162074279531e+00
8.824757701152215361e+00
5.596138422270257706e+00
1.775309205538857782e+01
3.742224892371891265e+00
1.262350458985237189e+01
5.904544982764942773e+00
7.441655644896808752e+00
2.447709110741673300e+00
2.979371209109628893e+01
1.421461785183058701e+01
5.464578949859916435e+00
3.694463266956264036e+00
7.346130200795752074e+00
1.278463025558099808e+01
4.893395136351222696e+00
3.049784997597996483e+00
6.046175327553677370e+00
1.028782853448289281e+01
1.496317716548909793e+01
5.922728397622400998e+00
8.262650813811138306e+00
1.100187950426877492e+01
