7.548578834719770647e+00
1.199558247792226418e+01
7.125605410597017908e+00
7.934243695735612611e+00
7.066480514032035920e+00
9.268628540225263279e+00
3.443984391522126653e+00
2.274447584755071006e+01
1.094649456781141694e+01
1.913274092305829654e+01
4.069360502547508140e+00
1.286078755967414544e+01
8.809404803627401748e+00
1.663637494947023399e+01
1.362123131295126477e+01
4.566748110054084542e+00
1.310943579737079467e+01
6.967986339338322566e+00
1.079277553083688801e+01
1.200047228744017325e+01
1.094691880225832747e+01
7.794164205338847573e+00
9.102531612946476614e+00
8.816074805104047840e+00
2.161361233730024978e+00
1.563194765463689961e+01
1.071462091535294725e+01
1.158860334955259752e+01
4.116449861833631374e+00
8.742155052273000493e+00
4.305363518708709591e+00
1.108763084759905659e+01
9.709943116859049539e+00
1.824762593552538448e+01
1.534025485622762908e+01
1.204309247394967031e+01
1.146991226320957580e+01
6.337948074240092211e+00
1.011737976762142388e+01
9.818195365084994464e+00
1.085111797118616828e+01
1.018217762484810329e+01
1.116435375932205254e+01
2.895025965625607434e+00
3.175363973577690846e+00
1.387714302125902144e+01
7.102518784880752278e+00
1.247220608071515713e+01
1.472808703809542941e+01
5.825244274078111850e+00
8.747527247911687454e+00
4.325384445892498597e+00
1.442152604078419387e+01
7.580716455432613188e+00
1.248816258683110902e+01
1.585859238408642646e+01
1.487872675574200620e+01
8.542146718751906675e+00
8.873564982294775305e+00
6.725902998028900903e+00
7.693675712516942156e+00
8.099507348671622253e+00
9.318174609577798861e+00
1.435937737054460861e+01
5.914340661773764829e+00
1.300794286105672981e+01
9.379333619865638738e+00
1.105254056895267922e+01
2.370865356469317575e+01
5.172392148100318110e+00
6.309457941585224106e+00
8.426634987161538248e+00
3.841427993023291965e+00
3.342870365752066419e+00
4.846405372245996546e+00
9.101504700683713978e+00
9.075491345272800103e+00
5.816839155589047294e+00
1.006782367312257698e+01
8.859767167733537008e+00
6.018101800212410701e+00
1.348735872384316714e+01
1.002788310904165847e+01
9.422805705035074197e+00
8.502750180703467109e+00
6.136271144558552493e+00
4.014382277775953689e+00
2.814922710914872184e+01
1.189736281478747237e+01
9.714053410727053972e+00
1.901577106338775991e+01
8.309953879279552424e+00
9.399071345421742052e+00
5.093990234633006153e+00
8.627072474631599874e+00
7.462353040893337841e+00
2.549901809254667384e+01
2.803141904441795340e+00
9.197627128637604343e+00
6.926347242979852936e+00
8.962681168945074717e+00
4.598191185331327979e+00
1.655612340256129045e+01
7.288261618332115610e+00
6.002746226676153540e+00
1.234688780915343109e+01
8.881517438025475997e+00
1.180116573272734293e+01
2.746137915363493942e+00
8.755775127517978262e+00
4.971055441907725303e+00
1.391684525023240226e+01
3.919300413736074518e+00
1.255526739036729111e+01
4.806297471899885210e+00
3.422429899442614776e+00
5.447949748856925289e+00
1.126210597468299390e+01
1.587557520366925168e+01
9.081500770395633637e+00
9.808232229513873079e+00
1.732427603315002429e+01
1.103246244470536297e+01
6.785468320562668687e+00
1.535032978996181630e+00
9.038130452152460137e+00
1.067790603447048170e+01
1.598297987597496572e+01
9.591832414427322817e+00
7.679765800589836822e+00
4.994719563030016296e+00
3.731343792091035283e+00
1.406291634574984606e+01
1.228458554169226957e+01
1.752360580831841119e+01
6.060009110605058424e+00
2.641595606158370746e+00
1.079810226339329837e+01
1.883800136864959995e+01
5.399294365380258753e+00
9.387640210632367754e+00
9.965614256751312183e+00
6.975520032579025198e+00
1.003976894652951124e+01
2.682514460303969450e+00
1.075054422902829465e+01
1.070196106087840349e+01
7.399894195398670327e+00
7.324612141577201641e+00
3.404364712599635467e+00
6.602273546255875480e+00
1.157999400644841437e+01
1.302936736883114577e+01
6.950949139311970448e+00
5.915499671908690971e+00
9.161086734244271668e+00
1.407740787065132082e+01
1.294707411985844558e+01
1.659414973138287763e+01
1.746824521989421797e+01
8.759073829389052435e+00
2.624546501727114567e+00
2.316792049842461054e+01
3.065753635345049855e+00
1.000579052054384199e+01
1.296683586036581559e+01
8.311612591331137168e+00
5.490341262340322714e+00
7.890125214345177440e+00
1.426858977133624329e+01
6.534001375668861300e+00
1.038549430468661861e+01
1.031148571752176224e+01
3.141474964600353470e+00
1.030418363661401671e+01
8.474656820231928123e+00
8.180416888017308708e+00
9.576968358384341684e+00
1.595378755200893650e+01
7.985382945107715180e+00
2.863968860525406779e+00
7.638766817841723622e+00
1.481231352797775536e+01
1.516495103482225382e+01
1.321674590467078581e+01
1.157266641475172264e+01
2.845414316051077641e+00
1.381023242578175747e+01
6.297099958118338670e+00
8.230402671206080711e+00
5.202277683894774185e+00
1.169401634995201178e+01
7.309671179036823396e+00
8.798935211799703282e+00
5.690120912803488196e+00
1.851021367034574183e+01
3.646195264446924877e+00
1.262428558196902451e+01
7.496874507155434131e+00
2.714443844190808974e+00
3.299195374260790459e+01
1.439301032197062291e+01
5.554201952613654569e+00
3.592543702572445596e+00
7.406370476451051843e+00
4.947515236723178056e+00
2.980010430080354489e+00
6.145966501127861470e+00
1.524817512557904209e+01
6.022223414629946703e+00
8.269958058646226462e+00
