7.476498025613087073e+00
1.184552676142975614e+01
3.331965720527942043e+00
7.069563143606880651e+00
7.848148726305975487e+00
7.012715818501495946e+00
9.142244001583899049e+00
3.489018135622507177e+00
2.283866763011750578e+01
1.079600430721910165e+01
1.912615935264459566e+01
4.112363387993873687e+00
1.271805309968199893e+01
8.695104146698282577e+00
1.209676747536810204e+01
1.656583405706423306e+01
1.348880454787714633e+01
4.600115205149406528e+00
1.296972446402484280e+01
6.918027756539497197e+00
3.994292635200089148e+00
1.064315489973143869e+01
1.185044212574840650e+01
1.079642649678149624e+01
7.713073714128189096e+00
8.701583650371631506e+00
9.647579424977580587e+00
2.152973700987481642e+00
1.056554210097653090e+01
1.143714095805285069e+01
8.629798344376366614e+00
4.344431992982008772e+00
1.093656623800663930e+01
9.574074682751676946e+00
1.821760318165118875e+01
1.524011370263290388e+01
1.189329335791697062e+01
1.131832183288522664e+01
6.891433809614940564e+00
6.312386409258610165e+00
9.974738247006616376e+00
9.680338726628386681e+00
1.070113689799803147e+01
8.446101140195551693e+00
1.003863776950145237e+01
1.101306484838623412e+01
2.920536465991530939e+00
8.687213319389556432e+00
3.215011417701693741e+00
1.374883200630183033e+01
7.047365111088198297e+00
1.232552283988099795e+01
1.461532320898338000e+01
5.818966259299885202e+00
8.635013706363615427e+00
4.364062174646620385e+00
7.187057664853807815e+00
1.430286275620181691e+01
7.507441466676040065e+00
5.701192433317793018e+00
1.234162146816554184e+01
1.576987956775682065e+01
1.476897065729854752e+01
8.435812939502076446e+00
8.757449431383628635e+00
6.685335394298010492e+00
7.616238258178330334e+00
8.007655583996811544e+00
9.190617562629771697e+00
5.904784615562602035e+00
1.286695370297012353e+01
9.250366119175406965e+00
1.090159903850844181e+01
5.188611144819029519e+00
8.323935435916567371e+00
3.886842137126490293e+00
4.872435584727009328e+00
8.979268445543237220e+00
8.953927086389704471e+00
1.185980035772860397e+01
5.810868378997779971e+00
9.925902349597986785e+00
8.744038592024567791e+00
6.004683299153464660e+00
1.335289874565499879e+01
9.886563170271205792e+00
9.292860667815254772e+00
8.397643547350307713e+00
6.118402986517287978e+00
4.058104563491848005e+00
2.840194238294559170e+01
1.174683596659766671e+01
1.900605374705622097e+01
8.211033338952677951e+00
9.269657422053310114e+00
5.112674993982239791e+00
8.518138254742678939e+00
7.393496076141469864e+00
2.567327687949976678e+01
2.820342962847566692e+00
9.072968865585169240e+00
6.878001257905318688e+00
8.844110880529047591e+00
4.630791742647723197e+00
1.648365804463661632e+01
7.225991014492618270e+00
5.989902136209934724e+00
8.765179685550826605e+00
1.165025694076604168e+01
1.015020572343340888e+01
2.756461735562192761e+00
8.643021318588166579e+00
4.993476133558325536e+00
1.378919830563322968e+01
3.964066136448461730e+00
1.240934340768450461e+01
4.833447632247623638e+00
3.467220952136450762e+00
1.111061904911399978e+01
1.418258892710284691e+01
1.578724685166093167e+01
8.959780652361386544e+00
9.670552903868054884e+00
1.727062999324329695e+01
1.088159717537110005e+01
1.140134382512364475e+01
6.742587835861213463e+00
1.538203241891182627e+00
8.917543475351109805e+00
1.052910526534626712e+01
1.589709667515149327e+01
9.458287212616307116e+00
5.016434132066270202e+00
1.881445801714253108e+01
3.777320862342328667e+00
1.393776855332279574e+01
6.045018345610421839e+00
2.633337352250014085e+00
1.064844716900493538e+01
1.882353930798154806e+01
1.716435244511847458e+01
5.408054858241007956e+00
9.258484309858362238e+00
4.984962977153005070e+00
9.825269154243891023e+00
6.925269881605658817e+00
9.898268090406785902e+00
7.622316285742094522e+00
2.682686112393667166e+00
1.060120794237380970e+01
1.055297641555830168e+01
7.333389161817150281e+00
7.914717031359489674e+00
6.566503964337245591e+00
1.142851787432661048e+01
1.288864301714750482e+01
6.901650158997536089e+00
5.905900738198845090e+00
9.037337769682601163e+00
1.395251269408037054e+01
1.652259495306260106e+01
1.066961432604319171e+01
8.646224102560683633e+00
2.612427353983025391e+00
2.327428920963779646e+01
3.101286616670311247e+00
9.864811253172369732e+00
1.282534614286664798e+01
5.495989403232790060e+00
7.805594738710719405e+00
1.414710297706798059e+01
6.500877194020434402e+00
1.023945384481293353e+01
1.016629980155087409e+01
3.179998868200512252e+00
1.015908548231242214e+01
8.370433123133468101e+00
8.085810778504262331e+00
9.443726822064945736e+00
7.897488682450287456e+00
2.886973360248446419e+00
7.563345696512902450e+00
1.470122297184468962e+01
1.506109042267911491e+01
1.307844864168477272e+01
1.142117913141303731e+01
2.866785288211213700e+00
6.273104988215230549e+00
8.134117424557727460e+00
5.217540832043332522e+00
1.154277754576754234e+01
7.246585647471636804e+00
8.684934416359672227e+00
5.688736369409594040e+00
1.848707291713513357e+01
3.692289363719532425e+00
1.247902853738329654e+01
5.991030077742436788e+00
7.426723491116495879e+00
2.720109628552764836e+00
3.339011587744527532e+01
1.427381429314056405e+01
5.557630890487796016e+00
3.638552401154815819e+00
7.339620964036892126e+00
1.265621324871829678e+01
3.011185851846364780e+00
1.006147366458456816e+01
6.008650577479346389e+00
8.172356675017880434e+00
1.076900008106306927e+01
