7.613788100610361376e+00
1.189752817233324578e+01
3.306573770962126346e+00
7.201936760450025510e+00
7.987909450702538550e+00
7.144219810791670788e+00
9.275400812123296035e+00
3.474614254117026402e+00
2.227886407397223323e+01
1.878642771262108369e+01
4.138089781425536628e+00
1.273067832787273623e+01
8.833210651625714505e+00
1.213787993284077693e+01
1.637394010316923598e+01
1.346361067230575514e+01
4.652636275903826224e+00
1.297026721920956049e+01
7.047984084479735678e+00
4.012918587884404253e+00
1.190223440586107273e+01
1.088883958769925364e+01
7.852160731657776616e+00
9.115539985188794603e+00
8.839638388743994213e+00
9.771859095709947596e+00
2.201797193935138175e+00
1.540385309724923424e+01
1.066553381254265709e+01
1.150592433369744860e+01
4.187224653187480605e+00
8.768393564121179651e+00
4.383411291090286710e+00
1.102412414404484586e+01
1.793086638924831178e+01
1.512222274209749351e+01
1.139175224739228831e+01
7.020933186396963066e+00
6.429514906822380915e+00
1.009150672902115531e+01
9.803926995415739754e+00
1.079674277073844557e+01
8.585748008410362786e+00
1.109789488448067551e+01
2.867434016165701482e+00
8.825382067876267556e+00
3.181358251681204674e+00
1.371038670549737404e+01
7.179404471505992369e+00
1.235638829540468642e+01
1.453133113263066711e+01
5.921874271817398672e+00
8.773572106774656376e+00
7.321086894569075021e+00
1.423551571814464900e+01
7.645011097096623409e+00
5.800197285441056394e+00
1.237175462799991443e+01
1.562270936412653732e+01
1.467671385681319407e+01
8.575504585947253844e+00
6.810962501095584543e+00
7.754684517958013501e+00
9.323073049010041302e+00
1.417555361464084562e+01
6.010412175582052541e+00
1.287246430532877817e+01
9.381911331752363026e+00
1.099038581281116755e+01
2.321142802428425966e+01
5.268276294700465989e+00
6.401417606782928260e+00
8.464017188743300224e+00
3.364958327959872708e+00
4.938197440903605795e+00
9.114551390193092573e+00
9.089507625852323969e+00
1.191119403496392692e+01
8.881739527635479803e+00
6.113345250729381064e+00
1.333454051477650992e+01
1.000548703355121383e+01
9.423729006799520747e+00
8.537488220804696937e+00
6.230348175134293065e+00
4.080598057255966360e+00
2.750711177444546607e+01
1.180300179314736120e+01
9.703807189946674683e+00
1.867335399222550052e+01
8.351328922779718056e+00
9.400898380822340528e+00
8.657429602954550774e+00
7.529970288282865631e+00
2.494325726396057163e+01
2.762588485988744846e+00
9.207074173369216297e+00
7.007266117681129280e+00
8.980877695027094987e+00
4.684864490950853444e+00
1.629641665498334646e+01
7.360526650610316857e+00
6.098123990313423448e+00
1.223571518032504990e+01
8.902694987652997938e+00
1.026240703059883863e+01
2.697410875803185615e+00
8.781522439989936757e+00
5.064743720525340720e+00
1.374867668635778095e+01
3.980835440884637588e+00
1.243638061915184423e+01
4.897386877459246612e+00
3.451306437091476553e+00
5.545255913647727297e+00
1.119189365456306895e+01
1.412158642635246331e+01
1.563910958573712584e+01
9.095293243142675621e+00
9.794349148208567613e+00
1.703855084727493363e+01
1.097108172448040442e+01
1.147153903987434731e+01
6.869349429657786388e+00
1.522454337529910884e+00
9.053535670418028758e+00
1.063024316653792845e+01
9.586289599517863635e+00
7.741185069718057754e+00
5.088720164557307690e+00
1.849296004975952812e+01
3.782271052443237469e+00
1.388956313734975190e+01
1.217572896399923899e+01
1.723116073943308635e+01
6.154865600507481993e+00
2.582944714864256142e+00
1.074577959306348163e+01
1.850151084310692795e+01
1.693836291540921835e+01
5.496474194523816692e+00
9.389902100171214627e+00
5.055850826769610507e+00
9.945635002799692259e+00
7.055348955592977589e+00
1.001691130910953120e+01
7.760806631846173254e+00
2.625874567156209149e+00
1.070006430916163254e+01
1.065336497577635733e+01
7.469212626482687689e+00
7.395931192504658469e+00
8.054715243583686402e+00
3.431744175362388738e+00
6.689631949543604073e+00
1.149764226279352997e+01
1.289310898591631371e+01
7.031326233659518365e+00
9.171905197448893432e+00
1.281381373434776982e+01
1.633314999647659249e+01
1.717766528744268939e+01
1.076625650887832286e+01
8.784702060968518467e+00
2.566946934305833317e+00
2.268841571047226680e+01
3.059702601828784285e+00
9.984252170357214240e+00
1.283285489380935473e+01
8.352931410209313512e+00
5.587715853002549693e+00
7.945170922678317815e+00
1.408796532933308576e+01
6.622541390178482423e+00
1.034919385267179415e+01
1.027806405317688920e+01
8.510374283655330885e+00
9.571996097972798268e+00
1.571464059668338642e+01
8.037431425841678134e+00
2.832083409498781901e+00
7.701386461998190214e+00
1.461261648858580386e+01
1.495298874680730350e+01
1.307368724409302629e+01
1.149059328354269560e+01
2.810915767825686640e+00
1.364585921305901550e+01
6.389226191873368599e+00
8.274455233111863706e+00
5.298401448985991635e+00
1.160733687805816494e+01
8.823120977817188404e+00
5.787316784044955753e+00
1.818466848207761544e+01
3.691663825600585813e+00
6.099285623873439199e+00
7.563535842009922128e+00
3.219260893586414340e+01
1.420800291192423792e+01
3.634343451535591463e+00
7.475514233793072449e+00
1.267176308130181539e+01
5.040877982873530172e+00
2.963583883344472536e+00
6.239937593176619224e+00
1.017603020957758098e+01
1.503332905659794427e+01
6.117430127977297794e+00
8.312683967482712433e+00
1.086234128963732459e+01
