7.574628150492476841e+00
1.199323244919330733e+01
3.329953781498220966e+00
7.146368286209209941e+00
7.964763596742222340e+00
7.086496229111298284e+00
3.477196884776926566e+00
2.222054342995321718e+01
1.096996141473354314e+01
1.880433337056113885e+01
1.282975179239962138e+01
8.847116489303751052e+00
1.223524456862288545e+01
1.643690690097776397e+01
1.356083615748413962e+01
4.573031077287368795e+00
1.306917302371265421e+01
6.986761661777672217e+00
3.966152898466484000e+00
1.081904280838666743e+01
1.199797701115382331e+01
7.823120744352635825e+00
9.141288532544340484e+00
8.853819158633294606e+00
9.822563932666311004e+00
2.150168211564343235e+00
1.548165288557906294e+01
1.074220784760442271e+01
1.159757735987747651e+01
4.129110659262130945e+00
8.779515488429034065e+00
4.314777143755081923e+00
9.748038028842652025e+00
1.796576643821889974e+01
1.520381321824168452e+01
1.203932236481265150e+01
1.148188973993900142e+01
6.958749682004063963e+00
6.349270769616825127e+00
1.015266708389608752e+01
9.855735994644600595e+00
1.087635415409682338e+01
8.588930178716042363e+00
1.021683585636131042e+01
1.118339698990948960e+01
2.961129015083322269e+00
8.838952767638325270e+00
3.222276188919805939e+00
1.380617201570179375e+01
7.122989794922715667e+00
1.245475922198659369e+01
1.461994218983791605e+01
5.831850607359760019e+00
8.784917189899307033e+00
4.334505096736138263e+00
7.270091118017228737e+00
1.432709560594942033e+01
7.607155974639119300e+00
5.708804654993198113e+00
1.247017914072405098e+01
1.569738939882987871e+01
1.476372521628074352e+01
8.578238106380531747e+00
8.911574327838472698e+00
7.721464983285848405e+00
8.131757141534105671e+00
9.357155722199927084e+00
1.426768558518940644e+01
5.921638219899932665e+00
1.297149338099995397e+01
9.418288819855488825e+00
1.107391978787171283e+01
2.313153929628778371e+01
6.320477465939590367e+00
8.461851260914784234e+00
3.860578994774838346e+00
3.380773470894679278e+00
4.850821565860965912e+00
9.114186522183674199e+00
1.200700895304080440e+01
5.823383536822520412e+00
1.010355808922055942e+01
8.897715645383014405e+00
6.026279366523073833e+00
1.006395644993510352e+01
9.461717727943653955e+00
8.538554227439407285e+00
6.145540276766273458e+00
4.029189523668721407e+00
2.732426631788013083e+01
1.189788546939688985e+01
9.752129775995614480e+00
8.344189982524056859e+00
5.097827812958177773e+00
8.663742390800729609e+00
7.487344135699710357e+00
2.482245886656600575e+01
2.876594898276381596e+00
9.236542439632549062e+00
6.944600922747124372e+00
9.001041174400789657e+00
4.604192769874033253e+00
1.636065726018737010e+01
7.311078681951253877e+00
6.010788738486931848e+00
1.233358761789760294e+01
8.919561073747152236e+00
1.180441746033211814e+01
1.032863529847656103e+01
8.793209885079404486e+00
1.384420597941266706e+01
3.936379853986426980e+00
1.253500655660119278e+01
4.810897332785570413e+00
3.456599059965363985e+00
5.452403696499186658e+00
1.127899582731770423e+01
1.421420022922849213e+01
1.571355006919080033e+01
9.845829612737388103e+00
1.709007121553759490e+01
1.105424655193538186e+01
1.156275203813085284e+01
6.801976267432514156e+00
1.537868389524362334e+00
9.076728376495218242e+00
1.070608838011609798e+01
1.581574037760912965e+01
7.707390862483801897e+00
1.851679605713963639e+01
3.753773047442513722e+00
1.398407896479731427e+01
1.227330126501697016e+01
1.727920436987765385e+01
6.068563401476105845e+00
2.723165044169336024e+00
1.082427702506244138e+01
1.852517547078403126e+01
1.699166508497056682e+01
5.403574840131059709e+00
9.426588759540708296e+00
4.966312599028108288e+00
1.000217793287439250e+01
6.994389941974795022e+00
1.007574342393508005e+01
7.727848068929452197e+00
2.764227001463368971e+00
1.077753338561642948e+01
1.072975507799841388e+01
7.424110080174743054e+00
7.347886206710380286e+00
8.034494167356783123e+00
3.439353333417344505e+00
6.616577010268801295e+00
1.158919058663207124e+01
1.299211822057601040e+01
6.969510780298472596e+00
5.922806625872270025e+00
9.199952110659486593e+00
1.399795053900569464e+01
1.291288080284024531e+01
1.639678874913732542e+01
1.722668114332044098e+01
1.084520563217847133e+01
2.704553464449563016e+00
2.262066908755657835e+01
3.119514406953331154e+00
1.004204313182699160e+01
1.293191262850618806e+01
8.345863268934101242e+00
5.494967350121878980e+00
7.920161520798848720e+00
6.547508935887216275e+00
1.041785132557928151e+01
1.034473781739269072e+01
3.190418630458059290e+00
1.033752049034587372e+01
8.510248857041545989e+00
8.213461360035269720e+00
9.615558058790499629e+00
1.578796781306924224e+01
7.665904486522993722e+00
1.470034404063486733e+01
1.503672599577589786e+01
1.158205185330526454e+01
2.915454760915448862e+00
1.374205662233027958e+01
6.307989231052487433e+00
8.263919194649803401e+00
5.206137604649195616e+00
1.170020659797636853e+01
7.332757553733892486e+00
8.836594823171147084e+00
5.695803706067253280e+00
1.821462349212330523e+01
3.671464147869137662e+00
1.260164799342692987e+01
6.011970726952792887e+00
2.794552597252941695e+00
1.429983827834139021e+01
5.559122934066314414e+00
3.619748425378392032e+00
7.430667030938286288e+00
1.277080659705518606e+01
4.951583253894569658e+00
3.039712567274866828e+00
6.155329106946444639e+00
1.023974379487370534e+01
1.511605998202135659e+01
6.030437506852947216e+00
1.094333630920239031e+01
