7.369866670718182355e+00
1.193455003207500553e+01
3.247118157258604310e+00
6.978063071440357312e+00
7.729783327162367712e+00
9.014196965192157407e+00
3.414550260128303538e+00
1.076211698851865606e+01
2.064341297474729231e+01
4.069434816347799355e+00
1.293760683339730555e+01
8.563467622686715686e+00
1.222109646509947467e+01
1.752505503935494957e+01
1.383940305079006805e+01
4.568345399334923229e+00
1.323066067023787618e+01
6.832479439673971200e+00
3.946872875423024229e+00
1.059514309090536877e+01
1.194013663395428004e+01
1.076257963148045249e+01
7.598666521578491206e+00
8.849938149014528577e+00
8.569940142820016149e+00
9.534398950301673281e+00
2.178463377666487677e+00
1.628347024099777229e+01
1.051076192630806538e+01
1.147331392370453784e+01
4.117413617674544390e+00
8.498323233774813801e+00
4.308257352611717828e+00
1.091657705610756501e+01
9.457979584476808199e+00
1.953374135540732937e+01
1.592497509359908570e+01
1.198887329235309629e+01
1.134026182209767519e+01
6.806937489292010923e+00
6.250382699780444362e+00
9.877708779986171805e+00
1.065835995513512202e+01
8.315936091304502398e+00
9.945370497224079287e+00
1.100099618226656695e+01
2.814691571023908878e+00
8.555587519044985712e+00
3.122409319999019495e+00
1.414626524131345775e+01
6.956730709870075913e+00
1.248367426521691392e+01
1.517637547094477668e+01
5.773437697289137027e+00
8.503519675686195711e+00
4.328335793378717433e+00
7.091027295686923360e+00
1.480370434706831340e+01
7.399740019919129885e+00
5.658932724102421652e+00
1.250220996673650831e+01
1.656271995769480654e+01
1.536007142008789295e+01
8.305757132780129837e+00
8.625814504451801312e+00
6.609000052909288492e+00
7.504895644308470892e+00
7.885157564778789485e+00
1.472835539522129977e+01
5.856688781738382588e+00
1.311081348291928173e+01
9.124497349657666234e+00
1.087807249463237547e+01
2.641923088756525217e+01
5.156373708334058392e+00
6.223992573142506757e+00
8.195300677710601889e+00
3.834708295694427616e+00
3.305312792455161297e+00
4.842147983919801391e+00
8.848927084475459282e+00
8.823333212514992141e+00
1.195077502474404518e+01
5.765574280670708873e+00
9.826131390361361184e+00
8.612390288476625244e+00
5.953421263654506745e+00
1.367950395449584455e+01
9.167994578618797519e+00
8.268024997416640431e+00
6.063328855873042933e+00
4.013201596104345015e+00
1.182255316847760973e+01
9.462165055958930537e+00
2.049656748382533067e+01
9.144233505846658616e+00
5.081235774513302772e+00
7.289802713887232777e+00
8.943803320593620043e+00
6.794036769528670305e+00
8.712737853793038667e+00
4.599348125425320788e+00
1.742550115537873268e+01
7.128482700779528614e+00
5.939119895205266175e+00
1.233842890785975932e+01
8.633555743789374404e+00
1.171327512104334367e+01
1.006398162864046597e+01
2.661815485100977874e+00
8.511500260511413174e+00
4.962878378743047492e+00
1.419400565043364004e+01
3.915380596782097822e+00
1.258026278493067096e+01
4.803137543477460802e+00
5.418540822157178916e+00
1.110900705225738605e+01
1.466059796998600717e+01
1.658366771326558009e+01
8.829242655926373473e+00
9.558336883237288362e+00
1.838050982366754837e+01
1.085607086158709222e+01
1.143317210528518046e+01
1.047124277903367151e+01
1.671621976601233328e+01
9.338126948380216064e+00
7.491932907620167725e+00
4.985714638968321566e+00
2.026240727786496265e+01
1.436994331998967311e+01
1.226644220613239256e+01
1.862902563576875536e+01
2.590978494157421874e+00
1.060090687066625925e+01
2.027350343326287430e+01
1.825134164318554753e+01
5.372452038037614841e+00
9.132800654250241124e+00
4.954405363362846870e+00
6.839435339565614669e+00
7.510776201532107343e+00
2.610054915888119442e+00
1.054950392311253182e+01
1.049712636123616960e+01
7.231879292347809240e+00
7.162134641304735538e+00
7.794551152177407793e+00
3.371860239625097400e+00
6.494831305091680385e+00
1.146363983873554204e+01
1.313608670007158530e+01
6.816749542002148665e+00
5.857770553310849948e+00
8.907679842037229179e+00
1.438742236355165005e+01
1.303908693035004873e+01
1.747266681018603407e+01
1.855997820605790949e+01
1.062397257292990460e+01
8.514692921746787491e+00
2.589207134366535712e+00
2.573441756006356229e+01
9.761774238391566882e+00
1.306236125630283240e+01
8.085821944126436733e+00
5.458630783219946991e+00
7.688433823921196897e+00
1.461841411033555183e+01
6.431749134158811998e+00
1.008114133261685019e+01
3.085164573292834778e+00
1.007344779355693376e+01
7.961526591506504325e+00
9.323100607954483365e+00
1.668018029266260882e+01
7.777778701929314309e+00
2.781330021552967047e+00
7.453748731580808418e+00
1.527904034356841123e+01
1.571005211736028251e+01
1.335770597182330555e+01
1.145540883865857751e+01
2.761623619885808623e+00
1.406588719642480356e+01
6.212542314958040990e+00
8.008813844902707757e+00
5.184947845241595132e+00
1.159205035094594471e+01
7.148301026429675353e+00
1.986256738016817991e+01
3.630131900090089569e+00
1.266070890847455033e+01
5.940211357914543910e+00
7.321842664187398597e+00
2.633926548385853827e+00
3.821772882699395524e+01
5.518913847020171737e+00
3.573306521058174923e+00
7.237882702204672114e+00
1.286582978160715562e+01
4.940135733521355377e+00
2.907400688366785779e+00
6.072335364825486081e+00
9.969598961839489348e+00
1.581203339997012591e+01
5.957259121950789549e+00
8.046293853978239596e+00
1.073254161386487482e+01
