7.523567891577146227e+00
1.216873989280538915e+01
3.203961528015041083e+00
7.078374067790632829e+00
7.016226902243285046e+00
9.335475838042485819e+00
3.345791025419790898e+00
2.304068620372335019e+01
1.108641188116692256e+01
1.940524519610743681e+01
3.943120008964922096e+00
1.305526313609399303e+01
8.852525555852222894e+00
1.242508436692995666e+01
1.688701990302643807e+01
4.435622293534477123e+00
1.330921074735312004e+01
6.912754956297448850e+00
3.826700966938505477e+00
1.092703309809888168e+01
1.108685144205259654e+01
7.782391948340006138e+00
9.160934026124563090e+00
9.876704042477031820e+00
2.146651158727701958e+00
1.587142521663789374e+01
1.084591913723278367e+01
1.174993037582665778e+01
3.989216575506858931e+00
4.175338135102065529e+00
1.123255881276320345e+01
9.798306069119515627e+00
1.851311084968457266e+01
1.557611688765918245e+01
1.221754998177273954e+01
1.162754395761789183e+01
6.883705250976921874e+00
6.253034784379711830e+00
1.022423122083495528e+01
9.911607048982784107e+00
8.582192386947777862e+00
1.029183708806919739e+01
1.131193195478299174e+01
2.861930068509276115e+00
8.843972703601725271e+00
3.101651293850109070e+00
7.054104421955215365e+00
1.265769829484517572e+01
1.495568690951002822e+01
5.719966223203241995e+00
8.787369718999432422e+00
4.195167387814188409e+00
7.206871605380620771e+00
1.464459350418958827e+01
5.593564578322578029e+00
1.510845205319404627e+01
8.920067243936358636e+00
6.658781964703005762e+00
7.676466392075163014e+00
8.104347906563281967e+00
9.387506895617800495e+00
1.458149001226470709e+01
5.812296129251746990e+00
1.320559456728456027e+01
9.451710466219259033e+00
2.401031870441214267e+01
5.048381611124342250e+00
6.223310230845696900e+00
8.449258169823371745e+00
3.721909529759135360e+00
3.252692487872292482e+00
9.159854381460759143e+00
9.132503194441412120e+00
1.218332899514161838e+01
5.711263422670560530e+00
1.017250255607652853e+01
8.905543817056642553e+00
5.919995624136720203e+00
1.369458957518626008e+01
1.013079528999331380e+01
9.497330821229626352e+00
8.529485431603930579e+00
6.042862547224366665e+00
3.889463491452590294e+00
2.847342005749500871e+01
1.206778023503011710e+01
9.802609801592865324e+00
1.928738417156261420e+01
8.326249808275372644e+00
9.472425227977204543e+00
4.968419405214990370e+00
8.660490037561102028e+00
7.432741128699234423e+00
2.581019606251197374e+01
2.789093163801244835e+00
9.260885463670861739e+00
1.680593995996601464e+01
7.249462389509894855e+00
5.904045920100770672e+00
1.252928477440172195e+01
8.928437504182598516e+00
1.196882984034437314e+01
1.040966231129887909e+01
2.746179363517530891e+00
8.796055494416453513e+00
4.843388912447272432e+00
1.413177302487735965e+01
4.676546575702322350e+00
3.325839533962836381e+00
5.330681313236779850e+00
1.141298678504692887e+01
1.452468203935206681e+01
1.611793323638774567e+01
9.138822021868097778e+00
9.901183266296085250e+00
1.758164227127433321e+01
1.117545280849233791e+01
1.171308493721472210e+01
6.721223277218774328e+00
1.539465000606614398e+00
9.093214151386936450e+00
1.080779489855190079e+01
1.622657032248862663e+01
9.674579599594387957e+00
7.661805811357807805e+00
4.867421929629953681e+00
1.909932504667639819e+01
3.616358382851662334e+00
1.428029377563423452e+01
1.246540553898997139e+01
1.778280460399649598e+01
5.963543769474292766e+00
2.672446256507524875e+00
1.093255951500329992e+01
1.910823996337643393e+01
1.747698141270504024e+01
9.460428574050439465e+00
4.834483131900952912e+00
1.006574440688921257e+01
6.920666748556244308e+00
1.014320833361148289e+01
7.683115834866067750e+00
2.700813616169608800e+00
1.088320957328505401e+01
1.083277469847417152e+01
7.366969179415020719e+00
7.287718593243991627e+00
8.002830594104134221e+00
3.309160569364614446e+00
6.529297538592470751e+00
1.174105683137622869e+01
1.322747176830225158e+01
6.894864375454049288e+00
5.813498123647521609e+00
1.429502399222125497e+01
1.314342633434066165e+01
1.684436005844919748e+01
1.772693981063758173e+01
1.095465734826944093e+01
8.799529253053949063e+00
2.660075585589787295e+00
2.346655958197201031e+01
3.005539574645426537e+00
1.010771949957045379e+01
8.327998630247790857e+00
5.374270841444927171e+00
7.883563516878347777e+00
1.448928459362097954e+01
6.457862660351475270e+00
1.050372030571776172e+01
1.042663658374501701e+01
3.071672659358408719e+00
1.041902840819755305e+01
8.499875990714050644e+00
8.189665537348783886e+00
1.619704521983030787e+01
7.984005382493066350e+00
2.836877600815147726e+00
7.618597418889726747e+00
1.504110966812932837e+01
1.539854543294961076e+01
1.341870837827718077e+01
1.173350390242993768e+01
2.822110224642019105e+00
1.402332045891161627e+01
6.210420187934326819e+00
8.242372761065999143e+00
7.271993481471445975e+00
8.841502426454699304e+00
5.580218012222141866e+00
1.877785046342415853e+01
3.535380254251142329e+00
1.281340102565581773e+01
5.905262861009194175e+00
7.469101071845838824e+00
2.723244082779089137e+00
3.333789209081483307e+01
1.461564124951122956e+01
5.440011368427842164e+00
3.484683214827728914e+00
7.373788161963312326e+00
1.299275467126111572e+01
4.819498562173190948e+00
2.932317019621969667e+00
6.052952887300572016e+00
1.031597587455934750e+01
1.548285532579819090e+01
5.924277363360631377e+00
8.284080052520481630e+00
1.105828900329408171e+01
