7.388815865087052792e+00
1.214429414036289856e+01
3.232333870066210313e+00
7.782970443610673250e+00
6.900341224513582894e+00
9.172784699825216492e+00
3.374025703991672120e+00
2.448535235289486423e+01
1.098214812576184940e+01
2.030594399426999530e+01
3.959895102823368429e+00
1.311571177589896031e+01
1.242360504318051539e+01
1.742698770148667720e+01
1.397653676982320192e+01
4.435352741569754009e+00
1.339655766053380326e+01
3.846707540599664465e+00
1.081364964271764784e+01
1.214975513828843745e+01
1.098261384034281640e+01
8.997440037830161330e+00
8.696646399078101553e+00
9.722160532414946488e+00
2.193641781002575009e+00
1.627293644303923514e+01
1.169111621620744934e+01
4.004612810985846316e+00
8.619354258345225617e+00
4.184667571419096177e+00
1.113728939464270162e+01
9.642038731914249539e+00
1.928386077406995369e+01
1.593847868241465093e+01
1.219736926049793446e+01
6.773250175174458043e+00
6.170419981461365388e+00
1.007959084373116632e+01
9.757891178332613435e+00
1.087754216481715019e+01
8.421924225974649403e+00
1.014955335032260209e+01
1.122179511420504738e+01
2.882356258569925611e+00
8.681167436197725351e+00
1.426738860874168680e+01
6.936700524059447481e+00
1.523781792797664991e+01
8.624967069363419725e+00
4.203807688379148644e+00
7.083510957848202061e+00
7.421542635712759406e+00
5.541919828832257089e+00
1.269614754084148878e+01
1.653304214292026941e+01
1.541006078578287664e+01
8.410882340002240554e+00
8.756851612845698796e+00
6.557922603174717757e+00
7.536741052129747764e+00
7.952847722816676956e+00
9.225223316417151764e+00
1.481676915576349529e+01
5.750311908497683255e+00
9.290037981265122369e+00
1.109867898714098899e+01
2.560261283572138780e+01
5.022063642204313894e+00
6.142067516472760502e+00
3.744481297267563846e+00
3.281178156349614738e+00
4.705323249629238980e+00
8.996358096481602118e+00
8.968959533159900133e+00
1.216015259135827797e+01
5.654055849724779037e+00
1.002615360882932194e+01
8.742394797247033722e+00
5.852928529533680369e+00
1.382460013141069055e+01
9.983128541116434107e+00
9.336165762136729995e+00
8.369931207337351964e+00
5.970021295503681102e+00
3.075273920836296782e+01
1.203467949326513420e+01
9.646432252618438952e+00
2.017080830235475730e+01
8.170051671935016913e+00
9.310975580992369771e+00
4.945695531151170776e+00
8.499284671054372353e+00
7.301112884731026931e+00
2.767830969531031826e+01
2.805200470789005696e+00
6.759191283509999870e+00
8.850336901594520356e+00
4.465619997441360844e+00
1.733466446340142042e+01
7.124491350494779773e+00
5.837730588069062421e+00
1.253752907443784892e+01
8.765186010536645256e+00
1.192746988345106196e+01
1.027181998524535267e+01
2.759048453436844905e+00
8.633585726274173311e+00
4.826189217139997822e+00
3.817872098439411221e+00
1.277158097601171249e+01
4.666500847105912619e+00
3.354175627162625961e+00
5.291383299428925824e+00
1.132963168342061344e+01
1.475296263066632285e+01
8.975287461517778453e+00
9.747216330469724355e+00
1.821905590893919680e+01
1.107659796158078613e+01
1.165144699687304808e+01
6.617656426352483301e+00
1.525192599417817041e+00
8.929638655365961242e+00
1.068806899207796235e+01
1.667587390777726242e+01
9.515970408611789111e+00
7.522541150210010130e+00
4.849170292176571806e+00
1.995524957089812190e+01
3.641135076073732879e+00
1.447883823401696368e+01
1.246766304115937452e+01
1.844877833234136233e+01
5.894426397052423106e+00
2.680009723298249380e+00
1.081948006071448098e+01
1.996546628221611286e+01
1.809959255057977501e+01
5.243728330667485338e+00
9.298848342003871892e+00
4.817671974385438816e+00
9.916128796885777419e+00
9.995928215196761002e+00
7.543182713955299157e+00
1.071434305685571431e+01
7.237677275902142604e+00
7.161320790618662890e+00
7.853815576978715463e+00
3.337562223041018683e+00
6.434147320622899180e+00
1.168155955143814850e+01
1.330604973788571677e+01
6.783945186601873623e+00
5.751457105160317163e+00
9.059176503720536289e+00
1.449534309021410294e+01
1.321309678794741238e+01
1.737840856390946698e+01
1.838496807857377746e+01
1.084280229930388728e+01
8.637033181188831676e+00
2.667735934224890304e+00
2.497596948792262239e+01
3.031198797787950205e+00
9.959346567724672639e+00
1.323541174803455078e+01
8.171767647443900273e+00
5.332937905498929432e+00
1.471322041129601033e+01
6.365911546551991762e+00
1.036972717111976650e+01
1.028946901310402851e+01
3.098701276334899113e+00
1.028155731488238800e+01
8.340751653997369175e+00
8.036236803530764305e+00
9.500129718015033475e+00
1.664234800926949731e+01
7.835473298745796455e+00
2.855973237708544943e+00
7.480710803739168746e+00
1.573764969774122235e+01
1.351796067831638837e+01
1.419129287653934668e+01
8.087828098151174316e+00
5.051204642121764010e+00
1.180823223209614881e+01
7.146179852754411144e+00
8.678713008580515975e+00
5.529203353456144221e+00
1.958695867430563453e+01
3.561554082264961174e+00
1.284922401398117309e+01
5.838890156117404473e+00
7.336207739644254211e+00
2.734201586400136996e+00
3.637416445298756429e+01
1.485514278177880776e+01
5.395598443926814980e+00
3.511585795084995354e+00
7.244251223739960999e+00
1.304674276893504903e+01
4.803339555161692864e+00
2.955758096316460026e+00
5.979639050931708333e+00
1.017456748808655043e+01
1.583297440779512399e+01
5.857008527989523650e+00
8.128694193397889123e+00
1.095236332483820441e+01
