1.199458703995613718e+01
3.305423378770357079e+00
7.071517897641598438e+00
7.867738484319179548e+00
7.013493627555676291e+00
9.197156196048334564e+00
3.459801158699812973e+00
2.345385809497573959e+01
1.090586056429873629e+01
4.078865245243060045e+00
1.290140863242117319e+01
8.736986757960861993e+00
1.225557050094021072e+01
1.690951622546335642e+01
1.370334926032420597e+01
4.567668785688666411e+00
1.316318566737678175e+01
6.916879461977565313e+00
3.961024492878131298e+00
1.074754155293177327e+01
1.199969186306568325e+01
1.090629795639978816e+01
7.729404576215216593e+00
9.030363318743141576e+00
8.743648970703103984e+00
9.718212378883182012e+00
2.171011458656679771e+00
1.583815419074041131e+01
1.066717827738861324e+01
1.157063548529229280e+01
4.125243201176668428e+00
8.669849618730811613e+00
4.311069521380685998e+00
1.105151192497452151e+01
9.642357761188716125e+00
1.863218140562034009e+01
1.552751660427968616e+01
1.204419676173404774e+01
1.144735713487100526e+01
6.889752306462606946e+00
6.299963961076237240e+00
9.752025694220977314e+00
1.080759025549888541e+01
8.481100738726548016e+00
1.012211588288379538e+01
8.728873670409226904e+00
3.191111848987181698e+00
1.397404388842890022e+01
7.048858455967692116e+00
1.249329473323377293e+01
1.487648987084424768e+01
5.798788962643430800e+00
8.675210552432284672e+00
4.330743358967085399e+00
7.191493498848937627e+00
1.455099908186757496e+01
7.518970539395281705e+00
5.679371856549247255e+00
1.251002783517480843e+01
1.607968597181976733e+01
1.503656823649979302e+01
8.470533983199784345e+00
8.801097578122812237e+00
6.679638383596273599e+00
8.031199779679232265e+00
9.246989818073929612e+00
1.448506131263201802e+01
1.305627823393633591e+01
9.308555100265696325e+00
1.101527346046984412e+01
2.448913953802050614e+01
5.160685218161543908e+00
6.272101274258415238e+00
8.355657479104662499e+00
3.853984875237783214e+00
3.358937394778492180e+00
4.841705157556671857e+00
9.029333373653656736e+00
1.200941093171558371e+01
5.790575412504706421e+00
1.000561948529699841e+01
8.787305545668692375e+00
5.987264320871790169e+00
1.356189473899654985e+01
9.964978770315493506e+00
4.024684894077319441e+00
2.926049382466928961e+01
9.646518454268722564e+00
1.945467622561087495e+01
8.239785031974381724e+00
9.328436108544380545e+00
5.084002737608417810e+00
8.555101286947120798e+00
7.402447884828903923e+00
2.641232191549781305e+01
2.812692106862761054e+00
9.125807063980461820e+00
6.876051731084199758e+00
8.890240955609581164e+00
4.598502780149023472e+00
5.972256336083051842e+00
1.236195783876630472e+01
8.809047910997088948e+00
1.179183013925498003e+01
1.023745041183066284e+01
2.753511897968173194e+00
8.683441903957922037e+00
4.963723292290173283e+00
1.401607178801949516e+01
3.930893200585364511e+00
1.258042334917001526e+01
4.802429255099935013e+00
3.438324073576496165e+00
5.430080824063051814e+00
1.123194188308387886e+01
1.442572794259178437e+01
1.609778982491350519e+01
9.009273445205170816e+00
9.741924585471814169e+00
1.764447965303596533e+01
1.153349141386093457e+01
6.737985399816106558e+00
1.531816026877557357e+00
8.965801764229537341e+00
1.621230139916460189e+01
9.522911595086224423e+00
7.616570518055290506e+00
4.986880536812077658e+00
1.925479805435027458e+01
3.745104226533842340e+00
1.417076993547149044e+01
1.229671786002809064e+01
1.785759716617847204e+01
6.028224608535504458e+00
2.643497413716466848e+00
1.075302204035085651e+01
1.926427178665877449e+01
1.753364427406203063e+01
5.382524002706898791e+00
9.316921265836651145e+00
4.955137351684952840e+00
9.901668216202267558e+00
6.924267382611127175e+00
9.977070354086691850e+00
7.636504029195274157e+00
2.686764721258097399e+00
1.070410577084720138e+01
1.065416902640056662e+01
7.341005620863780834e+00
7.266988290828536812e+00
7.935943200642086026e+00
3.420314063104144431e+00
6.558587169518122373e+00
1.156168766948598403e+01
6.900173089754859213e+00
5.886989656765799772e+00
9.089117037902784801e+00
1.418612323638550166e+01
1.299219863546735532e+01
1.686443115629024803e+01
1.779840103801520002e+01
1.077494284587203310e+01
8.686734254327932447e+00
2.625521661873197576e+00
2.390848752421231183e+01
3.080655396382853350e+00
1.301299977313432876e+01
8.241431102864989811e+00
5.471512544542695089e+00
7.824148899594955964e+00
1.438876964663855418e+01
6.491764981757270903e+00
1.032974270071567702e+01
1.025409142063031709e+01
3.157023251252311979e+00
1.024663182385601168e+01
8.403394884043501989e+00
8.111334279664857760e+00
9.507894877652624643e+00
1.618117454013023604e+01
7.918289420372706111e+00
2.875334189340357227e+00
7.576161071641299039e+00
1.496598316029770537e+01
1.534095339319061324e+01
1.327630043582914254e+01
1.155407269611341725e+01
2.856273687659062865e+00
1.390323294881216754e+01
6.260016114933657505e+00
5.189910696834721726e+00
1.168026391787624974e+01
7.252303296925843412e+00
8.726530627879123259e+00
5.666746953824328692e+00
1.891327439573183611e+01
3.660743094694464350e+00
1.265286705770276221e+01
5.973401542504319650e+00
7.436420666220603160e+00
2.720361101738590470e+00
3.446754110448282660e+01
1.452074269290871378e+01
5.533923533231292602e+00
1.283709868333458992e+01
4.940685136652297693e+00
6.112247999086360295e+00
1.014571915712577699e+01
1.542951043457718363e+01
8.200103838381876287e+00
1.087788501898497984e+01
