7.535572747663149329e+00
1.233246061413788652e+01
3.288496437869424582e+00
7.043668860193533554e+00
6.975491744543269590e+00
9.539449420457218665e+00
3.414027921923007192e+00
2.037789602511236708e+01
1.133311028970202194e+01
1.785476884724806368e+01
3.926044392671548255e+00
1.309583751404891494e+01
9.012554988815647761e+00
1.255779665131460554e+01
1.605449446409668468e+01
4.361285298599733906e+00
1.330690807885865645e+01
6.862310660823645492e+00
3.825791297492502796e+00
1.117887119914473715e+01
1.133353307146051137e+01
7.823506307873770105e+00
9.350187345395120531e+00
1.011588538113260860e+01
2.210751487791878578e+00
1.530582664127747705e+01
1.109964801625926611e+01
1.195534878371730159e+01
3.965971210973188832e+00
4.128767159022237010e+00
1.147289345518529657e+01
1.003347077249647157e+01
1.722397121989128621e+01
1.508460156766845373e+01
1.237567624399008714e+01
1.184292826232987750e+01
6.830613781873377199e+00
6.152773555802141914e+00
1.047631343829109341e+01
1.015244951580080901e+01
8.713935631753765065e+00
1.054545982833784734e+01
1.154815427359845792e+01
2.933995290477126261e+00
9.003141018180651045e+00
3.193697145144819505e+00
7.017027454504412454e+00
1.275891927438190265e+01
1.461344458116714051e+01
5.599071644297261230e+00
8.940778637819510877e+00
4.146273844602248460e+00
7.185063181854394188e+00
1.437347762086941394e+01
5.470875237832252935e+00
1.473032555418417644e+01
9.086808355753126065e+00
6.586479707297935526e+00
7.705556477491800393e+00
8.182421931873784970e+00
9.595579128453771034e+00
1.432446363504391762e+01
5.693501786817424914e+00
1.322115522083787553e+01
9.664645703725993187e+00
2.104244253816786880e+01
4.933307799347973699e+00
6.121385049162415548e+00
8.566419134585384398e+00
3.736118292007802655e+00
3.332197823560998806e+00
9.349012223818798262e+00
9.319225005806664797e+00
1.234539312442296399e+01
5.590204817448387153e+00
1.042318833333080796e+01
9.070855283284952719e+00
5.804463460408202380e+00
1.362167501717422979e+01
1.038021913728514001e+01
9.713586893815120860e+00
8.655491092622291660e+00
5.932079875545980485e+00
3.879741652793694318e+00
2.407620063572685254e+01
1.224259701820710156e+01
1.003800512630553676e+01
1.777178266540782303e+01
8.429631322057620224e+00
9.686882425932250129e+00
4.856678963682961481e+00
8.800635295420544679e+00
7.434799137930163226e+00
2.227005504096275601e+01
2.827640951372523581e+00
9.458746390699596773e+00
1.599533097835832152e+01
7.232045885946440933e+00
5.787976636814109455e+00
1.264827274403262614e+01
9.095999096841509868e+00
1.215388798354915068e+01
1.066518902541510982e+01
2.748698241900524142e+00
8.950354876457929265e+00
4.738043844636215418e+00
1.397153702246415108e+01
4.582008024161961401e+00
3.396636074939055394e+00
5.208451655479589881e+00
1.164331177912919557e+01
1.428023723521705790e+01
1.548917552297880285e+01
9.326109553234665839e+00
1.014153792885038285e+01
1.655774258958142653e+01
1.141846111304380429e+01
1.192161225884566100e+01
6.654014767604643943e+00
1.520221226902708667e+00
9.276379562059297257e+00
1.106224325287722898e+01
1.556962312973373308e+01
9.902623394355389408e+00
7.689242190686383260e+00
4.760734786880453484e+00
1.763916102463512559e+01
3.646101831060815091e+00
1.408882357540961472e+01
1.259288194710734032e+01
1.670238651896982418e+01
5.849572007469741486e+00
2.547317780611873861e+00
1.118425097734950135e+01
1.764545388451570318e+01
1.648230367236156368e+01
9.674007185305118384e+00
4.729649070599294625e+00
1.031296032878979752e+01
6.870949559790544114e+00
1.039302038229130254e+01
7.712956909319168552e+00
2.638557090231430813e+00
1.113613002905088045e+01
1.108676385947776488e+01
7.361938938116077580e+00
7.274292801943127884e+00
8.069232689014537385e+00
3.382042888117209323e+00
6.447067932463008688e+00
1.194723246105872860e+01
1.323930237859520531e+01
6.842785567533704594e+00
5.694735413896588661e+00
1.410041543759790095e+01
1.316946308152684786e+01
1.602337768981120192e+01
1.666226286108571131e+01
1.120573976173991504e+01
8.954184097818371768e+00
2.503906853586473247e+00
2.067009186639728924e+01
3.098617581596327053e+00
1.035639338901267870e+01
8.431577613909931657e+00
5.251561235237645953e+00
7.936256189398034344e+00
1.425262958807774005e+01
6.370543905483768476e+00
1.076004521465935326e+01
1.068235499427112067e+01
3.164831016763815175e+00
1.067466348356539285e+01
8.622632167729653574e+00
8.277517981080334764e+00
1.554778004283121007e+01
8.048241801138228624e+00
2.900119904903315948e+00
7.641177478679844093e+00
1.467887603492028781e+01
1.495068111441606362e+01
1.339699668994820847e+01
1.194031981718506330e+01
2.878978657838699995e+00
1.388540773763806691e+01
6.107790998707718799e+00
8.336240171934479193e+00
7.256922218930811574e+00
9.000421572674133230e+00
5.457413809050709830e+00
1.741182464693751442e+01
3.577048857586801134e+00
1.289185895536449777e+01
5.789233904901596617e+00
7.475120258842236076e+00
2.697650956667311473e+00
2.735545174165720894e+01
1.435100441261855586e+01
5.316885350880919070e+00
3.533723266855050671e+00
7.369487940415690552e+00
1.304340478934428660e+01
4.715541018335809298e+00
3.019480796994489680e+00
5.942607474585110516e+00
1.057006989522664675e+01
1.501435325242800367e+01
5.808892544818279546e+00
8.382688307457639709e+00
1.130603121494748642e+01
