7.608408273602679017e+00
1.219700432762112996e+01
3.356705836119473929e+00
7.167160175646897891e+00
8.012215633354390576e+00
7.105665302357792257e+00
9.410104441193805513e+00
2.256724073701223077e+01
1.113993912300371569e+01
1.912105481654840489e+01
4.098186603274411866e+00
8.929931118552996594e+00
1.244600649762234390e+01
1.380395957359035641e+01
4.578754452752569648e+00
7.003340825235821576e+00
3.983835963216042053e+00
1.098345333457623063e+01
1.220188949597779882e+01
1.114037040729001760e+01
7.865430241771917963e+00
9.236648330704525733e+00
8.936917378199824569e+00
9.947062368402530552e+00
2.221318250328576660e+00
1.575863693564640577e+01
1.090372931308803572e+01
1.178910737233221795e+01
4.143350091558544612e+00
8.859477833455173368e+00
4.325222172690472711e+00
1.128324379457309234e+01
9.869384089347416733e+00
1.547658985394401654e+01
1.224445402829862850e+01
1.166964441033480071e+01
6.974627473248268927e+00
6.352933268743867323e+00
1.029090683987208976e+01
9.981632482243700366e+00
1.104289577972375191e+01
8.660943663809915094e+00
1.035769601671848150e+01
1.136099733718409155e+01
2.975020747006598132e+00
8.921422172452484034e+00
3.248132191452564044e+00
1.405434343560733268e+01
7.143142038657018134e+00
1.267154849271186379e+01
5.830136019188357110e+00
8.865106892490166146e+00
4.344562955068307808e+00
7.294392734689891356e+00
1.458519652946358214e+01
7.642014301149018252e+00
5.706532905968116687e+00
1.268738095220607853e+01
1.597751397116345906e+01
1.502942191412699557e+01
8.649810360882595361e+00
8.997121480777972025e+00
6.752529178883368566e+00
7.760205574110368154e+00
8.185503255053298233e+00
9.461788673664610627e+00
1.452470431183875377e+01
5.920507853573741208e+00
1.320137256060241526e+01
1.124764747507281903e+01
2.348528968767246994e+01
5.174820022539665665e+00
6.323715283018550792e+00
8.528658355962063453e+00
3.880459249885596762e+00
3.407509672311181070e+00
4.852502062371915947e+00
9.235575063766626513e+00
9.208384190634617994e+00
1.221118870287362590e+01
5.821621567021069588e+00
1.023978017926052786e+01
1.367274296119059507e+01
1.019854410899131203e+01
9.570840922600256206e+00
8.608493774708920299e+00
6.146510619418388721e+00
4.045539271538163284e+00
2.770764739316598124e+01
1.209880095382923670e+01
9.873649299493502340e+00
1.900917397374924889e+01
8.406257851733752062e+00
9.546115261586193057e+00
5.096989549963176991e+00
8.738858010939306808e+00
7.518291599034675698e+00
2.518863010237281230e+01
2.880535840796015545e+00
9.335991943819406558e+00
6.960128863516239051e+00
9.090398388972477761e+00
4.609404243802885937e+00
1.664982503423926730e+01
7.336588118329120611e+00
6.010385429583078754e+00
1.254708584170929164e+01
1.200247549359133359e+01
1.047401486433056839e+01
2.818850245125934961e+00
8.873748822073677545e+00
4.975345105034770121e+00
1.409313758977662623e+01
3.954689028335586887e+00
1.275392748630543593e+01
3.482923972128150858e+00
5.449883071095781517e+00
1.145991304414420853e+01
1.447023409988523390e+01
1.599390568591082307e+01
9.214666193686236184e+00
9.971308938642051700e+00
1.738828172369402481e+01
1.122726997651582437e+01
1.175315497224329953e+01
6.814146160044453282e+00
1.517640560987216780e+00
9.169321351517236707e+00
1.086623926540583440e+01
1.609754387401693521e+01
9.746718082702930275e+00
7.745645808411482314e+00
4.998723107556892309e+00
1.883062954511835230e+01
3.775765434231124207e+00
1.248512910310880386e+01
1.757962875672277292e+01
6.068708804642334975e+00
1.098888303552388201e+01
1.728870374776133190e+01
5.401146892664280941e+00
4.966682469105216491e+00
1.013420337423668727e+01
7.011162103731972906e+00
1.021081822418757490e+01
7.766809607653417658e+00
2.744736301225893627e+00
1.094038763093517019e+01
1.089080490549652325e+01
7.453062207767615632e+00
7.374498891283679747e+00
8.084545536398382026e+00
3.465807257964673482e+00
1.322248975317380548e+01
5.921684844111952728e+00
9.297829851369064258e+00
1.424989655525168430e+01
1.314134866455838235e+01
1.752649566929066438e+01
1.101059156424058827e+01
8.877205016114640301e+00
2.668809605253243067e+00
3.142842491931426618e+00
1.017572365911672883e+01
1.316084073053665904e+01
8.407997933395252588e+00
5.492402475088243641e+00
7.965973811000811367e+00
1.443628699585605268e+01
1.056679266121618532e+01
1.049076326207571874e+01
3.215699838314309833e+00
1.048325660666192682e+01
8.579028762113258821e+00
8.270369350657267304e+00
9.731266866428031292e+00
1.606938003276323812e+01
8.065827163577964143e+00
2.943573060683754239e+00
1.496497540536093851e+01
1.530687753983000121e+01
1.340696609456759703e+01
1.177308040195160110e+01
2.924572663322397847e+00
1.398893320785628447e+01
6.311047335288931137e+00
8.322804667695084646e+00
5.204538693518363957e+00
1.189501109515108368e+01
7.358914668374394452e+00
8.918964554017492219e+00
5.693489617990447726e+00
1.282231072769954672e+01
6.011578035116635910e+00
7.554361971434656375e+00
2.782847883973818437e+00
3.230610458781814032e+01
1.455744421131046984e+01
5.556555739688185724e+00
3.644080529559865056e+00
7.459823791074091659e+00
1.299577756233946069e+01
4.952107479689214387e+00
3.059383396895693163e+00
6.156411987323993529e+00
1.038153486411090576e+01
1.538746717340780634e+01
6.030213998334214232e+00
8.364299986001478615e+00
1.111234236812250131e+01
