7.209631386850210433e+00
1.254277154797417104e+01
3.426251320237329256e+00
6.719174918365507843e+00
7.687830994405334906e+00
9.456434458011852229e+00
3.660071106692459164e+00
1.151449392156883889e+01
1.621537468906515045e+01
4.303621285373528060e+00
1.324074619491886828e+01
8.840983066917136313e+00
1.275703121581491928e+01
1.529349860766531322e+01
1.376253030986301873e+01
4.648854005187886607e+00
1.341983186325669308e+01
6.547017333227572067e+00
4.206104224554512605e+00
1.134570235493350232e+01
1.254707404868713994e+01
1.151495333406059096e+01
7.511178672642658150e+00
9.234523586714114884e+00
8.849942447615823937e+00
1.013269099935219053e+01
2.168166021011735722e+00
1.485340025496119942e+01
1.125811920500141028e+01
1.216914279612035621e+01
4.339937201231227171e+00
8.750687090771805288e+00
4.476371579423078728e+00
1.166537150371148357e+01
1.003628334902708730e+01
1.591005913602210242e+01
1.471489677874881430e+01
1.258439250024958689e+01
1.205424149392773536e+01
6.517436337664386237e+00
5.922861458904468357e+00
1.055153701437329516e+01
1.141031014365401752e+01
8.497092646287384810e+00
1.063120460976479187e+01
1.174573476795682758e+01
2.621765392336589340e+00
8.830072112916035110e+00
3.225103612325299185e+00
1.392210032037064593e+01
6.693579312227543987e+00
1.294245452600768331e+01
1.440507371848495843e+01
5.492344821916562481e+00
8.757897276569726941e+00
4.490122609322184211e+00
6.856736517710698031e+00
1.423880349568418069e+01
7.248449810445474206e+00
5.399407361534289684e+00
1.295517119459174715e+01
1.495742128465317577e+01
1.448392183877577644e+01
8.482922999966296729e+00
8.927179115134359577e+00
6.294815696173841069e+00
7.386460118523955565e+00
7.899957766210371268e+00
1.420409065341831045e+01
5.562349482186009553e+00
1.334778889310521421e+01
9.603461648963229180e+00
1.162822742372785001e+01
1.758041700670668561e+01
5.031354062767522173e+00
5.897134114844472030e+00
8.329194059483263857e+00
4.109698184464862791e+00
3.511919063065811031e+00
4.824544314662583488e+00
9.233147864057039911e+00
9.198286722514097846e+00
1.255525303948355642e+01
5.485840093086554070e+00
1.049015652774205165e+01
8.908640638193869421e+00
5.646359412212509810e+00
1.367604902403245326e+01
9.660952845285837753e+00
8.430397447786230458e+00
5.745385877326281587e+00
4.259785336680912415e+00
1.245542687171652219e+01
1.004159199228102040e+01
1.617610929713431034e+01
9.629582990377105745e+00
4.980785714834983224e+00
7.106504109890501297e+00
9.361737562717193484e+00
6.502568154234493747e+00
9.046899908067233653e+00
4.668850174350029469e+00
1.526018133673956356e+01
6.903073708243035789e+00
5.633755276354241559e+00
1.284112619961126889e+01
8.937863992003318714e+00
1.236815773676161534e+01
1.076849411310031357e+01
2.350056370911069337e+00
8.768968194854126708e+00
4.902718418749246965e+00
1.394621002854874625e+01
4.179792697718377248e+00
1.300820072881544398e+01
4.799485909440574183e+00
5.215992454381589205e+00
1.184643505127717589e+01
1.417254353193830951e+01
1.496509614494181939e+01
9.206342062353208178e+00
1.016266119933606049e+01
1.556803142301058784e+01
1.160686445136736644e+01
1.213482697564730017e+01
1.121656886369572526e+01
1.501326231561748514e+01
9.882913958575201718e+00
7.369337171003995657e+00
4.917651171993112413e+00
1.611281675958074544e+01
1.403348935023137578e+01
1.278977410266499604e+01
1.564421775775566381e+01
2.726349747361838993e+00
1.135162862910674519e+01
1.611583537403961230e+01
1.552783684397311426e+01
5.182477942972474771e+00
9.614458444461508435e+00
4.897191610325763556e+00
6.555106077591807967e+00
7.394237748117909348e+00
2.422195336838633306e+00
1.129852292561065319e+01
1.124382120541570274e+01
7.032764785000290786e+00
6.945002076211930664e+00
7.775930909751322950e+00
3.604041919183931242e+00
6.171923224165568378e+00
1.216090014865150515e+01
1.336311601509103930e+01
6.528777488091842329e+00
5.563272971747057483e+00
9.312901638821303507e+00
1.404202870771305456e+01
1.330388936649494624e+01
1.527600446868982154e+01
1.562319782303544180e+01
1.137527288590239394e+01
8.773396344323638019e+00
2.982868557075065929e+00
1.743179537818930669e+01
1.041278644631505479e+01
1.331819960410866344e+01
8.177088894210168490e+00
5.245553092543449480e+00
7.631861217864631897e+00
1.415274148213157623e+01
6.105800726141850987e+00
1.078810429233506518e+01
3.160072743088251368e+00
1.077931998796418078e+01
8.005090715409663105e+00
9.863505357625445669e+00
1.500023381928377653e+01
7.753068452186520965e+00
2.551241593814843167e+00
7.319074705922566260e+00
1.444938177485684960e+01
1.462895906235922538e+01
1.349447403971218229e+01
1.215387338948548646e+01
2.510474018031079169e+00
1.388108324243833813e+01
5.886041968591413820e+00
8.070413661523476279e+00
5.050826102450502120e+00
1.226891165603517031e+01
6.927732654300573500e+00
1.600269678891723402e+01
3.911149213205790787e+00
1.306199325043976955e+01
5.634714944938330916e+00
7.147610487790526435e+00
2.351965598381348332e+00
1.989680462157896912e+01
5.290750062569802736e+00
3.849673206200774800e+00
7.040372224330267770e+00
1.319533463613892366e+01
4.887899644649325026e+00
2.817380689874302124e+00
5.753671790925012353e+00
1.065949456449502364e+01
1.467002048609515086e+01
5.649752751487819857e+00
8.122291727701986375e+00
1.148503076445322613e+01
