7.587562221073595126e+00
1.212161576902189353e+01
3.405272401422232420e+00
7.118822451968648046e+00
8.017428977488959774e+00
7.053712341419838161e+00
3.538026563349398579e+00
1.979633964840723337e+01
1.117697146334375979e+01
1.738134042335443041e+01
1.284486399840464976e+01
8.987084864891617286e+00
1.233494603704740378e+01
1.566106562904023214e+01
1.344835628236035596e+01
4.509627564807420441e+00
1.304511293406344130e+01
6.945537099027721872e+00
3.966440979335508210e+00
1.103135373474537850e+01
1.212583247442469236e+01
7.861199659240679871e+00
9.305953820343809468e+00
8.994385935763602902e+00
1.002845308381072797e+01
2.203688116099234318e+00
1.494683148315569454e+01
1.095657299941251139e+01
1.176488342700975132e+01
4.109971033940960972e+00
8.913366929701240338e+00
4.275397116282065646e+00
9.950711592961944518e+00
1.677820963042654867e+01
1.473595437696377708e+01
1.216251869541357244e+01
1.165860406167161933e+01
6.915222297912118066e+00
6.264561924496005574e+00
1.036843554842556436e+01
1.006294326867417510e+01
1.108684946111373648e+01
8.704820883836358547e+00
1.043366265746198174e+01
1.138006389561977016e+01
3.027234220534470222e+00
8.978190282915056386e+00
3.304450153629325815e+00
1.364597634905025636e+01
7.093384040394317580e+00
1.252546573177110290e+01
1.428713904066626306e+01
5.728892259659552622e+00
8.919262721572899011e+00
4.293112459769176326e+00
7.253738460941461241e+00
1.405872350519033631e+01
7.623332829097203778e+00
5.604197331738752119e+00
1.253874690395733538e+01
1.510951586995954088e+01
1.439843712088370964e+01
8.693093693288284740e+00
9.057233737634573956e+00
7.749165016032544706e+00
8.201665447145655818e+00
9.537573168882248709e+00
1.401208420169347413e+01
5.820567590616058773e+00
1.296374241312865117e+01
9.602747875595596838e+00
1.127630632841825076e+01
2.043287097149752540e+01
6.234307990219778439e+00
8.565281480351544019e+00
3.874044563523025619e+00
3.451594722204596177e+00
4.767541124896224503e+00
9.276722064556157221e+00
1.213385568793639457e+01
5.720276625497668910e+00
1.031832290363044713e+01
9.042163642675923541e+00
5.928113246751992804e+00
1.027779088830602738e+01
9.648927835499890193e+00
8.649545599314862443e+00
6.051575854633810536e+00
4.021807224332618169e+00
2.334015073468963308e+01
1.203657651378962079e+01
9.954988904717611220e+00
8.435821324169261004e+00
5.002266709502979580e+00
8.786798951195505580e+00
7.491671708920133455e+00
2.160906643648941383e+01
2.914227407617969945e+00
9.408431765965588056e+00
6.899922183011562460e+00
9.154351557008396867e+00
4.538244069543320158e+00
1.560459330941595546e+01
7.298534827646639300e+00
5.912145791687796859e+00
1.242063905810568869e+01
9.065915509058916300e+00
1.195264975752588832e+01
1.054661154457784100e+01
8.928312188220965950e+00
1.367641725800504027e+01
3.940347560622608380e+00
1.259444044218769321e+01
4.730080253604138640e+00
3.519691528303173111e+00
5.348000798002543021e+00
1.146996101671656021e+01
1.397000509454267458e+01
1.512166735361912018e+01
1.005265063002648063e+01
1.614160455522999627e+01
1.125756862015658477e+01
1.173298676741105417e+01
6.746156338720266987e+00
1.521781662528753243e+00
9.236268390464930533e+00
1.092126878473392004e+01
1.519839696453598954e+01
7.733662623425876959e+00
1.717515210494736877e+01
3.780805703640983229e+00
1.378793601876308905e+01
1.236817395879137038e+01
1.627977727731686031e+01
5.971780296724960913e+00
2.619942024125252900e+00
1.103643217500471607e+01
1.718116952021462396e+01
1.606955013907752061e+01
5.299788243350414874e+00
9.611581397844265240e+00
4.876656218784559904e+00
1.021434768333924659e+01
6.953797786656872759e+00
1.028986600867562196e+01
7.756196647555337442e+00
2.715333700026740349e+00
1.099100815428883493e+01
1.094441216581551224e+01
7.422300119357025494e+00
7.338801944796771615e+00
8.094363180703082250e+00
3.504292191280363511e+00
6.547651436482303744e+00
1.175720949696328432e+01
1.298096055465782150e+01
6.926864405640594136e+00
5.821764283894201419e+00
9.369115602390047925e+00
1.379895958375337095e+01
1.291470135467532465e+01
1.563136366806340405e+01
1.624144636620049198e+01
1.105671774373510452e+01
2.574400040203834727e+00
2.007619946723180604e+01
3.202993385802311188e+00
1.025531669718821348e+01
1.293064317801565544e+01
8.437663851020024808e+00
5.390180291166644544e+00
7.968223765915301904e+00
6.474135573893589068e+00
1.063610308220040146e+01
1.056280616547517326e+01
3.273674739895835906e+00
1.055554985765079223e+01
8.618463493358939687e+00
8.291770669189938658e+00
9.811672283849560472e+00
1.517756237109416517e+01
7.687980762535550738e+00
1.434944170231715077e+01
1.460834091195776097e+01
1.175067375829915406e+01
2.968688494319974058e+00
1.359454442220451220e+01
6.221201483468081328e+00
8.347391562330246373e+00
5.106790467434311864e+00
1.185840484802956318e+01
7.322246960343623989e+00
8.975620832602615451e+00
5.591086926581057881e+00
1.695778849024990365e+01
3.708933967210354066e+00
1.265145618817729734e+01
5.913363595978395004e+00
2.777223182417683400e+00
1.403733844653147855e+01
5.454023323430426728e+00
3.663682047073180570e+00
7.429489346488097112e+00
1.279513786768777805e+01
4.862678006355906746e+00
3.118452149944261453e+00
6.061750507074995298e+00
1.045687835721855130e+01
1.466901027386554723e+01
5.932402117970868360e+00
1.115140320433010857e+01
