7.484568671058844380e+00
1.198198126042137623e+01
3.434407865851516473e+00
7.028476280514264651e+00
7.904691011559878966e+00
6.965296365810623946e+00
9.350430765694859758e+00
3.573951507185538556e+00
1.970403939246350333e+01
1.103579890436901678e+01
1.727249820299993743e+01
4.103143057814916617e+00
1.270799200600142065e+01
8.858300575767525942e+00
1.219601192450706506e+01
1.554068499922792057e+01
1.331446813869715839e+01
4.526550131531429599e+00
1.290917520229276505e+01
6.860423490557247206e+00
4.003074571039983098e+00
1.089022352749629619e+01
1.198621074936772501e+01
1.103619810902521792e+01
7.751804773271501858e+00
8.865509540908746544e+00
9.890303131414382776e+00
2.223033743060253808e+00
1.081549872040518245e+01
1.162433914834638315e+01
8.785535300343942922e+00
4.302197068764908039e+00
1.116783763226955628e+01
9.813017723035258655e+00
1.666528099291325660e+01
1.460962037861216523e+01
1.202301005226253139e+01
1.151785989816981193e+01
6.831055643494682528e+00
6.203018145366914204e+00
1.022869795099742518e+01
9.924602395117894105e+00
1.094569292245660286e+01
8.579912246680498455e+00
1.029369261878397168e+01
1.123897086617365382e+01
3.005904697508910317e+00
8.849518746870195685e+00
3.325175377862883419e+00
1.351316151177521085e+01
7.003786873384958866e+00
1.238724303035768948e+01
1.415804249913531265e+01
5.689221781434357972e+00
8.791353374398786613e+00
4.319217226900343043e+00
7.159528915575165797e+00
1.392826650709482728e+01
7.519462243050346828e+00
5.570007362421633523e+00
1.240057658247689254e+01
1.498555172733386343e+01
1.427001547604401921e+01
8.568359623131502900e+00
8.927581071202213892e+00
6.604879244063170063e+00
7.642305894612651862e+00
8.085267299665456875e+00
9.402930806596099700e+00
5.776956445806171736e+00
1.282741764488069514e+01
9.467551274083787050e+00
1.113515318836535428e+01
5.068016280372716231e+00
8.442521971987197560e+00
3.912402867077970914e+00
4.772526026778438180e+00
9.172416001065128555e+00
9.144586671800462696e+00
1.199425840891425921e+01
5.680980427262399601e+00
1.017877919462019243e+01
8.912694419249552524e+00
5.879979723816886050e+00
1.320952021709827484e+01
1.013841389176644903e+01
9.513355465755225282e+00
8.525469436609286689e+00
5.998389225513974132e+00
4.057081085100501916e+00
2.327225782431769474e+01
1.189669383487569831e+01
1.719259383482192405e+01
8.315198543827879263e+00
9.488361283113661671e+00
4.996056428057744192e+00
8.660700591828147665e+00
7.391089940987599860e+00
2.152924717941789723e+01
2.867036198117925316e+00
9.274971914144163776e+00
6.816237052109838324e+00
9.023557064241655823e+00
4.553880620106227184e+00
1.548384202630188966e+01
7.203082829988529667e+00
5.864676702010880760e+00
8.936157930990644260e+00
1.181254073065401577e+01
1.040629101147538194e+01
2.761953832717527035e+00
8.800284070053182361e+00
4.884366593648683974e+00
1.354377123304439223e+01
3.977541931399629860e+00
1.245649352951287980e+01
4.736835816607032790e+00
3.554929049345866954e+00
1.132895159349866532e+01
1.383902955932846091e+01
1.499778117627677965e+01
9.151018351101633641e+00
9.914366003823420925e+00
1.602440492497233393e+01
1.111640891246595508e+01
1.159237884075860414e+01
6.667444731657361956e+00
1.517220274650870282e+00
9.104564363966082041e+00
1.078022924575088659e+01
1.507500423303045878e+01
9.690382219488935078e+00
4.905758191155494607e+00
1.706490949230094856e+01
3.820060983420062062e+00
1.365591577604524609e+01
5.921842390471455886e+00
2.493850394486214483e+00
1.089529902647272941e+01
1.707096773138564672e+01
1.595187077780034635e+01
5.279493216168079428e+00
9.476311837358725398e+00
4.876448809617659919e+00
1.007524968173110480e+01
6.868427772600044001e+00
1.015043841312273720e+01
7.649174930346683610e+00
2.614488924575716133e+00
1.084990516845444297e+01
1.080334924279639708e+01
7.323518746411684432e+00
7.980060095859035307e+00
6.475723516097033894e+00
1.161664962340177176e+01
1.284471686298416415e+01
6.842332965566412462e+00
5.778102213245110974e+00
9.236038424180120998e+00
1.366700180444751567e+01
1.551078799727052093e+01
1.091557391914000519e+01
8.803855267313631217e+00
2.437788040869340200e+00
1.998582462447347652e+01
3.211803619122348241e+00
1.011603599691951416e+01
1.279416382087864790e+01
5.365691047862901186e+00
7.856514737804273452e+00
1.381261217733071334e+01
6.404824186773827144e+00
1.049555029482113255e+01
1.042244066845972661e+01
3.291176502816573812e+00
1.041520434574985998e+01
8.494866271739644148e+00
8.173691101879970944e+00
9.674885137764231757e+00
7.960554160953737579e+00
2.962102505516233997e+00
7.582556061259478675e+00
1.422072205243106247e+01
1.448121087808522311e+01
1.299509768985867275e+01
1.161010074334422804e+01
2.934550117100555688e+00
6.161321545718416282e+00
8.228309060920702578e+00
5.095596493629255264e+00
1.171806468461367245e+01
7.226145369226657955e+00
8.846981979964450460e+00
5.557480899446025191e+00
1.684607324028195663e+01
3.748168566555575953e+00
1.251374411857303670e+01
5.865843744407094995e+00
7.428489337158166173e+00
2.693578275973498304e+00
2.643801474636458693e+01
1.390675592271992933e+01
5.426604351173179630e+00
3.702528054200774132e+00
7.330519209742343278e+00
1.265804373738463795e+01
3.114333284435250260e+00
1.031683094583149796e+01
5.884090549127118486e+00
8.271519609814101059e+00
1.101023188204728420e+01
