1.208396884282008088e+01
3.361336158437878918e+00
7.050759459143407959e+00
7.898261908894231631e+00
6.989427265960322266e+00
9.309162470392742250e+00
3.506389948947945090e+00
2.195105862001161512e+01
1.104187349906361426e+01
4.075859483983490961e+00
1.292151219031163834e+01
8.824390464636936215e+00
1.232751266233964316e+01
1.643795600473996643e+01
1.364468400491080402e+01
4.530837343343742774e+00
1.315915916621669801e+01
6.887497728995785273e+00
3.967481100354864676e+00
1.088643726586173344e+01
1.208875368343115575e+01
1.104230147608806156e+01
7.750530088480585000e+00
9.134122559468593749e+00
8.831447073948668347e+00
9.849969837007366280e+00
2.205965549764959288e+00
1.551694874310352468e+01
1.080713348902237847e+01
1.168346029609861247e+01
4.118617942897226492e+00
8.753226284318989414e+00
4.290713072395806904e+00
1.118395293871387963e+01
9.771859708786520216e+00
1.790338185068181787e+01
1.524803664471696685e+01
1.213043247343821562e+01
1.156578276729911003e+01
6.858923962704984056e+00
6.243684340053207826e+00
9.884716171129278806e+00
1.094551626837139935e+01
8.552696011346457183e+00
1.026199190218878066e+01
8.815795789049646558e+00
3.251230181785734086e+00
1.388582117041764441e+01
7.026798341995872832e+00
1.254752192901867147e+01
1.468107669055293307e+01
5.732066946645417715e+00
8.758912201539621023e+00
4.309015010667021528e+00
7.177824799527870780e+00
1.439563825218345094e+01
7.526040014057904237e+00
5.611950414488233285e+00
1.256294569535019789e+01
1.572540616191538909e+01
1.482094701869078257e+01
8.541452040262591083e+00
8.892255540900713129e+00
6.638354094187534749e+00
8.072869251436271654e+00
9.361293417017986229e+00
1.433763410250736747e+01
1.306230513892321632e+01
9.425585065818955499e+00
1.114868465715737855e+01
2.281442103770617535e+01
5.099030393595599620e+00
6.214944461094538575e+00
8.419112264322263783e+00
3.869264513761234259e+00
3.411986641794984010e+00
4.790995710621121617e+00
9.133039142404157928e+00
1.209786115246567384e+01
5.723782066114738498e+00
1.014384251124511138e+01
8.877663717264679732e+00
5.923094616480077512e+00
1.351812336930504266e+01
1.010249201967810251e+01
4.025987222248508246e+00
2.678029118214189452e+01
9.776149886144196444e+00
1.859828489851513922e+01
8.295553704821017504e+00
9.446319477466445846e+00
5.024459159015279397e+00
8.631389846556892564e+00
7.401942533103889055e+00
2.441511822473198023e+01
2.840717719778205641e+00
9.234388009351956583e+00
6.844500733026908534e+00
8.986458920826814634e+00
4.559910459656186354e+00
5.907820298014028637e+00
1.242617999727102607e+01
8.900664902854808602e+00
1.189320963443933721e+01
1.037839977890380005e+01
2.760306181475323140e+00
8.767641411788469341e+00
4.908155147794315276e+00
1.392314192105315662e+01
3.939817576331389848e+00
1.262774595501806907e+01
4.753459313260627539e+00
3.486384108847288665e+00
5.363604197915171845e+00
1.135876167934715397e+01
1.428538513650336483e+01
1.574101001677717271e+01
9.111931792699452970e+00
9.874341058814115613e+00
1.706511094896391612e+01
1.164806354623788387e+01
6.699465262798056209e+00
1.521314029437045079e+00
9.066151948826249196e+00
1.583964344597544738e+01
9.648416482393221472e+00
7.630110081666049204e+00
4.930484019461762735e+00
1.842964153454473930e+01
3.769424169222059362e+00
1.406025464204424935e+01
1.236571489150984071e+01
1.724638809002341944e+01
5.964835958930430948e+00
2.575154855146688515e+00
1.089183555107202217e+01
1.843763794485471053e+01
1.697073789865693172e+01
5.316607474110659481e+00
9.434311979748825294e+00
4.899883960927942539e+00
1.003794004779928351e+01
6.895283201933053441e+00
1.011480192648545895e+01
7.651376507330854615e+00
2.655443571777713618e+00
1.084360809358279099e+01
1.079427000371503453e+01
7.336585678977693092e+00
7.257937178027026093e+00
7.971118337425979306e+00
3.469571568592692223e+00
6.511938029818673535e+00
1.167493807524230220e+01
6.869897996377246407e+00
5.821245744944348210e+00
9.195876131588349267e+00
1.407384094528569562e+01
1.300412118166415709e+01
1.639937333317656609e+01
1.719605999073645464e+01
1.091341489987889268e+01
8.771132507789834776e+00
2.538858334929427585e+00
2.233035984573012911e+01
3.141171010558308829e+00
1.302301939636524075e+01
8.297309878981142361e+00
5.404648362475098722e+00
7.851703486405982702e+00
1.425281304551072026e+01
6.442379820791630962e+00
1.047114378620716657e+01
1.039514905894050401e+01
3.217731135661782815e+00
1.038764238508248461e+01
8.469972395175821234e+00
8.158448676449049586e+00
9.632859581025929430e+00
1.581284362216864636e+01
7.952260186191183244e+00
2.917955570790247144e+00
7.587009830954118073e+00
1.475931203811449599e+01
1.508605767776420237e+01
1.326135002209298008e+01
1.166768296830571394e+01
2.895121843819610685e+00
1.382287095263255949e+01
6.202489011057324753e+00
5.127537860653106350e+00
1.178763621175182053e+01
7.242345241900078889e+00
8.813313400701273892e+00
5.599294406109962985e+00
1.814115679195847974e+01
3.691984329162137257e+00
1.269428737301959309e+01
5.908985449915598487e+00
7.438104613629183071e+00
2.710610621267443232e+00
3.109397319000895266e+01
1.436903014790600430e+01
5.466650612482668592e+00
1.286287208658883685e+01
4.885970853668282210e+00
6.050705573974390461e+00
1.028586064890496132e+01
1.516299163964742114e+01
8.253211491913029718e+00
1.101448361149625299e+01
