7.390819040267689211e+00
1.219099057474556780e+01
3.261321947971955737e+00
7.798523033160049245e+00
6.886953050829207612e+00
9.231677877638256646e+00
3.398362603609810684e+00
2.368057081011600928e+01
1.105378697291305201e+01
1.983636619823770886e+01
3.958375619559194813e+00
1.312536443719397816e+01
1.246097609499179626e+01
1.717372494832681795e+01
1.394407102827057443e+01
4.415861435424847770e+00
1.339330787035425629e+01
3.850179301317736780e+00
1.088683296200629869e+01
1.219628046689037326e+01
1.105424764571824170e+01
9.051942453617446205e+00
8.742652894336625735e+00
9.791569794830484952e+00
2.212982024117124080e+00
1.610007937376184728e+01
1.175034922586295494e+01
4.001179625831508879e+00
8.663007820709893281e+00
4.173953836286833585e+00
1.120701607243341158e+01
9.710247297646461107e+00
1.889302843686463618e+01
1.578793477619803554e+01
1.224238337785227593e+01
6.756288334370935900e+00
6.140063114008336598e+00
1.015285786230087162e+01
9.827797071340585333e+00
1.095020574995619533e+01
8.459309506485892527e+00
1.022328101269155276e+01
1.129028609351332157e+01
2.905497952863617783e+00
8.726707742788097022e+00
1.421911790481341953e+01
6.924373339442817077e+00
1.513222884345997166e+01
8.668793567500101105e+00
4.192364808754628136e+00
7.075624434711832222e+00
7.424646386762737471e+00
5.505834186214010550e+00
1.272334612419029831e+01
1.634249802634024817e+01
1.529366553340266499e+01
8.447907372946152904e+00
8.804646276504865199e+00
6.535443926199232756e+00
7.543763629531513359e+00
7.974321734155947361e+00
9.285339681040181148e+00
1.473684008014522462e+01
5.715041038733742695e+00
9.351606000544501640e+00
1.116892494048310702e+01
2.470588356319085932e+01
4.989221155884813186e+00
6.111252054898619335e+00
3.752589857476499535e+00
3.308762333696880553e+00
4.678395521374697275e+00
9.050832045312654728e+00
9.022707218832600518e+00
1.220635087684967957e+01
5.618266530072320464e+00
1.009900301522809940e+01
8.789763787034015508e+00
5.818469938930470597e+00
1.380009837583910581e+01
1.005560054850964313e+01
9.398725304137785841e+00
8.405612302340818687e+00
5.936804372248826844e+00
2.942520575555773377e+01
1.208471243227304548e+01
9.714709751740537413e+00
1.971173923191478750e+01
8.199019970235310595e+00
9.372997999457911789e+00
4.914000226078868216e+00
8.539166762840466163e+00
7.300200109585145647e+00
2.660910379595055630e+01
2.817119385431907652e+00
6.741847763016223460e+00
8.900824833702486671e+00
4.445187596517505391e+00
1.708800404131465100e+01
7.117885429431668243e+00
5.803135163223247517e+00
1.257077214893185868e+01
8.813224987367528129e+00
1.198058206347623766e+01
1.034611666991852985e+01
2.759141131060094843e+00
8.677677156292970650e+00
4.796644292765134487e+00
3.822642555548554366e+00
1.279578774998152824e+01
4.640508003215251698e+00
3.379258371063118993e+00
5.255885969011719006e+00
1.139635050307702002e+01
1.467682183056026979e+01
9.029203798397654523e+00
9.816976379743275416e+00
1.790813865626975243e+01
1.114712801821356436e+01
1.171161452012603021e+01
6.596634895698814560e+00
1.519394791178962922e+00
8.982326240578561993e+00
1.076203696666582843e+01
1.647550172314381811e+01
9.582050915156262505e+00
7.529077342574772125e+00
4.819178090386950331e+00
1.951288511754072275e+01
3.653973510391596236e+00
1.441864712393617687e+01
1.250345929259311717e+01
1.812083309749036530e+01
5.860370182249405424e+00
2.638899514296424886e+00
1.089261930954273438e+01
1.952231174673936565e+01
1.779747919102354459e+01
5.208545192108858579e+00
9.360608443496685638e+00
4.788296907203132946e+00
9.987940497602851408e+00
1.006851632037013111e+01
7.550426207640364318e+00
1.078817295865024661e+01
7.234689739841267730e+00
7.155879618064215464e+00
7.871839056897697695e+00
3.363249703618269137e+00
6.408843952808635613e+00
1.174102017844538537e+01
1.330705310134351471e+01
6.767275585963610673e+00
5.716193839133053345e+00
9.115275995724879010e+00
1.443420711713481630e+01
1.321837503277621551e+01
1.712862316947502705e+01
1.806176540417424192e+01
1.091575851196868818e+01
8.681230373187965199e+00
2.616702331429888062e+00
2.413090011160967308e+01
3.061939983786477359e+00
1.003159428884971760e+01
1.323967249217056796e+01
8.200794485820585678e+00
5.297220193918705355e+00
1.463942506146164213e+01
6.339169778942681077e+00
1.044426189829348495e+01
1.036382293378986397e+01
3.129822475123938297e+00
1.035588635628402443e+01
8.375467893758271387e+00
8.060604517084835052e+00
9.565922611605532921e+00
1.644428979427189930e+01
7.852856990396158032e+00
2.876123830416025040e+00
7.485819321968477880e+00
1.560025236647619806e+01
1.350886979564925738e+01
1.414722547498933025e+01
8.113977063121978972e+00
5.017970797752124845e+00
1.186454921685281505e+01
7.140258298416935823e+00
8.724179157894417003e+00
5.493105487334792869e+00
1.917295972526509829e+01
3.577995207526172727e+00
1.287027481075896063e+01
5.804304971067678842e+00
7.336455596743737928e+00
2.725149282455856969e+00
3.456881797305704396e+01
1.477292218479539976e+01
5.359641818322504747e+00
3.530238894907268055e+00
7.241477237567931269e+00
1.305942711424538949e+01
4.774255305620518364e+00
2.984179094235239305e+00
5.946538582504449444e+00
1.024843604588878065e+01
1.568936157516582952e+01
5.822587637325727705e+00
8.156247743234212422e+00
1.102431581487309487e+01
