7.453024314652647142e+00
3.449041399055182922e+00
6.984811913040557485e+00
7.890110827423293394e+00
6.920540009068859355e+00
9.421423913899236169e+00
3.614865097937426608e+00
1.957118593653850525e+01
1.121111618308756341e+01
1.732051268215379025e+01
4.166918851479826102e+00
1.293219407049432945e+01
8.897077231335511982e+00
1.241318605556318033e+01
1.569251410347222908e+01
1.353787342763492418e+01
1.313418224445391225e+01
6.814193566920340395e+00
4.068887578589711396e+00
1.105802641057770508e+01
1.219841892347129253e+01
1.121153539349037054e+01
7.730476630682257877e+00
9.232744680319742159e+00
8.904743913232431751e+00
9.997377083492807515e+00
1.500647145528956017e+01
1.097928134886011620e+01
4.205139499249009205e+00
8.819724261824232414e+00
1.134958447550062210e+01
9.914970174125588898e+00
1.675290252954192738e+01
1.223617650488518294e+01
1.171470834502846792e+01
6.784490517963207346e+00
1.035770168472416586e+01
1.003393880331382526e+01
1.111640976795356828e+01
8.601498466649742269e+00
1.042678419018528402e+01
1.142402096295825586e+01
2.864654456030184981e+00
8.887738577748935498e+00
3.310885498537909921e+00
1.373427602235457989e+01
1.260788697474507281e+01
1.436548340143229119e+01
5.658772285828803206e+00
4.373330914319920382e+00
7.118603198795405262e+00
1.414161875718911965e+01
7.489130398829437318e+00
5.544709043631927514e+00
1.262142478566209469e+01
1.516339847277684427e+01
8.589255515733521307e+00
8.970778841961800865e+00
6.556909285077962224e+00
7.616537989911612350e+00
8.079416567441329633e+00
9.477435973732619701e+00
1.409577613635622129e+01
5.743137937236628687e+00
1.305222845142327692e+01
9.546386820424592301e+00
1.131534402069515899e+01
2.016036372686806644e+01
5.071088540804281841e+00
6.129387622020656679e+00
8.456036051566128364e+00
3.978145500850837291e+00
3.508801896609498261e+00
4.796061840580361668e+00
9.231574188096072220e+00
9.201908896495448076e+00
1.220667930505926257e+01
5.650865885172203562e+00
1.030461199920483395e+01
8.954938102934866251e+00
5.842667094683532625e+00
1.343374314085859567e+01
1.026166413314820858e+01
9.595263309160250387e+00
8.543820511932135986e+00
5.957679090607099326e+00
4.122036891902669531e+00
2.283901728300214984e+01
1.210641719098873637e+01
9.919503939190578379e+00
1.724598340611649405e+01
8.321522167302658701e+00
9.568592478662219847e+00
5.003939413673579750e+00
8.687169491493225593e+00
2.124613529511310261e+01
2.657093739322640147e+00
9.340931826716984077e+00
6.769515849075935954e+00
9.072955156342986882e+00
4.592942185613999584e+00
1.563853120424733767e+01
7.163204841664501998e+00
1.250087510013281999e+01
8.979906370976706853e+00
1.201973096031408517e+01
1.054634436526020380e+01
2.500355435131034199e+00
4.899967403496723328e+00
1.376444841051239720e+01
4.043539411763723557e+00
1.267814490759012180e+01
4.762925103017806805e+00
3.592914715228998190e+00
5.312721782365153800e+00
1.405437619167308227e+01
1.517510327078000643e+01
9.208764472916612931e+00
1.129569670802144898e+01
1.179205475775183842e+01
6.619651184462633786e+00
1.529968966598195035e+00
9.159254754006122212e+00
1.094207779568728967e+01
1.524896030588930174e+01
9.784155929521785922e+00
7.600808829843656689e+00
4.919861060683104803e+00
1.712679019637687361e+01
3.883372129514222060e+00
1.387480297139231844e+01
1.244721025780446055e+01
1.628142748260951578e+01
5.883253030318507548e+00
2.144447705891797007e+00
1.713244834459435140e+01
1.608181747561176778e+01
5.269395398111034190e+00
9.555734876131369404e+00
4.892606051195625305e+00
1.019442801776883378e+01
6.822295144456926863e+00
1.027445964327063876e+01
7.623675458596645527e+00
2.291392347865468526e+00
1.101555214975034325e+01
7.203371436905296576e+00
7.969027858493198835e+00
3.574258577151162797e+00
6.427918718192815462e+00
1.181721585237428762e+01
1.306958406162371311e+01
6.795892499691133182e+00
5.744242095415748928e+00
9.299410143957555164e+00
1.388569622270171955e+01
1.300275437795176003e+01
1.566412662898265573e+01
1.624506774237956463e+01
1.108471610908863703e+01
8.839193552919811125e+00
1.983038270697788974e+01
3.159295203784852735e+00
1.023784777626930342e+01
1.301884370542180491e+01
8.323433474899509577e+00
7.839741761292142286e+00
1.402851586183390786e+01
6.357419567899531998e+00
1.064100281789828450e+01
3.266301844494973849e+00
1.055580181138293483e+01
8.511419475380170852e+00
8.172390226030030291e+00
9.767621998572058928e+00
1.522891452736310569e+01
7.948590228993857032e+00
2.799578920759366873e+00
7.554511729151414556e+00
1.442636309944492723e+01
1.322012006574855825e+01
1.181042823458482438e+01
2.758397964616727815e+00
1.368324912604872523e+01
6.117012871703514598e+00
8.229902675594718886e+00
5.096864917361247471e+00
1.192218603893478956e+01
7.186849295675783011e+00
8.885041119708436241e+00
5.532761681789161834e+00
1.692221249253368853e+01
3.807591737424057765e+00
1.273612855935992272e+01
5.828980917478924439e+00
7.395076574555416116e+00
2.400992918999831360e+00
2.572219366464581469e+01
1.412060469375145999e+01
5.408355535855877250e+00
3.758436322766729898e+00
7.294086460365383218e+00
1.288187678178898210e+01
4.880232682112347398e+00
3.022569934643622780e+00
5.967193361229297111e+00
1.045136599253497600e+01
1.473747617535921783e+01
5.846648885146335850e+00
8.275446714786472313e+00
1.118426091163962965e+01
