7.614030729817266696e+00
1.190302642698375735e+01
3.309580037791219453e+00
7.200649851187334249e+00
7.989667707982740730e+00
7.142736278013122053e+00
9.282011614774104302e+00
3.477086177982059656e+00
2.219216738427760305e+01
1.873607342103566609e+01
4.137697473114318569e+00
1.273219670703675988e+01
8.838351108682555690e+00
1.214237882442905203e+01
1.634702589816673068e+01
1.346058634440342949e+01
4.650289440261370366e+00
1.297039522919755150e+01
7.046184476916154793e+00
4.013073479193580262e+00
1.190771434834358367e+01
1.089697980555073720e+01
7.853361021486951365e+00
9.121656906299650203e+00
8.844802358150054999e+00
9.779662121730909874e+00
2.203914382657257143e+00
1.538564588121438526e+01
1.067388688112202821e+01
1.151276039752664815e+01
4.186623037499106026e+00
8.773294020809698779e+00
4.382015839048024830e+00
1.103206717293600114e+01
1.788904682078317876e+01
1.510643078381061422e+01
1.139890625986513051e+01
7.019047524686139461e+00
6.426110505545751472e+00
1.009975858380858149e+01
9.811787041943526688e+00
1.080498786739162576e+01
8.589947000383903131e+00
1.110570898480853685e+01
2.869936608009318046e+00
8.830493816439972221e+00
3.184601695227320395e+00
1.370565541628705652e+01
7.178040196860209221e+00
1.235986995308710057e+01
1.452040335880372979e+01
5.917835171445402942e+00
8.778491926670666246e+00
7.320221242240928738e+00
1.422690421179128961e+01
7.645376927074530649e+00
5.796111750262237905e+00
1.237516103646971111e+01
1.560258728622205915e+01
1.466461710760497539e+01
8.579663282302655958e+00
6.808454280313902096e+00
7.755488871927306072e+00
9.329821693894849943e+00
1.416740080299814686e+01
6.006433473224189967e+00
1.287317175699095806e+01
9.388823750621565267e+00
1.099838279199035185e+01
2.311476047501992426e+01
5.264504519867722721e+00
6.397960532492051655e+00
8.467731959142719589e+00
3.367801036366627976e+00
4.935051473642676712e+00
9.120665113162663928e+00
9.095539770573648042e+00
1.191663897352119328e+01
8.887056152791606323e+00
6.109464280563557281e+00
1.333237592554209527e+01
1.001364470617237501e+01
9.430753422099732219e+00
8.541496604511353397e+00
6.226613254032356437e+00
4.080454884246035085e+00
2.736372184796393725e+01
1.180885690018623002e+01
9.711480692260344938e+00
1.862413876218263908e+01
8.354586764704508894e+00
9.407862111282096151e+00
8.661907926221342535e+00
7.529886388544174025e+00
2.482788489415904465e+01
2.763924420479138000e+00
9.213479683330826120e+00
7.005337461712342950e+00
8.986543987480272833e+00
4.682416097702858160e+00
1.627021757514274114e+01
7.359804657482279744e+00
6.094226731786049456e+00
1.223977098528436791e+01
8.908086698817097471e+00
1.027078585628987817e+01
2.697502740086052953e+00
8.786471924977286463e+00
5.061319088530172650e+00
1.374367347240316839e+01
3.981133031065433148e+00
1.243946537588464096e+01
4.894340868510304254e+00
3.453862938552611173e+00
5.541214261631313143e+00
1.119952186684497164e+01
1.411384317527084242e+01
1.561884275675352640e+01
9.101344329367517361e+00
9.802192436321954361e+00
1.700539086593812499e+01
1.097910814987502626e+01
1.147847439581579110e+01
6.867005905099831331e+00
1.521820194385122615e+00
9.059448785198565446e+00
1.063861692959454786e+01
9.593712883435532746e+00
7.741935008364765558e+00
5.085248125414938869e+00
1.844555541465826565e+01
3.783458568805149191e+00
1.388354386032283827e+01
1.218005886392970893e+01
1.719615580508649799e+01
6.151032259136155034e+00
2.578657457103344708e+00
1.075407242787737161e+01
1.845402057335391177e+01
1.690615677299107844e+01
5.492463150130211247e+00
9.396836206405094316e+00
5.052444217282729966e+00
9.953715422568686577e+00
7.053572994473237046e+00
1.002508264009642147e+01
7.761635700253491699e+00
2.623740563367679801e+00
1.070839370066947716e+01
1.066172558042095631e+01
7.468896282531771291e+00
7.395339817281730177e+00
8.056749716874268330e+00
3.434369465764024465e+00
6.686803745464279913e+00
1.150450251873174246e+01
1.289369546528375032e+01
7.029473484828607788e+00
9.178201616169776145e+00
1.281486088237129195e+01
1.630661244147721689e+01
1.714317421335268676e+01
1.077453104661369032e+01
8.789663388836686408e+00
2.561598311225607549e+00
2.259735026062155683e+01
3.062960261422163377e+00
9.992383526724502474e+00
1.283379240791889586e+01
8.356195796060044145e+00
5.583653412085416434e+00
7.946752906823350671e+00
1.408047563427383864e+01
6.619549779429260816e+00
1.035760600027222189e+01
1.028645045353212950e+01
8.514274765698454317e+00
9.579386715935243046e+00
1.569370493223356711e+01
8.039394381221866226e+00
2.834277342556290158e+00
7.701976657833015771e+00
1.460103750055691663e+01
1.493861955628197968e+01
1.307318540409786145e+01
1.149747399165988782e+01
2.812887583072678499e+00
1.364158197693310548e+01
6.385746868209316141e+00
8.277397930406349857e+00
5.294588992348521650e+00
1.161386262420905524e+01
8.828224420056525190e+00
5.783228848517821596e+00
1.814033819680098958e+01
3.693251083010599345e+00
6.095389586133936888e+00
7.563581930755390204e+00
3.199739220515876426e+01
1.419960234198605065e+01
3.636177113261602756e+00
7.475221819471008722e+00
1.267360794002076574e+01
5.037502253358732140e+00
2.966621434339044683e+00
6.236216254445384521e+00
1.018435495650836842e+01
1.501828722949481687e+01
6.113553636480479447e+00
8.315783665617233922e+00
1.087051413207904993e+01
