7.556033972816571520e+00
1.211386508954858776e+01
7.098367570205925681e+00
7.975999094590448202e+00
7.034777000112019785e+00
9.419378964684248956e+00
3.501025932069681268e+00
2.071537608880022674e+01
1.112829048695226319e+01
1.794836701058567030e+01
4.061513546292778720e+00
1.288527776935347902e+01
8.927336428418325198e+00
1.599731341256272543e+01
1.353927309447246330e+01
4.514691329183220248e+00
1.310130272431374543e+01
6.929101087632834499e+00
1.097856802313735436e+01
1.211832093854441261e+01
1.112870172944266045e+01
7.823301477209182231e+00
9.242294011593365610e+00
8.934533347202281206e+00
2.210207232287068724e+00
1.519566603456998344e+01
1.090189911239857068e+01
1.173871947703929841e+01
4.103864897505189013e+00
8.854705313413363754e+00
4.274815565435753584e+00
1.126451337153196341e+01
9.883923031486798294e+00
1.726173623426860360e+01
1.496025982260220388e+01
1.215710882505722168e+01
1.162765127119030772e+01
6.262516906059311772e+00
1.030384487847765662e+01
9.996385385183650385e+00
1.103556093506091251e+01
1.036976001910089096e+01
1.133807143980076049e+01
2.952740443578133256e+00
3.249896211977518767e+00
1.375526698982389995e+01
7.073524008686586484e+00
1.254286268249235725e+01
1.446151900732391837e+01
5.735244031734168857e+00
8.860511866105623469e+00
4.293043167741003252e+00
1.420901252900543987e+01
7.590962664641372371e+00
1.255704687071687253e+01
1.537769867706370697e+01
1.458488978026513649e+01
8.638035733634751523e+00
8.996511433777978795e+00
6.670900969932316293e+00
7.713852454343893328e+00
8.156216122371001020e+00
9.471982707754660780e+00
1.415757236527502805e+01
5.825742352635212562e+00
1.301339992228870024e+01
9.536768239275165371e+00
1.123075509064399924e+01
2.144787383517545720e+01
5.088215293044290988e+00
6.232823354423858042e+00
8.512534802292980984e+00
3.857524748876148823e+00
3.408317513228805051e+00
4.776310017791042917e+00
9.241195804537499114e+00
9.213363321293305930e+00
5.726732575286842319e+00
1.025326944182716460e+01
8.981645451350141585e+00
5.931756699339140404e+00
1.342551935724534751e+01
1.021240427709125065e+01
9.582715772149285272e+00
8.595258220005685956e+00
6.053278892361555030e+00
4.012175732097678527e+00
2.480304796426149494e+01
1.202410978489305826e+01
9.888204528248877523e+00
1.785788391294630983e+01
8.385560176739096150e+00
9.557640591391052709e+00
5.012508043614029241e+00
8.730145851730579665e+00
7.462408371262866602e+00
2.280367267796200537e+01
2.834376321198110560e+00
9.343815786017243497e+00
6.884528630678349082e+00
9.092383277719280343e+00
4.543840132031775170e+00
1.593371029396435112e+01
7.273846352605793264e+00
5.916026342474975941e+00
1.243107658854782471e+01
9.005076906886557708e+00
1.193572877664081489e+01
2.749132927518730174e+00
8.869425132786158628e+00
4.894681486576645923e+00
1.378861309363138155e+01
3.927074749666608522e+00
1.261657885721468553e+01
4.738456206046079089e+00
3.481388706177024339e+00
5.357752539526050128e+00
1.143129369915729399e+01
1.539130953647561562e+01
9.219795217539500598e+00
9.986060993334758606e+00
1.653984708902704881e+01
1.121140634928202395e+01
6.734214368040103871e+00
1.520389128232256137e+00
9.173346374347181253e+00
1.086575457378950205e+01
1.547729844382981845e+01
9.760520190034320365e+00
7.698710637064703377e+00
4.917278485668558297e+00
3.759276980804296286e+00
1.391094040585658398e+01
1.237524108274237733e+01
1.669624752808203638e+01
5.974758750280675379e+00
2.545175471494324437e+00
1.098378005859452600e+01
1.772022679986244498e+01
5.309773381859553609e+00
9.545554489649964225e+00
1.014851231104217000e+01
6.937172205407728498e+00
1.022457482962253117e+01
2.634979677599428083e+00
1.093718539892761221e+01
1.088944514169797628e+01
7.394679742353519991e+00
7.313160109374429396e+00
3.464882917624469538e+00
6.539984858659790845e+00
1.173068904994167738e+01
1.303198652976851335e+01
6.910856034680395332e+00
5.826922877031674552e+00
9.304847889434428865e+00
1.392304630595518411e+01
1.296050205596448457e+01
1.596385665132241982e+01
1.665284326053102859e+01
8.872989448741975593e+00
2.504029025954285892e+00
2.103730661118656542e+01
3.140605775261307464e+00
1.018976103759955976e+01
1.297769095422841801e+01
8.387366385278882674e+00
5.399688242443200004e+00
7.927895515203276844e+00
1.408226822936111766e+01
6.467988806072944463e+00
1.057497208522758747e+01
1.050055849801920793e+01
3.216726636504444237e+00
1.049319870422200118e+01
8.564736962639830864e+00
8.244425970911880341e+00
9.744940006965030932e+00
1.545394216643229512e+01
8.031764593747228176e+00
2.914677820610226178e+00
7.654094672062388582e+00
1.453055362356881020e+01
1.481812276460863131e+01
1.319384856463905642e+01
1.172385100572127214e+01
2.891081844814983537e+00
1.369897138355569233e+01
6.219956898963933334e+00
8.298903290393264243e+00
5.117188873274560734e+00
1.183671964995965631e+01
7.296997190422847446e+00
8.916037220076960423e+00
5.598963610350812026e+00
1.746592817221002392e+01
3.683186135143786899e+00
1.267761019191767780e+01
7.499876058051950345e+00
2.695481731273293491e+00
2.844204075373807328e+01
1.418542107147250064e+01
5.463094762436061735e+00
3.635118559089742352e+00
7.401698618037354294e+00
4.872242417159331040e+00
3.049866410444332487e+00
6.063285545570830770e+00
1.488566575897881528e+01
5.935981325714936752e+00
8.341999233950065928e+00
