2.037107529218802893e-01
1.716780451872478236e-03
2.138157465309716010e-02
3.569759375547294691e-03
6.821574173860520673e-01
1.520535536721636912e-03
1.907732929477755921e-03
8.145258565043720853e-03
2.436411948942074530e-03
6.076569408996927019e-03
1.429721906664350485e-02
6.113878944716900736e-03
5.515715148687368001e-03
5.208769616239569168e-03
5.281634855246252619e-03
4.596845719275319438e-03
2.612602568452829406e-03
1.583199263033778850e-02
4.323711334442658510e-03
3.594836938326548097e-03
