2.188543524794720196e-01
3.658934008052173049e-03
1.454855127098111413e-02
2.799228735578732866e-03
6.741206134452536469e-01
2.434306885871913816e-03
9.200155836547815186e-03
1.093267764334767203e-02
8.148283267284067363e-03
3.385938014864027772e-03
1.048853378508088872e-02
4.676472598058099665e-03
6.864577462763556820e-03
4.459073942256986008e-03
4.775402243473748747e-03
5.116786577483023978e-03
2.901420958052943009e-03
5.910606851862201111e-03
4.146633655332653857e-03
2.577450338382828929e-03
