1.941316146793354291e-01
8.177451787685768034e-04
1.058070039843427186e-02
2.045388074409975557e-03
7.095605125866372154e-01
4.014009934160467537e-03
4.584115366158702035e-03
4.059096036466871074e-03
6.199801627878986227e-03
6.174542193037948351e-03
1.155016405365962354e-02
3.356976904839380303e-03
2.834589942675311714e-03
4.163418480213112657e-03
8.910088489620833496e-03
1.302580605005813257e-03
2.847855588021543181e-03
1.151403956666525313e-02
6.660409000324689875e-03
4.692351293685945342e-03
