1.992905114254137355e-01
1.426634960934446356e-03
1.882206537486831588e-02
5.087548180255464098e-03
6.827064473410991985e-01
2.485532003095315169e-03
4.968555889783233571e-03
9.061424507360828912e-03
1.142948986956072305e-02
9.048942351478258747e-03
8.961505542061267218e-03
4.591732300110875666e-03
5.456281170111500732e-03
3.646074928437508314e-03
4.532466957510153382e-03
7.948783981967860388e-03
3.117376464077776469e-03
8.038774627678300227e-03
4.893386371252001800e-03
4.486465752943280018e-03
