2.093923280065241310e-01
3.916812987089606651e-03
1.121295294714751666e-02
4.122201043688881322e-03
6.778703226805209425e-01
4.312458642386365372e-03
3.104291343085052030e-03
9.275879593760673336e-03
6.117437934584181621e-03
5.452406771742502288e-03
1.661592644482885045e-02
3.501556892361842692e-03
5.082269681542473869e-03
5.866749545735646006e-03
4.151255882092276354e-03
2.539976269014177033e-03
3.062505713495199643e-03
1.329229822812726981e-02
6.315395993746144090e-03
4.794973398526090717e-03
