1.945177968787981104e-01
3.004078062743673408e-03
1.538207149547836210e-02
2.121549133475772019e-03
6.843758932847093801e-01
1.977290096106109653e-03
1.007896757290899573e-02
3.179992279587909223e-03
6.794237227603793297e-03
1.441750615083046798e-02
1.347739483125971922e-02
6.672740627918664034e-03
3.732454166223417042e-03
3.426105866418242309e-03
6.771117366706360698e-03
5.476425654333828483e-03
3.509587443742520369e-03
1.337095016597537357e-02
6.570929946701624738e-03
1.142911748477779682e-03
