2.007822808765392930e-01
3.051855880953954336e-03
1.108276817963401058e-02
4.507500783631431668e-03
6.836105350037413597e-01
7.996330874372598041e-03
1.513901345575698575e-02
4.603347010032787789e-03
4.053092807315599247e-03
4.460442862541405713e-03
9.077183761184126967e-03
8.901890822018393434e-03
4.372356543960202388e-03
5.953195176682362852e-03
6.595041979518836972e-03
4.253515242175146503e-03
3.390751992353149748e-03
7.551015172092357189e-03
5.481345367185829799e-03
5.136536208310069421e-03
