2.328069870874658609e-01
1.309944934575427850e-03
9.843824192004965029e-03
3.525644200557265327e-03
6.820616681215385668e-01
5.215636218564463460e-03
2.916898199183182334e-03
3.764793329340231087e-03
5.140349093638260126e-03
3.066509109980704480e-03
9.206727626438654041e-03
2.168046893148146883e-03
2.412078163672817278e-03
2.340972686184169572e-03
4.510530356931660885e-03
4.598638678804026388e-03
2.611929694987088092e-03
1.592507152535363457e-02
2.847169778669909022e-03
3.726580108960874781e-03
