2.155838259856237837e-01
3.064030901225477197e-03
9.466163082878554375e-03
1.809301233294418861e-03
6.693378761004781241e-01
4.022120455139462265e-03
8.312976960649599498e-03
1.154177803171070431e-02
5.621560810923096306e-03
1.104227496433652506e-02
1.240402196060578534e-02
4.491276028339622958e-03
1.728546372676663693e-03
4.863098132890904604e-03
5.309026021904274945e-03
7.285617157383482423e-03
4.838242610463747671e-03
8.544095675308742768e-03
6.687831788228373181e-03
4.046335725938757753e-03
