1.834621874523818252e-01
3.391665290462711046e-03
1.051608544673159062e-02
2.135491949129572457e-03
6.953111136058593988e-01
3.432619583467890791e-03
1.228870333899881144e-02
6.700227211460283751e-03
8.663288522565084845e-03
1.034604054742075362e-02
1.298934303643226734e-02
9.565860380540159094e-03
2.520817764082347156e-03
4.667909098356389473e-03
6.424613495288180286e-03
8.375395590612984623e-03
2.408233787542232891e-03
8.313045525940265107e-03
4.665771838045566083e-03
3.821586534681739068e-03
