9.558350441385615071e+00
1.260585929706308939e+01
2.983525217025432053e+00
1.071606112264923993e+01
5.699936344223501372e+00
1.225499455612721000e+01
5.493592021606065856e+00
3.322241383873099974e+00
5.644376552401194402e+00
1.118481509378765892e+01
8.311283064239557206e+00
3.903277405038569903e+00
2.200462125174503569e+01
1.726066147955945596e+01
5.654662075344257133e+00
1.199731116896334449e+01
3.686584077458337383e+00
2.105190995878428950e+01
5.413366280020087906e+00
5.145828635989095901e+00
1.777698463432348319e+01
1.047316609115355135e+01
1.223531421790922913e+01
4.320539071755108651e+00
7.112462620825361626e+00
1.237687862264773209e+01
8.586090407782688061e+00
2.941400269563430481e+00
2.254584444882344485e+01
1.303358550834883012e+01
3.741533972864402813e+00
4.781891883608317073e+00
1.020070670598925311e+01
1.883626944194858055e+01
2.285446066576881918e+01
1.295654102503017135e+01
1.243840455599827877e+01
1.132806723362765133e+01
4.475387631369496688e+00
3.801872523996879583e+00
9.175737791304200641e+00
1.001575502796602635e+01
9.741077188705382639e+00
5.720381061256786026e+00
5.881336349934397134e+00
1.689565659702743972e+01
2.869580561317536471e+00
6.910187727644963473e+00
3.273669404975615649e+00
1.608086606583719202e+01
6.673056743781740963e+00
8.350018150355834834e+00
9.219095298162477192e+00
7.389478019681515519e+00
4.206588021962599733e+00
1.264997667714762031e+01
4.830653138751994646e+00
1.133124276346105219e+01
2.382555506529145362e+01
1.304109177671465858e+01
7.629607115634133407e+00
7.410010285927005391e+00
7.468718939256022260e+00
8.993293743768919768e+00
1.998625253595805518e+01
4.803688497036848304e+00
5.745436585950260522e+00
8.506006157099598397e+00
1.671553232048006876e+01
2.366660623458347956e+01
1.161292973310608900e+01
9.617493070952919609e+00
3.950758677954299358e+00
2.943873967889357957e+00
4.036676030877390353e+00
1.020245127549988418e+01
1.325403814865513219e+01
1.195904064153388902e+01
5.617231856638857934e+00
1.738470544967158560e+01
7.332938071909992139e+00
6.760982965615537132e+00
1.768312749267945350e+01
6.666315503446034185e+00
9.315410129913770376e+00
4.653389313689503481e+00
1.007184845292350950e+01
9.163328146300043997e+00
8.661738919215819621e+00
1.261516292075072521e+01
5.143276989213214634e+00
8.350574879030496334e+00
3.713829421606252623e+00
9.606003454712210399e+00
1.086436448046805658e+01
1.345214102119241240e+01
3.219224812118976153e+00
1.542078403786182683e+01
7.588117750422139984e+00
7.873414106264562839e+00
9.353641444308893327e+00
6.339029445891686265e+00
7.038562557507068718e+00
9.203242964419580119e+00
1.864044544500619693e+01
7.734106041867525150e+00
2.900245136108304589e+00
1.199303883807174387e+01
4.117350384638130301e+00
1.083929783285977955e+01
6.428971659521748983e+00
1.148553964944633954e+01
4.317533894731074184e+00
3.022758374221304667e+00
3.769181001649631213e+00
1.220342766580984062e+01
7.514521207980326523e+00
6.370806078675971484e+00
9.824762996131958914e+00
5.515571501241811170e+00
1.746095646509598964e+01
2.259629906354122753e+01
4.130033622364820189e+00
2.828752801004044581e+00
5.933340212037341743e+00
9.137954484591061188e+00
7.574403433374206962e+00
7.984944061473481902e+00
6.323975273929383079e+00
8.328224785527767793e+00
6.117244149496267269e+00
3.934483891923414411e+00
1.177280692522880123e+01
1.236830086195162437e+01
9.605811306958447204e+00
2.852432665119087218e+00
6.276131207666930223e+00
2.021289540672366769e+01
8.790007844768785716e+00
7.034456739270897430e+00
5.975632357857323385e+00
6.982120918147047384e+00
7.259459328567253067e+00
5.339508898559023109e+00
1.147484594521964851e+01
2.851441191941434639e+00
5.687578410615726554e+00
1.945249666899166741e+01
1.161774114297751836e+01
1.054906985704255540e+01
5.850637718785131725e+00
9.842613554170187129e+00
1.807750719816915819e+01
4.809142116015153512e+00
4.032083338922996418e+00
6.271229296072451831e+00
7.593438212022881828e+00
1.733396770599511072e+01
6.099450191506230468e+00
2.101005174492182803e+01
1.704955794798118163e+01
7.229871618385379506e+00
3.234981595446968949e+00
6.337787257338328928e+00
3.676799321655943587e+00
9.570336892291569697e+00
1.119969084059450282e+01
4.207649598962628801e+00
1.059045919673073755e+01
1.904619938608486507e+01
4.508338533324701025e+00
8.831873776144783861e+00
1.066537437000976141e+01
3.559312752866570673e+00
9.733621687895984920e+00
9.452262178250760982e+00
8.495489927524882745e+00
5.907983303926272356e+00
8.634444096420425652e+00
2.964677271621834365e+00
4.084179385533236228e+00
1.971000967653724700e+01
1.032973938284268556e+01
6.686417824172983693e+00
3.526906305792122609e+00
1.465267866295392274e+01
1.036739262671802386e+01
1.201486198232409386e+01
3.803892161195535859e+00
6.667816168292793222e+00
1.408196238750844920e+01
3.914275175201536783e+00
1.011127970128019626e+01
3.199131557428320338e+00
9.313705690275309479e+00
4.379672043588658248e+00
4.038231867004450137e+00
3.022764485478202978e+00
2.031793110341705955e+01
2.199447539256668804e+01
4.064820835894593642e+00
6.101154478406828119e+00
4.027688951160323327e+00
4.146673541679910535e+00
4.936655780082604750e+00
1.038786677949983250e+01
2.095016142470041487e+01
4.101709770213924244e+00
4.807003969203432980e+00
5.351216690106122442e+00
