9.031391254065853857e+00
1.236396068158620132e+01
2.832334515454602020e+00
1.057979613502553740e+01
5.895862911380707061e+00
5.318033129947723481e+00
3.136586870178917241e+00
5.526340848745404877e+00
1.105878827932280117e+01
7.812866115329289762e+00
4.273110074394221414e+00
2.141858667689308859e+01
1.046659177754927583e+01
1.892011646535202729e+01
5.810061819173333753e+00
4.237579527978857286e+00
2.149402184432223351e+01
5.389384972409805741e+00
5.168698022196489106e+00
1.739255944620573757e+01
1.065907481255680977e+01
1.152727096234011483e+01
4.524397439095574569e+00
6.506614839732788091e+00
1.297014255283532336e+01
8.487607780486763787e+00
2.761270570176969752e+00
2.174954746558249497e+01
5.985994322663165335e+00
1.290920116935075868e+01
8.213212203002903777e+00
4.821103846213295796e+00
1.071554485909091703e+01
1.993323895330871309e+01
2.202219746242132103e+01
1.194236889289269499e+01
5.003232766603130877e+00
9.876228651529663338e+00
1.048612947459333711e+01
5.750777659457216195e+00
5.790408456090473166e+00
1.774815899115747087e+01
2.676668274068860764e+00
6.493350845125826609e+00
3.163281290106483734e+00
1.740937965922159592e+01
6.974723651448289097e+00
1.033813298955395865e+01
7.825442831377736219e+00
8.405738234940509201e+00
6.939537339440062347e+00
4.337463556036371237e+00
4.674837035132405560e+00
1.274461194152167742e+01
4.940355117393105289e+00
1.160445426916151668e+01
2.357676333681678571e+01
1.331877926797589851e+01
7.549671862240927567e+00
6.888562336211688120e+00
4.953150398739731841e+00
7.902170947499545406e+00
8.362391466975189758e+00
1.823855535334374167e+01
2.142643279175185711e+01
4.915724397087092967e+00
5.687260815945751169e+00
8.352188364180827662e+00
1.761881779274041193e+01
4.501442836949794746e+00
1.088796391658846829e+01
9.019142989336906169e+00
4.248628982622279615e+00
2.693939333122585378e+00
4.350251199947337888e+00
1.054792456283535529e+01
1.512597918619995419e+01
1.148795565928606877e+01
5.938530732190948846e+00
1.751419005619220215e+01
6.835269208073921021e+00
7.056546440195346825e+00
2.174610920662963665e+01
1.886339250411316826e+01
8.308954096578970550e+00
8.962336898349388292e+00
4.661802203061974126e+00
1.080406241572964099e+01
9.011299062898208589e+00
8.446514571750601164e+00
1.228508360242926045e+01
8.253694073961737487e+00
8.951765719698965285e+00
1.057765847744519050e+01
1.352849343886874500e+01
3.028021069186361824e+00
1.802126448715318219e+01
7.607597594265402385e+00
7.314952874897773683e+00
7.214321268963788114e+00
9.342495470419507342e+00
6.842066369347117316e+00
7.438603895259118026e+00
1.957014623942830056e+01
9.059162530606156949e+00
1.874300084493818019e+01
7.268081323416717865e+00
2.627779572284627108e+00
4.441775587842978545e+00
1.081324144347840921e+01
1.100874876208729347e+01
4.593064853813050519e+00
3.007741389518987063e+00
4.372453665926170352e+00
1.224663215227834101e+01
7.094967581414589830e+00
6.236930389215039838e+00
1.656778317736834083e+01
1.047546731961740996e+01
5.494713476717674183e+00
1.804064091704679029e+01
2.221195203487062386e+01
4.487219729107286170e+00
2.622070168825845649e+00
9.357537924935330764e+00
6.709009136537929407e+00
7.988216110824445160e+00
6.709095400544445198e+00
7.529920019101166595e+00
6.121091761721074498e+00
4.154348755424087436e+00
1.133925381916742658e+01
1.051619321464565004e+01
1.292564632227406562e+01
9.169633817575457257e+00
2.668285907593400008e+00
6.002106045136503809e+00
2.020181788593540517e+01
1.920248546759205510e+01
8.414838079741940646e+00
6.777131893673433716e+00
6.374250893445601029e+00
6.241347498376990544e+00
7.649614670779739001e+00
5.079049130839859316e+00
1.121599244502240644e+01
2.648544782659143948e+00
5.489573872555115308e+00
2.023149344484374623e+01
5.359534210418737565e+00
1.107766808862988661e+01
5.898565583104716126e+00
1.033324322183653443e+01
1.003925384243879293e+01
1.852908051843670734e+01
5.176925675103356106e+00
5.996530623550245132e+00
7.676014153187922240e+00
6.059501582372945450e+00
2.072968378177995064e+01
1.763369480476821849e+01
3.060249522475767758e+00
6.522756393378243978e+00
8.783420885676559209e+00
1.064467045949168700e+01
4.522480046935794640e+00
4.848578615773404543e+00
1.018773231222794351e+01
1.998604338345002063e+01
4.926711298865384059e+00
9.162378431490324715e+00
1.011145153045007739e+01
3.209826337595423684e+00
7.578552279325461605e+00
8.834443788904495776e+00
8.524326222185424129e+00
5.988809026519895440e+00
8.553348355408722625e+00
2.796587135561913851e+00
4.731389860239869627e+00
1.883047623512646496e+01
5.745237504393032602e+00
6.139112826550031876e+00
3.296538271456010971e+00
1.602702962729182090e+01
9.599322740980191782e+00
1.191574421677716877e+01
4.495961936445761253e+00
6.303813306061094579e+00
4.520567956359266226e+00
1.342143593669435830e+01
4.471407847311300365e+00
1.052175015980077610e+01
3.240537368095731896e+00
1.017493845575824807e+01
4.679072138789885926e+00
4.480177500893695708e+00
2.986160628527259941e+00
1.874813874067554309e+01
2.105693833278990468e+01
4.469046999562752198e+00
6.443660141136189345e+00
6.772693652352171689e+00
1.789283232703650484e+01
4.426739799073375004e+00
4.225954388298618802e+00
5.127113821275324668e+00
1.059335680294031334e+01
4.529583676823658145e+00
5.002911414390147193e+00
5.134332836830529878e+00
