8.997109301809349091e+00
3.063288488573139290e+00
5.012451465089472258e+00
1.203313235531407877e+01
5.694646939099767380e+00
3.219998340310796792e+00
6.254442863342672076e+00
1.097740602987894754e+01
6.808903268033938083e+00
4.189590228915543335e+00
2.092718309167812407e+01
1.002517092211516392e+01
1.824787972549176729e+01
5.886390335927115025e+00
1.144661118512430953e+01
4.097208643878046175e+00
4.519465239556166303e+00
1.752842370034201736e+01
1.069641108323211220e+01
1.149554207744334988e+01
4.429621265388168361e+00
6.533483428970928486e+00
1.252443357545830338e+01
2.935883632205727789e+00
2.354979464319993099e+01
5.889585982716327273e+00
1.250792610495658508e+01
4.116722249263896849e+00
8.488007603055542916e+00
1.090040800401695087e+01
1.960955264970837320e+01
2.480413557420405013e+01
1.186059531951067392e+01
1.221537305677440877e+01
1.114223163052849230e+01
4.544079923138991006e+00
4.060310475003978681e+00
9.098751427817374449e+00
9.725660739582430381e+00
5.820350276618865948e+00
6.359465022783683530e+00
6.586988209627565816e+00
3.266451474400541954e+00
1.666506776903746712e+01
7.067925413616454655e+00
1.039592623504179691e+01
8.140533254601567847e+00
6.728838924426019830e+00
4.450524145252331643e+00
4.565268114360264029e+00
1.221828773107135646e+01
4.754971894444276259e+00
4.694690806458122978e+00
1.100408432503545342e+01
2.488664000513573527e+01
1.254112546265630534e+01
7.828638164781031250e+00
6.603064734392387614e+00
4.668651566164861322e+00
8.272450814764326310e+00
8.671474900257722496e+00
1.755675358194018898e+01
4.633380457356281568e+00
6.003113905775832038e+00
8.500267319690555823e+00
1.691920632504462674e+01
2.637721589656860033e+01
4.465628613745684206e+00
1.093157850116065610e+01
9.285788289626442094e+00
4.158712455774670858e+00
2.966608339466489053e+00
9.716813559468363337e+00
1.472415781290090031e+01
1.103089402937800934e+01
5.512991408905212332e+00
1.744669667579460892e+01
7.219898570185142361e+00
7.011115400406193743e+00
2.222121241341237763e+01
1.859874260986318006e+01
8.739133068114256275e+00
6.329878180952399624e+00
8.530142485481160719e+00
4.553695198535685940e+00
1.132582449860437279e+01
8.834931024408469113e+00
4.883462376197202914e+00
8.483926412491600288e+00
4.064553772416419797e+00
9.424533030128253941e+00
3.204549474175443446e+00
1.824833474919037002e+01
7.618896902380343228e+00
6.920190611899659672e+00
6.937585288791915161e+00
9.485172389850520247e+00
6.530611341001688608e+00
7.208981792973190750e+00
2.004600963867672903e+01
8.931304509037262918e+00
1.932793875776682313e+01
6.623831921079088580e+00
2.863775038669356121e+00
1.045510034678051170e+01
4.314466127020086361e+00
1.090388817340758365e+01
6.367115743636820646e+00
1.097530522508059292e+01
4.357088121826370397e+00
3.088901222830283011e+00
4.080718342169542545e+00
1.173419228781662227e+01
7.326341348329728831e+00
6.235970476742935809e+00
1.636572960773883523e+01
9.696500789792239061e+00
1.821277886425195547e+01
2.191088833225470012e+01
4.371732532454974063e+00
2.939296565083863388e+00
5.986733246465721692e+00
9.514366478625994716e+00
7.404960769371447427e+00
6.705701050789816264e+00
7.288978158873544722e+00
6.083890930478047743e+00
3.941109127878057894e+00
1.119172755206157888e+01
1.042613021409998453e+01
1.245708045596750502e+01
8.459963366737641266e+00
2.877406455440060018e+00
6.175521619757103231e+00
2.280252817133199628e+01
8.024300917785891940e+00
6.512808412839200756e+00
6.212554375063100487e+00
6.454122139124595314e+00
7.617885838248452224e+00
5.587465187177713233e+00
1.120454501178754292e+01
2.925048673683651845e+00
5.911919979795624336e+00
2.093928874929425632e+01
5.001751913016869722e+00
1.131028643381884002e+01
9.936078738308706804e+00
6.040025200428902785e+00
1.039204131686314447e+01
1.056740808691469269e+01
2.014995242759684402e+01
4.690632419706949996e+00
4.259408565790489654e+00
6.116915507501378357e+00
6.771953045132405258e+00
1.912131616704320436e+01
6.034703963561001139e+00
2.349146983460155269e+01
1.787534074862965028e+01
6.486620062223192207e+00
3.184402009912207010e+00
6.497775132193160275e+00
3.452356730390495176e+00
9.005501892896647931e+00
4.377992631739992646e+00
4.516614271170346306e+00
1.104345268380721556e+01
2.143447743166878183e+01
4.638707131042271392e+00
1.023007671530763218e+01
3.432242778279083417e+00
7.118962697466243661e+00
9.260077446537014367e+00
9.160938300904925669e+00
8.792063622462711336e+00
5.896705619468495918e+00
8.251898175807616198e+00
4.383984463342037508e+00
1.917617959343866119e+01
6.002520876033034192e+00
1.050992292132082362e+01
6.635499356951592986e+00
3.379675165945184467e+00
1.571941437394177932e+01
8.722307617410910652e+00
1.205607422019430430e+01
6.676286689839287192e+00
4.267295276554038175e+00
1.277468579783208646e+01
4.231071724336348261e+00
1.020745340187401951e+01
3.350304392079542115e+00
1.020330452400123278e+01
4.639996513615154861e+00
4.281533214636232820e+00
3.050585343739407485e+00
2.308321832935128981e+01
2.175696749529267393e+01
4.256517181088502078e+00
6.406488204117177787e+00
6.068787513785544263e+00
1.737147222636050259e+01
4.288169487404315028e+00
3.671367065847675804e+00
4.749408187899014422e+00
1.000201828461883835e+01
2.221096701888368585e+01
4.410680133661403879e+00
4.832803906110809677e+00
5.648985594078960837e+00
