9.274020406920673310e+00
1.253193028456048452e+01
2.954328001440917895e+00
1.061342211508199007e+01
5.935017725845551873e+00
1.179507309265993342e+01
5.759940129797455732e+00
3.151596249975447517e+00
6.204379000317130632e+00
7.867825705353855170e+00
4.077767215305224013e+00
2.194470146007162370e+01
1.052380954955398096e+01
1.851122429823352533e+01
5.868885243479840419e+00
1.169719269916264182e+01
4.001564366355649049e+00
2.172995706564522678e+01
5.472283249855088627e+00
5.169434811123654328e+00
1.825538745742112212e+01
1.076466339917941184e+01
4.694700478924882958e+00
6.924167915529176653e+00
1.214951713947046308e+01
8.617049091763558266e+00
2.917436201313687860e+00
2.236556622075864098e+01
6.013271892464117307e+00
1.307403680618661213e+01
3.966417284266341436e+00
8.355795270591372059e+00
4.804305321774602788e+00
1.011658689195065008e+01
2.350709024923210677e+01
1.180689628949953196e+01
1.039646101168869130e+01
4.761837674494628914e+00
4.152595462058331854e+00
9.046256252681505572e+00
1.008352757506118458e+01
1.053947396384139523e+01
6.107767678951789847e+00
1.739908463226448632e+01
2.882321081890647729e+00
6.940351907494834549e+00
3.207698220227994224e+00
6.871808143128287583e+00
9.524235317779163879e+00
7.973679474258099198e+00
8.638621784185488650e+00
7.346889506138309045e+00
4.304901663383603250e+00
4.893762725648731937e+00
1.298418644775791719e+01
4.953519341762166128e+00
4.779690245957864292e+00
1.146405298159131192e+01
2.458038414908752145e+01
1.255509083840056306e+01
7.708523920377931660e+00
7.433040196907191088e+00
4.814141274312835783e+00
7.784612712582161365e+00
1.738708311393355999e+01
2.123003782578402010e+01
4.806127983548377891e+00
8.377848661308853195e+00
2.378822595457781475e+01
4.478893499944012646e+00
1.142640355636442528e+01
9.689479578128482373e+00
4.092791347491183451e+00
4.196260283202573049e+00
1.062169904893655925e+01
1.389637730809758231e+01
1.175701912705759078e+01
5.872925819935058023e+00
1.734858478002812632e+01
7.332109455277841192e+00
6.724434326399626904e+00
2.323351380252740839e+01
1.816474266778160285e+01
8.707848061080040836e+00
6.513486829677169965e+00
9.445228598678150789e+00
1.008343176205504577e+01
8.562498649517435112e+00
8.851033063394998734e+00
1.214430648341076413e+01
5.486655582287919941e+00
8.366103304794815898e+00
4.062375172568555293e+00
9.394950051721208339e+00
1.079675385390995501e+01
1.455700510243580759e+01
3.191746983496624779e+00
7.269252184456596488e+00
7.592571129979344136e+00
7.068205225835360039e+00
9.031702309872338574e+00
6.682621933642795220e+00
6.814075903206761708e+00
1.852681698598446403e+01
9.102626127135938106e+00
1.819234812111681876e+01
7.338152009491531125e+00
2.861345279476041892e+00
1.098759699244622823e+01
4.271527871887290218e+00
1.031432227127709922e+01
6.390751182467433900e+00
1.039326280481740916e+01
4.451528730885009111e+00
3.019262963531484711e+00
4.161618200889678043e+00
1.196036063677426853e+01
7.500798313510635751e+00
1.586680768854225398e+01
1.001733125641094446e+01
5.984094386299131152e+00
1.851960646023909263e+01
2.167460756396977217e+01
4.374088071174707437e+00
6.054985706038556792e+00
8.952738811229666638e+00
7.255060926606360816e+00
8.260469186490263738e+00
6.853307114875061501e+00
7.676149831741498453e+00
6.226748290168183431e+00
3.984792152639776042e+00
1.075105427432941951e+01
1.000958843614559868e+01
1.228418491934641388e+01
8.271733213291877718e+00
2.861345279476041892e+00
6.356292716906922102e+00
2.060950730926375840e+01
2.054640852794162598e+01
7.114495815720291994e+00
6.220754517588317434e+00
7.317086396986105967e+00
1.113019403494858572e+01
2.911223636214868016e+00
5.965288945540651255e+00
2.037116842125167437e+01
5.471837964944359811e+00
1.128691100237245948e+01
1.045108036232536541e+01
5.451731617490676918e+00
1.028937185901207663e+01
9.619027315787302967e+00
1.854011611279004512e+01
5.003605708742287383e+00
4.268638426242737260e+00
6.329054892661448939e+00
7.473551244704445651e+00
1.910161198230667168e+01
1.756204692363860431e+01
7.252519567556463542e+00
3.233460370312676080e+00
5.869305285299471819e+00
3.478308363755887811e+00
1.008270382466673887e+01
4.739644663678612702e+00
1.062475212710394779e+01
2.108524919672102271e+01
4.652666866162333825e+00
8.798769597472196224e+00
1.029310002354489306e+01
3.329150973219805021e+00
7.791957313555015752e+00
9.683022787747248117e+00
9.565161483420894228e+00
8.717070673820533244e+00
6.191978367618627743e+00
8.578670790820973835e+00
2.958928362600105277e+00
4.613805596538710141e+00
2.005497000395221008e+01
5.992058659452729863e+00
9.990669230272580137e+00
6.916260120264365874e+00
3.368103385403212524e+00
8.897918494192872174e+00
1.162527400232056785e+01
4.149396184533745036e+00
6.510573671685968122e+00
4.551927477082327478e+00
1.275225382852192091e+01
4.204572693375915549e+00
9.629918949175701570e+00
3.339890353256613320e+00
9.526872770025665460e+00
4.453869444476305617e+00
4.581893884665792172e+00
3.054464557420462079e+00
2.237431767440861208e+01
4.304840167314199384e+00
6.356230346609367921e+00
6.456853466418489340e+00
1.799362290985521184e+01
4.317638959488758310e+00
4.090662193260338420e+00
4.918878643261061612e+00
1.023348596701895907e+01
2.263581314589777449e+01
4.302822405016383023e+00
5.026203403039283479e+00
5.777234600577266121e+00
