9.691706838713328054e+00
1.269878308547945522e+01
2.934255044807029922e+00
1.059523358373459878e+01
6.296265571578022247e+00
1.185218366105315368e+01
3.484704738143874270e+00
5.557070045907562594e+00
1.151812332741505074e+01
8.609733000849873363e+00
4.158958146877727025e+00
2.210580454316918519e+01
1.078703473486200259e+01
1.740449073802667002e+01
5.991689508229081973e+00
1.229191207831596522e+01
3.867423730359500933e+00
2.107312470427687146e+01
5.288887445685061195e+00
1.796457464535921034e+01
1.047662605642173439e+01
1.147997993035901310e+01
4.370241045037775329e+00
6.476093705614001550e+00
1.247242746680860215e+01
8.172803222232726483e+00
2.974318090766394196e+00
2.240295528857463481e+01
6.045009465273628813e+00
1.295146494070306353e+01
3.845483793500979353e+00
8.028368797275879487e+00
4.933152650131563455e+00
1.043481428700922464e+01
1.986136047428527718e+01
2.299286825882641594e+01
1.233038996736912907e+01
1.205280954632745072e+01
1.058350262148090692e+01
4.781174910169693426e+00
3.981223704639398342e+00
8.711171441743172039e+00
1.009938292220998157e+01
1.052397585957192838e+01
5.939343361322195314e+00
1.738968275219247062e+01
2.725596160469962115e+00
6.412897878314709033e+00
3.480861072464084494e+00
1.671520183514094526e+01
1.011729192002129629e+01
8.437826734439898502e+00
8.693422614066397713e+00
7.151046018789879000e+00
4.382978172099810443e+00
4.456418860023956263e+00
1.310456401073291310e+01
4.654562951110072788e+00
4.972257326360685958e+00
2.410656190412916544e+01
1.309404913106185653e+01
7.526748508353385603e+00
4.837673969806620455e+00
7.780823464294673641e+00
8.945906528229652821e+00
1.776380765665565065e+01
2.021272724136272458e+01
4.966262309646642059e+00
5.856388613876617910e+00
7.972552719581975644e+00
1.696951598814179007e+01
2.393776138759401917e+01
4.469763428960559004e+00
1.134925090250199275e+01
9.834537442703586763e+00
4.125108505980202622e+00
2.813545010016935244e+00
4.258124509860133244e+00
1.083653730621187350e+01
1.404235662081135416e+01
1.184722346205622934e+01
1.761052440400906960e+01
7.317893798574131914e+00
2.096556715654802616e+01
1.878294712100796104e+01
8.121243755151938970e+00
5.384271060375526829e+00
9.176345695081529641e+00
4.701584995605021966e+00
1.076981353640208283e+01
9.639160601887374114e+00
1.246217067427914316e+01
5.206335874007452347e+00
7.735610505251030666e+00
3.788201685914365680e+00
1.083886022988335363e+01
1.414908708695734418e+01
1.677035366399048755e+01
7.610796088067806053e+00
7.433630627027810966e+00
9.654364186215858012e+00
7.250618091208060889e+00
7.261623579719826971e+00
1.832039179187363231e+01
8.745037047677506337e+00
1.842544146416787854e+01
2.714005460186050378e+00
1.229634408207661345e+01
4.321378447228685360e+00
1.069644371199661670e+01
6.596794265933653811e+00
1.059097596325492141e+01
4.463841031189370590e+00
3.003821259447907011e+00
3.993911417206906567e+00
1.246588623570752752e+01
7.042163665386926397e+00
6.435011441608273763e+00
1.538359719753443500e+01
1.041855011369488082e+01
5.300912868036110837e+00
1.852303450578657618e+01
2.273333319662494389e+01
4.313199204970832312e+00
2.744504761467777776e+00
5.452658998902029097e+00
9.104266749766503963e+00
7.891265322940197002e+00
7.068449115244519909e+00
6.154264117605452888e+00
4.120654667338391697e+00
1.148592850781609265e+01
1.030453857558741149e+01
1.277829793885048026e+01
9.594877010714055743e+00
2.744546347745767889e+00
6.320332365812302733e+00
2.023903113165351542e+01
1.927535891076974295e+01
8.942571655054006641e+00
7.275713338991574020e+00
7.034005287739776513e+00
5.699994008607809803e+00
7.518232171574721789e+00
5.120524519773554495e+00
1.145364756078409485e+01
2.795809891898368260e+00
5.325521377855535476e+00
2.021884392524622598e+01
5.214241494028597046e+00
1.131073962017297596e+01
1.054879169586233090e+01
5.844369505058200076e+00
1.029633184293630421e+01
1.006322434487575990e+01
4.350203828389720861e+00
6.136166768796680770e+00
8.374641142458372656e+00
1.813363549779506911e+01
6.142823614986061997e+00
2.011071789614958405e+01
1.723538096607409287e+01
7.185250767347932666e+00
3.423784387739636781e+00
6.058670340007727084e+00
3.861480470013048727e+00
8.738973635643501936e+00
1.073766792967593631e+01
4.266583079446081506e+00
4.752500149506764693e+00
1.052242038876953245e+01
8.754960168616847227e+00
1.029887599560215428e+01
3.524973849399947845e+00
8.008218635276346475e+00
9.207551386424130513e+00
9.150707041446937140e+00
8.171106080541759908e+00
6.061526079217321339e+00
8.389960469949855337e+00
2.831931738666974230e+00
4.200262918960423697e+00
1.935869077673996941e+01
5.364166798244078826e+00
1.024912916417557440e+01
3.578558344980177885e+00
1.500258948581864082e+01
9.464921472569894689e+00
1.216170331954523576e+01
4.016140523890013192e+00
5.643021944835874493e+00
4.213274867340254914e+00
1.358555654868667339e+01
4.063559061519042004e+00
1.005820297669431618e+01
3.468937357906644259e+00
1.008214027722181427e+01
4.552764110993108737e+00
4.157826597640031707e+00
3.131499543372435745e+00
1.888055200040120241e+01
6.624041578617908321e+00
7.124102802059265827e+00
1.717267812568434593e+01
4.379674010853332966e+00
4.938907262666585751e+00
5.069636181990532009e+00
1.084307927617062894e+01
2.162599499104476308e+01
4.364951191622942872e+00
4.766091451848294192e+00
