1.181145112954123100e+01
2.969296985489540575e+00
1.043987112248287730e+01
5.175032494603709843e+00
1.215957886028301616e+01
5.663666461952391096e+00
5.687901303092103511e+00
1.093179271387870521e+01
4.237328683039416788e+00
2.094360681758618270e+01
1.075556756949600334e+01
1.805521975443979343e+01
5.733226818002542302e+00
1.194900609789493728e+01
4.090776867353696389e+00
2.073435757889325970e+01
5.082244191489659890e+00
4.623919638465120663e+00
1.769317714602131986e+01
1.066352690264302083e+01
1.157156786739188625e+01
4.414076820862343986e+00
7.217753660032014906e+00
1.265929649539693180e+01
8.257080465811206693e+00
5.706281220529461962e+00
4.104125369773826471e+00
8.421456032342103271e+00
4.750895876804137608e+00
1.098169650648618401e+01
2.068659286768611594e+01
2.320386383061643798e+01
1.218199885927654158e+01
1.243695638654039470e+01
1.108707373965084386e+01
4.587481429543782241e+00
4.156391104648184509e+00
8.336659787126299292e+00
9.045328671885220828e+00
9.808794239487303557e+00
5.626188291436582389e+00
5.799357799780198164e+00
1.796426025435544460e+01
2.830032388619637018e+00
6.924274825223505125e+00
1.774385184635539048e+01
6.959137063907747667e+00
1.044635278900013908e+01
7.921387840494847232e+00
7.599370078615879542e+00
7.206987081140123763e+00
4.659749920276216706e+00
5.004583419983972270e+00
4.893352149641023274e+00
1.113771150915691877e+01
2.343213258180893277e+01
1.266716648933858735e+01
7.520655449070079435e+00
7.317053530793349303e+00
4.659141010679629602e+00
8.254737832707260026e+00
1.776629092264543175e+01
2.115324700640304911e+01
4.725134423509973480e+00
5.821742262085645159e+00
8.080550071141717083e+00
1.770400534275068694e+01
2.319597918990692875e+01
4.607640257570686515e+00
1.033366466495821356e+01
8.970352895569215335e+00
4.193227776470071611e+00
2.884163515859079929e+00
4.364930012394166781e+00
9.134128592219827425e+00
1.095662569859732827e+01
5.727616252485076664e+00
1.822369067662849673e+01
7.554646179517285454e+00
2.200917565273550380e+01
1.910885690685946869e+01
8.303013633965308671e+00
6.731920932794769996e+00
9.146930650256113182e+00
4.673852363798944864e+00
1.220307667714643607e+01
9.402895613732750846e+00
8.514801728488913923e+00
1.185035727198358657e+01
4.785422100353767583e+00
8.227033780632648785e+00
3.987139644688718843e+00
8.763361304596029910e+00
1.101501883826540684e+01
1.403049851796585301e+01
3.285991379721368677e+00
1.769565456227776323e+01
7.481779506856512718e+00
7.536859664263440450e+00
6.498779188238386517e+00
6.496585307195440251e+00
7.248751302759514736e+00
2.002957827918837808e+01
8.538855868540672134e+00
1.909544000846897660e+01
7.140419117708919572e+00
2.804216263785844099e+00
1.117425094845555300e+01
4.394795503846762763e+00
1.129782418152384693e+01
6.190010767246288736e+00
1.087816319602048942e+01
4.379464904985442608e+00
3.069164851720034726e+00
4.110840793616671540e+00
1.160061637624854924e+01
7.547417271020022689e+00
5.825411977591357982e+00
1.733727791386976946e+01
9.136605797594789635e+00
5.726258147317249581e+00
1.798447331991344456e+01
2.358391566021686714e+01
4.527463229670841471e+00
2.828712772601800651e+00
5.735807538546762174e+00
9.106138663097349095e+00
7.331924711223320124e+00
8.125972098348961836e+00
6.561872000227243262e+00
6.744183678273902416e+00
5.827740344803734374e+00
4.024933477917732816e+00
1.111737029587128944e+01
1.063456569654641193e+01
8.304850120803617841e+00
2.840442405029360629e+00
5.800794747330652257e+00
2.097733069548628393e+01
2.012328482890514536e+01
8.519752550226556309e+00
6.996668891432023862e+00
6.028503838246790814e+00
7.021272320184091420e+00
7.670237006373306521e+00
5.453895176440289205e+00
2.919868442490518579e+00
5.609856229808567463e+00
2.106713986171500963e+01
5.101621635907644503e+00
9.327962106053162117e+00
5.653569833920715659e+00
1.012629330652632653e+01
1.078555364191961807e+01
1.936864217200201921e+01
4.697078301546751433e+00
4.523731779029009026e+00
5.776993005803538139e+00
1.826908252063561733e+01
5.776532896082166246e+00
2.164247966715359794e+01
1.833986309103108425e+01
7.236205744079572177e+00
3.733252103993205395e+00
8.625797503852021819e+00
1.125193242992463105e+01
4.353638347912480278e+00
4.610789071590690291e+00
1.080396047966562101e+01
2.003081250548567027e+01
4.566600561836189343e+00
8.996260642094291882e+00
9.781113220595056390e+00
3.472935979590301425e+00
7.822673658372790051e+00
8.753936342182376151e+00
9.240716172148434993e+00
8.319096742467449346e+00
5.705821110808090069e+00
8.137397231316626289e+00
2.925611686924045163e+00
4.419923313755909966e+00
5.699001269846962536e+00
1.070025460851360144e+01
7.283465381787653570e+00
3.493975521127404615e+00
1.618489480759751942e+01
1.222394689374827337e+01
4.220430824396380842e+00
4.339888201271104862e+00
4.274264064419809550e+00
1.074673845635262559e+01
3.305855896702043495e+00
1.052214358832716989e+01
4.679428272637196073e+00
4.270672092084021543e+00
2.068995594067052934e+01
2.194424852466088538e+01
4.502525973129426262e+00
5.993885090570151064e+00
6.280079053232864972e+00
1.714171783284824713e+01
4.393414778010940935e+00
4.101668693007839650e+00
5.047745410900731144e+00
9.554600132765299847e+00
2.231350812914028836e+01
4.486933363035816136e+00
4.709415383599714566e+00
5.478972516422365935e+00
