9.449985269002031174e+00
1.310521748597704850e+01
2.842252417812704657e+00
1.013890653745124126e+01
5.708168913956168211e+00
1.177000309860715177e+01
5.580323540842551999e+00
3.295522538149861624e+00
6.054147971474740153e+00
1.110983821059416599e+01
7.915724605755300125e+00
4.208134619808874710e+00
2.183129294945399579e+01
1.037422241065734241e+01
5.735800673599023902e+00
1.233266489210195083e+01
4.302802679213086456e+00
2.068111959184627580e+01
5.467378609488998009e+00
4.888211749223345670e+00
1.755319793280058605e+01
9.680867690030787287e+00
4.835665086409928648e+00
6.965546190157958506e+00
1.232881292187534683e+01
8.579453478749810458e+00
2.809374752597855629e+00
2.251122034666098060e+01
5.799204386888809459e+00
1.278151566957825480e+01
4.181851800471107161e+00
8.827055682429653771e+00
4.857207373249842419e+00
1.001517903462392312e+01
1.898637736339059501e+01
2.268068687905698866e+01
1.262383223672319055e+01
1.215105142341051803e+01
1.119613726738708870e+01
4.931272019639918902e+00
4.349683003100658141e+00
9.133858252916331466e+00
1.054067051028744828e+01
1.005842951048812139e+01
5.815974246055245267e+00
5.896632511707657898e+00
1.740623288063948593e+01
2.622274228642406335e+00
6.954311637819348135e+00
3.218071814494696259e+00
1.694892426514297057e+01
6.997646308835515860e+00
9.691331039287758742e+00
8.124369453224227655e+00
8.378324482115266036e+00
7.063559062093778707e+00
4.424598691662534833e+00
4.997466702479710143e+00
1.261960843897097284e+01
5.428768520170125456e+00
4.848550798955646002e+00
1.188742608399365075e+01
2.420143689306857482e+01
1.326387316279618744e+01
7.220122576773077228e+00
4.859875138829262475e+00
7.554798551443323795e+00
8.893505498933228282e+00
1.769671362060486786e+01
2.093943296986386571e+01
4.780047615479295686e+00
5.686333861233769049e+00
1.693917191244803178e+01
2.469735702498800833e+01
4.747966825910555855e+00
1.101373485017638387e+01
9.688991163488788416e+00
4.269763414899450993e+00
2.764887003333472038e+00
4.437592698786230194e+00
1.072169484433249131e+01
1.408845036559656450e+01
5.594507896979633799e+00
1.738991164805405631e+01
7.211565414543688490e+00
6.370698704893629660e+00
2.143591875313726547e+01
8.921241886864459403e+00
6.380436786052959164e+00
8.901288479024602296e+00
4.634260340313056226e+00
1.030233686738741916e+01
9.190505085626430315e+00
8.902720833336990935e+00
1.183935711936836910e+01
5.290557540954847759e+00
8.215545011307101575e+00
4.245164433596622544e+00
9.459798263582506195e+00
1.073907630412841385e+01
1.512839107420957419e+01
3.028487327970434517e+00
1.707873206682846146e+01
7.105551387282761588e+00
7.631798186024365549e+00
7.440695578879046757e+00
9.577342887077843869e+00
1.865025539137601385e+01
8.927732269591400538e+00
1.836562578247599120e+01
7.200586082049256653e+00
2.612437681752697305e+00
1.124214691397247456e+01
4.498680308144966666e+00
1.103997080697337019e+01
6.298639132661130624e+00
1.113144185939330733e+01
1.218512895620378700e+01
7.365902395651463763e+00
6.182653308483063270e+00
1.550439587042085599e+01
1.041435316688758306e+01
5.877210589676394648e+00
1.791363665210303679e+01
2.154911265139338994e+01
2.649726597054114396e+00
5.885930075136386996e+00
8.983904308267153027e+00
7.409006674944157211e+00
7.883266128632382852e+00
6.676819815691835913e+00
7.560629484400802625e+00
6.059837865387094347e+00
4.462166847590672170e+00
1.111267337247166331e+01
1.006955633525936378e+01
1.271628928928401159e+01
9.174981159469778547e+00
2.612437681752697305e+00
6.157929542572478709e+00
2.013388207024180332e+01
2.069741981561031352e+01
8.375101054237434894e+00
6.966438167756646926e+00
5.939359632123994537e+00
6.767691612250148481e+00
7.134645951686869658e+00
5.454927548559460604e+00
1.121578991974979367e+01
2.698340861042679339e+00
5.637985711533531230e+00
1.084441573676780557e+01
1.038168274426107729e+01
5.241013013772593432e+00
9.713090070367316642e+00
1.818284720087259387e+01
5.294260368477129219e+00
4.470163093996651682e+00
6.118402353158879592e+00
7.454856487839719215e+00
1.802419167925263466e+01
5.874534579217509211e+00
2.119307168090418259e+01
1.743898668674317776e+01
7.325867370717395133e+00
3.199450308138360732e+00
6.066520960703485343e+00
3.325032290986706496e+00
9.329751560497573593e+00
1.047679636524203950e+01
4.773012484132139299e+00
4.696407827638197752e+00
2.005061842994059873e+01
4.706930151817966035e+00
8.888322260288227028e+00
1.075527810250576088e+01
3.133950702556983270e+00
7.781288555855070399e+00
9.233026815955552635e+00
5.835560997165345043e+00
8.287994844111528536e+00
2.665811952979598942e+00
1.973530927910998400e+01
5.772350146703065121e+00
1.029528613218772293e+01
6.853339112349738471e+00
3.174650188995361777e+00
1.584444154285228912e+01
9.289961909725793276e+00
4.420856676872230828e+00
6.525184545913984557e+00
4.817423376006539470e+00
1.301226874394445332e+01
4.409091724802003398e+00
9.409594185575356207e+00
4.674252402196691136e+00
2.988177462560155817e+00
1.919643593119146274e+01
2.238018872917116653e+01
4.496823995042484867e+00
6.757798779513199072e+00
6.470322924722698765e+00
1.752244456019884566e+01
4.583930077543118209e+00
3.824428907056053539e+00
4.986347818861814218e+00
1.088500535844727146e+01
2.127897822545356732e+01
4.549504963961900295e+00
5.008964131041346413e+00
5.549468399440487865e+00
