9.107743093161943193e+00
1.301547068446543776e+01
2.938472627108969171e+00
1.100444341204496901e+01
1.187206656729374998e+01
5.380725147842638556e+00
3.237331992789381108e+00
5.418144525033003589e+00
1.090983672943328209e+01
8.528320363154767492e+00
3.862433698944069516e+00
2.169183008107671995e+01
1.023741846746108486e+01
1.732308887253748608e+01
5.761459193045001648e+00
1.164226970432290287e+01
3.887019008388791885e+00
2.041276960229890491e+01
5.416042728582331378e+00
5.210232659215543016e+00
1.794350599356591047e+01
1.094242805190447143e+01
1.202925250886637976e+01
4.507217814428127411e+00
6.654382305123229813e+00
8.493107229980155992e+00
2.883432001015906021e+00
2.206697784506471649e+01
5.630241541868587163e+00
1.308348146428699899e+01
3.883830408366448328e+00
8.396852057231278366e+00
4.666223699132816982e+00
1.901788878631595026e+01
1.252097394811655207e+01
1.291310366631060980e+01
1.069308163485431962e+01
4.715080876288858747e+00
4.078528577949698253e+00
9.154737623606393981e+00
9.576713527949101135e+00
1.020006967369394602e+01
5.561093489468117212e+00
5.626272509583881920e+00
1.760314310875800103e+01
2.835466431489041206e+00
3.291601958878332734e+00
1.693240765448673812e+01
6.984451504076454320e+00
1.014491501260020812e+01
8.825911680509594959e+00
4.211850681025358867e+00
4.640624180220053852e+00
1.332227752212868843e+01
5.068206324275259078e+00
4.858692563557085897e+00
1.128603014804512661e+01
7.610295449014954805e+00
7.453465757260688385e+00
4.958277542919793390e+00
7.570315093669250928e+00
8.203606171134950387e+00
1.755390241168056775e+01
1.976094010911689480e+01
5.710379874010246937e+00
7.991139339244933026e+00
1.712845245826831686e+01
2.276223675681621117e+01
4.406598774641712346e+00
1.114966661241050616e+01
2.935261701825516933e+00
4.093261876086629947e+00
1.562213027008113464e+01
1.168407283360370208e+01
6.032610897937887628e+00
6.952256892600430227e+00
6.989955984032543590e+00
2.230627837460300711e+01
1.859934226667328261e+01
8.488684028152679417e+00
6.013562151723850668e+00
8.968997909289756265e+00
4.417793907187613556e+00
1.028014128304600305e+01
9.685418401085405193e+00
8.545135270761106128e+00
1.260530653900807074e+01
5.261801919043112896e+00
8.074614784216871399e+00
3.831441429244214714e+00
9.092637886288565952e+00
1.051705438304108142e+01
1.320165624417609251e+01
3.221175963477754589e+00
1.743818754390136405e+01
7.413788981146272938e+00
7.758083976288190797e+00
6.886354569197838948e+00
9.768503622489088656e+00
6.833462671664103816e+00
7.132817714228870898e+00
1.849302087429595787e+01
8.799753817623896524e+00
1.828213255013036331e+01
7.489837249537949937e+00
1.133246574942035068e+01
4.114589231069786912e+00
1.074068442659698519e+01
6.355688704420265012e+00
1.089832355664166386e+01
4.149839915420371561e+00
3.156029660370871959e+00
3.998719537413396807e+00
7.212259255403197677e+00
6.161373322044372713e+00
1.632445425614924517e+01
5.569458169256349400e+00
1.797305755656961068e+01
4.260519934957239130e+00
2.830063690868349191e+00
5.698369335578656880e+00
8.631425665285391347e+00
7.106837949920293163e+00
8.109804682263408893e+00
7.119768821064826447e+00
7.404141810037130789e+00
5.948457290554383547e+00
4.045769241772569913e+00
1.131262314147583936e+01
1.033312086483203984e+01
1.315771508334903928e+01
9.171887107372155512e+00
2.824811170452138143e+00
5.932149969397854328e+00
1.953495337741718529e+01
2.105453678161951814e+01
8.801334205292867807e+00
6.498695182046946961e+00
6.356382037243370142e+00
7.218057879991452097e+00
5.187339925584812939e+00
1.131426564941782509e+01
2.870511417969057621e+00
5.544562563917988740e+00
1.973733376262268990e+01
5.240934937150608874e+00
1.105621702595958844e+01
9.596855565989452330e+00
5.618275312709312352e+00
9.741560368206663156e+00
1.018045997323656060e+01
1.950976908020923162e+01
4.953870585926015480e+00
4.151423971436295268e+00
5.940327061726869751e+00
8.187526667979641459e+00
1.852128704285265215e+01
5.866739592201327902e+00
1.960078456466461816e+01
1.728234268231424409e+01
7.343439528176210374e+00
3.237631531300225962e+00
6.107966071758331950e+00
3.777272060737175696e+00
8.939896592837218492e+00
1.075700848119195108e+01
4.424712084351281050e+00
4.739613539419458732e+00
1.048822342089784954e+01
2.052221626840121260e+01
4.713189991253496913e+00
8.222886072859923345e+00
3.544269946195766519e+00
7.944916548873972140e+00
8.616110501240953568e+00
8.697098314710771660e+00
8.618145920020458206e+00
2.911613764985622854e+00
4.643399232048611935e+00
1.907796327390175151e+01
5.669430386035693381e+00
1.043112194944525051e+01
6.508950205601249372e+00
1.734590992069455595e+01
9.334195654886412896e+00
1.215316563740403133e+01
4.202120861300537413e+00
6.424055962788535190e+00
4.345163162838361792e+00
1.326007414732325529e+01
4.251711617692933487e+00
1.028557703879305585e+01
3.165811930343888303e+00
9.903825234083372564e+00
4.575691597406727595e+00
4.474642052039307316e+00
3.132912732548590373e+00
1.944286655608836867e+01
2.184383722385220494e+01
4.143164718497368781e+00
6.185371692226539153e+00
6.937506978378139344e+00
1.767812991158345426e+01
4.761365873540022164e+00
5.053597382270394789e+00
9.669618593358038083e+00
2.051163947951958022e+01
4.271216337640053595e+00
4.997878330840700656e+00
5.311699974007694003e+00
