9.760317024507449091e+00
1.269409873262999255e+01
1.059870924557324301e+01
5.729658397573826001e+00
1.194836796873972418e+01
5.626072885196253814e+00
3.243498804357117127e+00
5.595503790620608875e+00
1.103367874399123671e+01
7.526531697740401761e+00
4.454025181838306757e+00
1.084599545828251621e+01
1.766754312462692411e+01
1.218065579646275332e+01
2.063800782609003193e+01
5.415683417695032809e+00
5.078222683735901022e+00
1.802304606198249459e+01
1.060404013459211825e+01
1.170459602576237046e+01
6.977099658898510803e+00
1.279119173244460939e+01
8.562085458178296804e+00
2.935297854200821455e+00
2.259185249888496827e+01
5.750033123695865278e+00
1.251388724717011236e+01
4.302987375042727436e+00
8.852173134362688600e+00
4.883598221626164637e+00
1.072915152721194332e+01
1.977813644714504449e+01
2.247375335672589713e+01
1.254619667640186975e+01
1.268385640853165874e+01
1.069498507126998277e+01
4.860690324710457588e+00
4.273851884676229673e+00
9.217555114425284302e+00
1.021115676217380930e+01
1.057373223513296878e+01
5.695420841108393972e+00
5.775098557103355290e+00
1.771591387067438816e+01
2.690347530213811567e+00
6.876829888745749741e+00
3.218828818861954932e+00
1.649825206004737410e+01
6.915650226946921997e+00
9.590721517589017253e+00
8.100016674313211595e+00
8.263453464232343393e+00
7.000633572343937239e+00
4.692038774326215744e+00
5.007009896328108667e+00
1.297242584264422760e+01
5.570815835016711404e+00
4.899417128948090117e+00
1.146086254762407641e+01
2.357461605766252433e+01
1.361953384093297004e+01
7.773608952035544917e+00
7.364096647807358842e+00
4.827222132800450538e+00
8.472846092146173902e+00
8.925375296790587498e+00
1.691443133184943548e+01
2.007092842881017347e+01
4.811680699451440724e+00
5.916300040799292503e+00
8.494831047225018139e+00
1.729423387041872928e+01
2.393910221849453279e+01
4.722146333205048840e+00
1.121791210581963938e+01
9.652014051066002409e+00
4.414264349006811194e+00
2.836019764032505108e+00
4.421478779929631564e+00
1.042120782479913288e+01
1.434017440833587820e+01
1.153011818112950770e+01
5.360353975686844130e+00
1.681679635678184326e+01
7.255756258238710288e+00
6.925399290500358518e+00
2.154300017994214045e+01
1.860012277038826056e+01
8.568592847198608808e+00
6.578879360129604059e+00
9.010560825699704068e+00
4.765582688700966685e+00
8.087454651222426349e+00
8.737486803994833906e+00
1.298332538605256836e+01
5.247668940619896638e+00
4.118393308422971799e+00
9.526060936311006699e+00
1.082097965102470738e+01
1.480759434216272297e+01
3.103987607432480367e+00
1.748944786390061168e+01
7.616304402476500535e+00
7.293015251277429556e+00
7.275482448914929456e+00
8.941529820683141949e+00
6.549475476492705006e+00
7.066166510785008015e+00
1.885458168333235207e+01
6.612682576349751429e+00
2.667793430866010063e+00
1.095110845437235803e+01
6.482077125748833879e+00
1.076805818391398617e+01
4.573978403355026146e+00
3.079601509295583739e+00
4.331136592895788340e+00
1.171958076076893995e+01
7.463634469562736129e+00
5.936320493944901244e+00
1.546693211059704787e+01
1.029722669984943195e+01
5.673455193257854745e+00
1.782093140572957424e+01
2.274481128087701620e+01
4.598449436859314510e+00
2.688747554839041598e+00
5.974566129830797045e+00
7.569361137683234375e+00
8.300065184318377476e+00
6.793981426336451968e+00
7.555496580969244036e+00
6.141318727755367135e+00
4.260920917806669372e+00
9.790148982235285402e+00
1.225454668959598870e+01
2.709324056842678630e+00
5.936907003902076596e+00
2.035800623694151312e+01
2.029728399574938891e+01
8.547066785708995695e+00
6.181427148397437676e+00
5.874226148284306781e+00
6.948890948199801798e+00
5.284699267034548953e+00
1.119036937032569767e+01
2.756640948166074523e+00
5.739040303412894062e+00
2.023684198640106402e+01
5.576458948085944556e+00
1.106061911953526788e+01
1.051244856759502078e+01
1.064219643910794311e+01
9.830351571524047927e+00
1.879778564293353682e+01
5.028950810915823411e+00
4.441615879736040995e+00
7.098378199973276459e+00
1.799960423391416597e+01
5.803845843097319879e+00
2.056608036424754005e+01
1.745320899735397546e+01
7.148690653415810559e+00
3.133800051606818293e+00
4.969814454171206819e+00
3.419161513207019443e+00
9.492957320828146806e+00
1.026430182214257769e+01
4.643492949462139308e+00
4.774314821176819379e+00
1.067649348012684207e+01
1.927338217368569673e+01
4.811904530848551964e+00
7.753550894776183533e+00
1.070954696500477255e+01
3.327152211076287891e+00
7.393439960634658803e+00
9.258023869092811609e+00
9.530062205295603661e+00
8.772978673175460429e+00
5.925818207565597184e+00
8.602094207764046985e+00
2.849249969146273820e+00
4.752637680896617312e+00
1.964301556023171003e+01
5.726701953062257822e+00
1.024038192469212127e+01
6.850492732117670514e+00
3.351189522159335077e+00
1.652285383325797596e+01
9.399928234193961174e+00
1.232529497880888592e+01
4.537191071627067807e+00
6.833303730190788627e+00
4.711906251972392212e+00
1.312040251000797042e+01
9.569890012059989459e+00
3.481242431290382910e+00
9.543565528858495739e+00
4.482128958074749647e+00
3.068312609804404456e+00
1.945326298546828170e+01
2.125843602571608315e+01
4.506407165741546095e+00
5.986516525597375349e+00
6.055253383319223026e+00
1.754573011236638180e+01
4.555361234840486162e+00
1.069221783312573137e+01
2.154163256008646243e+01
5.454567101464331103e+00
