9.802910649963109790e+00
1.246504997982669671e+01
2.993756821906210952e+00
1.106712233517638388e+01
5.991667816989486361e+00
1.209876593925854493e+01
5.473639725473362638e+00
3.401056835865776229e+00
1.156549232475410172e+01
8.290635731601524228e+00
2.153367011926139796e+01
1.023850664143444611e+01
1.796017630664122322e+01
5.821068924468895567e+00
1.244677676042660153e+01
3.940160482839173639e+00
2.190358453569468011e+01
5.173723191336341287e+00
5.122896368492782848e+00
1.049291086268974560e+01
1.159603416567600931e+01
4.389962702935403804e+00
1.270401329851313399e+01
8.413260672255081118e+00
3.006108791756517906e+00
2.172838001069830582e+01
5.709842607385277269e+00
1.287278244931788151e+01
3.897293460966049672e+00
8.465265396248540242e+00
4.743593370564238576e+00
1.113401554786685210e+01
2.078607459862964646e+01
2.234209495751443342e+01
1.239083754326866682e+01
1.232164374877931579e+01
1.093262201978149584e+01
3.977812750573675782e+00
8.763035216230072422e+00
9.692029966811334774e+00
5.850118418797169539e+00
5.844551184668724808e+00
1.827337457948050314e+01
2.927419599542406381e+00
6.751777276642847880e+00
3.392119890781431835e+00
1.639750330123629851e+01
7.060747426942160843e+00
1.011500402367495788e+01
8.557517566169245526e+00
8.275811966935039621e+00
7.555826767861764992e+00
4.360414348815208285e+00
4.571612289318018441e+00
1.237836146745746824e+01
4.935097526310261884e+00
4.818122908224982126e+00
1.192753424266435580e+01
2.390822385997336497e+01
1.270396950054833241e+01
7.973507647193055270e+00
7.517036336107912220e+00
4.679741848826541428e+00
7.954563935376649297e+00
8.664043338874819256e+00
1.815035219884428841e+01
2.051929195220383306e+01
4.829480239199878788e+00
5.913217709201186167e+00
8.218403312020663876e+00
1.732808251017230461e+01
2.482443290938708813e+01
4.496211802232734200e+00
9.290861851537874472e+00
4.077405958198429659e+00
2.980868140126064159e+00
4.203648902172663959e+00
1.005064083376948503e+01
1.434144728347718534e+01
1.196741953303949657e+01
5.822029400562975354e+00
1.801859098207702914e+01
6.829564849306024144e+00
7.266279549370397106e+00
2.214473980140587273e+01
1.948696812807314060e+01
8.219901431585784124e+00
6.268725046505553955e+00
4.697244529725074003e+00
1.071995856087683485e+01
9.602931513818047549e+00
8.418447497627051135e+00
1.264438092980575234e+01
5.041867551972342376e+00
8.264987123752483456e+00
3.915867141933756734e+00
8.841049089738096001e+00
1.067271082231399681e+01
1.467551003803023413e+01
3.335625996399380178e+00
1.686507419013671694e+01
7.618514813765432159e+00
6.944182992737613525e+00
1.017512219327436895e+01
7.093233775304019773e+00
7.280683791443584241e+00
1.891325022922391597e+01
8.740176856057907173e+00
1.892585684624975784e+01
7.535910863328286524e+00
2.945510077267956550e+00
1.119211927713823940e+01
4.218715000378143287e+00
1.101874422644424634e+01
6.482642455693450323e+00
4.340864710123716996e+00
3.153191388169867437e+00
3.973737385047140247e+00
1.206991001238253425e+01
6.100428791171522924e+00
1.605673969913572563e+01
9.766230937815358004e+00
5.655858041541615755e+00
2.234801845098682804e+01
4.282522435145270201e+00
2.999199309681706005e+00
5.917801360410249956e+00
9.343188279414393449e+00
7.051697494954790812e+00
8.086421155564714525e+00
7.524400020931542699e+00
1.190478486126358071e+01
1.073007540728617570e+01
1.232761836791756238e+01
8.778293166508179368e+00
1.975986317593957509e+01
2.004927373266301061e+01
8.516542627106112207e+00
7.267313823267206985e+00
6.604733645568866329e+00
7.670524150678541098e+00
5.299949813008029587e+00
1.090450120464114470e+01
5.756364051390693071e+00
1.994315595141459241e+01
5.117429982121013410e+00
1.187298257879087338e+01
9.794578643257423778e+00
5.740255307074506597e+00
9.881092551992887607e+00
1.041831045801010092e+01
1.841168514805239553e+01
4.831462191804568818e+00
4.271895206122363398e+00
6.064843371593342525e+00
7.746739879374197280e+00
1.874773695558812392e+01
6.023560587423751223e+00
2.082346750935316848e+01
7.361454116504933864e+00
3.467564607658832010e+00
5.547027358116523921e+00
3.700342286915128120e+00
8.801812154252090181e+00
1.064806717190794672e+01
4.315966661847583374e+00
4.586185033229394747e+00
1.061189107707455648e+01
1.947501582717320190e+01
4.542374935003882008e+00
8.771412873836489155e+00
9.614066909787325699e+00
7.769031927086853528e+00
8.885305320455458400e+00
9.046420557019841269e+00
8.368349641068906664e+00
5.866232039224902550e+00
8.283225180849264291e+00
3.000042020237951856e+00
4.461543264878318205e+00
1.962096036599322346e+01
5.779938163248432126e+00
1.060783929467344677e+01
6.723554462938117204e+00
3.555575388922031621e+00
1.637348963265766955e+01
9.157082512914163530e+00
1.254624166945428598e+01
4.089736523047744932e+00
6.390250005833791214e+00
4.354545875982797298e+00
1.310867208255471716e+01
4.175710026126116858e+00
1.033815505841218751e+01
3.263658699012813802e+00
4.487790568698452276e+00
4.256583458911174844e+00
3.182843042211078277e+00
1.837012519964311608e+01
2.191155548478596415e+01
4.307321130104935669e+00
6.161096470690877958e+00
1.814673956208385874e+01
4.287250240710020144e+00
4.472045420784522385e+00
4.948744866967087042e+00
2.101976873206847074e+01
4.314642126531611055e+00
4.826070276352464106e+00
5.499126718962089377e+00
