1.755524748743068297e+00
7.022780344082916182e-01
4.039651802977361150e+00
1.199663427731783472e+00
1.049138120729999235e+00
1.430515519108757294e+00
1.257759952667023118e+00
3.536064220130375801e+00
1.628069912229641147e+00
6.083358953518671619e-01
8.148739512164611121e-01
4.143994619148121394e+00
1.776106505149548598e+00
6.212637223619318361e-01
9.250835089144571199e-01
5.606599047185401030e-01
3.374781250063211502e+00
6.335773555782873157e-01
2.355766630777760717e+00
3.406647520229034498e+00
1.151700715431025701e+00
1.043946740456499933e+00
5.789022704790661722e-01
2.127912385038055465e+00
1.158690714436904301e+00
8.727960554025635531e-01
8.947359192409257700e-01
9.525697782860566676e+00
6.461848031361491218e-01
1.030686448245499820e+00
6.102562892747359635e-01
2.306007838724330128e+00
1.191371835431141335e+00
4.644154931589227431e+00
1.207719492996714772e+00
6.982901954235463116e-01
5.600401793075666657e-01
5.521118566285655449e-01
5.981288838937842689e-01
6.274353301603866617e-01
1.550823786457060871e+00
2.262819666105301053e+00
9.769911094062144752e-01
5.940632935169084528e-01
6.540692326929935518e-01
1.262234522843185713e+00
1.528918838734125263e+00
8.582437445580769486e-01
4.695806988032146911e+00
1.257519984785502531e+00
4.110542413095415348e+00
5.886667520553870991e-01
1.624304890999105799e+00
8.776421440568633603e-01
2.111136137848154792e+00
1.260949304599322751e+00
2.568861379258826183e+00
2.619247289949101276e+00
6.532956419298244777e-01
1.603290852968277225e+00
2.320013965410126833e+00
5.551598994976201240e-01
6.755196803402434558e-01
5.575024561459835937e-01
1.669394035535579413e+00
9.965062665069348569e-01
2.159374576259564638e+00
1.278547954632192285e+00
1.138214806971549864e+00
6.555112397617270936e-01
2.122801683493116709e+00
1.183861222314314343e+00
9.432824514667133009e-01
5.830324280223844191e-01
9.293275790548538584e-01
4.296293754905192053e+00
2.168594070848095079e+00
9.877423183870835954e-01
4.147028520603523560e+00
4.784753909650641290e+00
3.221254027860724012e+00
8.151938929478635965e-01
1.134654068453070375e+00
5.816842765047184338e-01
1.524010538840286699e+00
8.962791135054188896e-01
2.015609359141356638e+00
1.725353362077011399e+00
6.671813076333311665e-01
9.798463937664212420e-01
9.255093917191006270e-01
2.248498391291792409e+00
4.605212539697065566e+00
6.551632099704545187e-01
6.432179365214331090e-01
1.147523158626257311e+00
1.282986562241215767e+00
2.289813629841288112e+00
1.262656556234701632e+00
5.697513319661191566e-01
1.177020868931760056e+00
1.310708286521852450e+00
1.299545585008158088e+00
2.831978446670968985e+00
7.645535466967032789e-01
1.883310900253703402e+00
1.340657707168895207e+00
5.715989232099335515e-01
1.001694473006570885e+00
5.785426702690517509e+00
1.592622957852124932e+00
3.754197702782137380e+00
1.986821971916961971e+00
6.057709265770242490e-01
2.273641614602569305e+00
3.469962811726725160e+00
2.857644889138998501e+00
6.183621737865512280e-01
9.137862940214442897e-01
8.884859286840033343e-01
8.448528056462027980e-01
9.756598457093892396e-01
1.002015777446664035e+00
7.372207878694041483e-01
9.080621844859471103e-01
2.057910064158061658e+00
1.142441226538255172e+01
1.488452321740192597e+00
7.327659240956001518e-01
1.053166549836987320e+00
7.009442158958725244e-01
1.184924189961957142e+00
2.575981525935682637e+00
8.910340936526800482e-01
5.052559720811967026e+00
5.731191890104260223e-01
5.755932806936726598e-01
2.167895466159813989e+00
6.191875513585849422e-01
7.036792251222285799e-01
2.210972831184930598e+00
8.046503943228594524e-01
1.997610162406102452e+00
1.399437930861635593e+00
1.306402403603240669e+00
1.621480724753634028e+00
1.234630191437337432e+00
5.348217413441974877e+00
1.144942855396452019e+00
1.221006604044188926e+00
7.925213218648953228e-01
4.198539483193176380e+00
1.371949733105371827e+00
6.978871800527182145e-01
8.931707555687657951e-01
1.785162601890147194e+00
1.948359671535861315e+00
1.118809926014724399e+00
8.249755113431330722e-01
5.984192963201905302e-01
9.236929280746308812e-01
5.523343642432456679e-01
1.239673056269909424e+00
8.404881074652925665e-01
6.672332670986693692e+00
5.528943816955824708e-01
5.597802132047637436e+00
5.721386645377930513e-01
2.369951253310717210e+00
3.068523206060951747e+00
1.539470938480250739e+00
5.784905825601335261e-01
1.013245095373069171e+00
2.316378969582010505e+00
3.231705915462081968e+00
7.785999829413114970e-01
1.220930787728927491e+00
1.298244712043097771e+00
9.879413963815919519e-01
5.745416300891323935e+00
1.789897324706118731e+00
8.243734354752360050e-01
1.175559868668854868e+00
5.975173673767923965e-01
1.098538339988446966e+00
5.654337156609897441e+00
6.844983160246893572e-01
9.812747235655475686e-01
3.133225972267806192e+00
1.053114584037042167e+00
2.340780455159899631e+00
1.813785949981635781e+00
2.783449005026660483e+00
6.917194990014635669e-01
7.315061627112817710e-01
1.760172507563653177e+00
2.526825439167103227e+00
5.640645791905030570e+00
5.607165977649883892e-01
3.114878077836290782e+00
3.688591761698224225e+00
1.267916145033610942e+00
6.304997179571469879e-01
2.869207286320882844e+00
5.315441085047909908e+00
1.855739300968186178e+00
5.840258406798517488e-01
5.681503548287009098e-01
2.313003614262626240e+00
1.318063330807946798e+00
1.393851422076863855e+00
