1.671220138712819825e+00
7.445156076735112149e-01
4.513517631975918931e+00
1.269339199734593526e+00
9.701807349708516659e-01
1.355054406761362795e+00
3.072869573623663086e+00
1.649477928611033706e+00
6.767085368223518804e-01
6.814062003357176378e-01
3.728775550217009016e+00
7.577658313966112447e-01
1.755096760618356511e+00
7.603303009707670368e-01
6.150654256113240459e-01
7.130110282481462169e-01
1.905778825854430591e+00
3.103133932385385929e+00
8.819412330504605713e-01
6.481553109474159635e-01
1.883411774265343563e+00
9.943796815503169739e-01
9.503722383769560578e-01
9.383660133367730527e-01
9.127481038195897511e+00
7.499002911487616663e-01
9.640520789439882554e-01
6.550673215753946010e-01
2.519401770044867206e+00
1.182324622176079254e+00
3.807345686587236155e+00
9.888675879192433404e-01
8.254120565613818350e-01
6.053899335514982827e-01
5.774460788122565136e-01
6.839623534304638541e-01
6.154332959687888183e-01
1.246006267426100100e+00
1.041293129482434798e+00
6.605477139929493147e-01
7.460946718827525803e-01
1.034705302243976721e+00
1.174231782666339985e+00
4.737127263675279920e+00
1.041773497724168829e+00
4.287534338553272484e+00
6.239906500529917022e-01
6.518385852452103224e-01
1.164385112240772902e+00
2.490773655145860133e+00
2.582802356805371957e+00
7.017594852800551619e-01
1.548877570016955474e+00
2.018513052921816264e+00
5.745280821014693284e-01
7.765218469481118824e-01
6.144643937776367304e-01
8.586849837887855497e-01
1.954389786336332868e+00
1.080382751060663837e+00
1.162285094672685704e+00
1.153278586765653646e+00
8.333204298247521846e-01
1.903433009121808350e+00
9.857216834134358008e-01
1.025130536940530357e+00
6.161179294412413299e-01
9.581106553301614870e-01
5.229565220747905308e+00
1.802198355975023203e+00
1.022193129684764834e+00
4.471405832577314499e+00
4.592936065611663565e+00
3.166869862258855139e+00
1.185883457314488076e+00
6.158062347269739334e-01
1.287099560030343648e+00
9.785637372788764665e-01
1.794628073224213249e+00
1.560307014296650641e+00
9.474214671204614913e-01
1.064881584190848329e+00
3.327967295008267712e+00
2.022687174184325976e+00
4.449704110675864577e+00
6.970990394468070672e-01
6.958868751920160856e-01
7.620042607990474837e-01
7.706971730289738920e-01
9.791291616281176946e-01
1.177961994513850863e+00
2.614963565304578186e+00
1.264237833855758941e+00
1.318988627089500376e+00
5.670614967042795218e-01
6.197111155341933575e+00
1.201964661364880671e+00
1.132831649291123455e+00
1.078162471457995597e+00
2.433287881047650814e+00
6.968056552590519148e-01
1.555396539217869467e+00
1.240354036930819248e+00
6.086462992762797786e-01
6.551210076884211864e-01
1.009043703093398081e+00
7.070117481687602234e-01
6.334064853796319561e+00
1.742065296050216094e+00
3.606282104824088730e+00
5.723512730344331167e-01
5.864764265569526458e-01
2.128263433563682305e+00
3.278102059669649737e+00
2.849506541023196782e+00
5.763648212310616969e-01
7.946947631060351513e-01
7.743500506886644708e-01
8.693996572418615232e-01
1.037026045568674837e+00
9.361075006696233380e-01
7.886707570758559882e-01
1.075224814996303513e+00
2.412562050419946313e+00
1.088697991640220231e+01
1.427399841218359944e+00
6.385511104342054267e-01
1.057884925776505058e+00
6.813133654300681519e-01
1.075506692424260002e+00
2.337719214912637788e+00
7.651342489994121809e-01
5.441667542293324722e+00
5.894103813433179129e-01
5.862826991020970713e-01
5.846712094942997373e-01
2.062622085902965807e+00
6.377378688055836520e+00
7.893639593857230130e-01
8.436102461726565638e-01
7.434304276553191926e-01
1.603025394013113170e+00
1.416501565231611082e+00
1.110368603488484762e+00
1.768241633232017662e+00
1.387458980667845232e+00
5.997035682812199120e+00
9.118958262800240799e-01
1.048139786627097836e+00
1.280239696494874346e+00
8.548809966541550676e-01
1.403149155949166449e+00
6.465063362981444683e-01
9.972608700520153580e-01
2.222349110293869501e+00
9.068939456089191165e-01
6.981492695406262827e-01
6.436131542751916124e-01
7.881134451366748062e-01
1.205653784074039336e+00
7.785963543833743783e-01
6.718254350843846368e+00
5.686298130637497117e-01
4.900166724658018502e+00
6.435067618629739528e-01
5.957236291761524027e-01
2.488747027940886536e+00
2.454433922893014319e+00
1.462458256979062066e+00
6.372308585983176288e-01
9.677894246621562280e-01
1.963021490448185302e+00
3.101954125710034482e+00
1.216415269629262053e+00
1.220856801067672137e+00
1.098130206507810014e+00
8.283277538825682962e-01
6.967109117435106302e-01
6.575183674981474269e+00
1.549860592512183111e+00
8.915716062366432215e-01
7.164174422378702944e-01
1.055269954685783551e+00
5.153628880883105445e+00
8.992615138714407097e-01
2.150766392898454171e+00
1.034486206996912516e+00
3.059020165165711624e+00
1.035151325081985707e+00
2.190438651300452122e+00
1.593009204199665296e+00
3.067446589013285152e+00
6.373568705044861948e-01
5.713035463967794492e+00
6.391922998490831009e-01
2.388228701219596406e+00
5.731203064201331188e+00
5.614018488491505643e-01
8.376661605736945848e-01
3.301780587196958106e+00
3.035170857012902790e+00
1.083512352531709633e+00
7.357793189308294846e-01
2.981031407440951408e+00
1.535696807358485572e+00
6.487011337276170631e-01
6.370207794395276180e-01
2.119868248325266880e+00
1.137213360808457807e+00
1.492325301564630724e+00
