1.764561396164334717e+00
7.444674114536609100e-01
4.798629135466199180e+00
1.001965263159660724e+00
1.393797219915689389e+00
1.316085590543005113e+00
3.471775757121290606e+00
1.533775323563752124e+00
6.763764147834124829e-01
3.391224193124800834e+00
7.431153127792374802e-01
1.823118539328869581e+00
7.230663523860849651e-01
6.407283538961812130e-01
2.821202406499684123e+00
7.529895346952816260e-01
2.144053779735986875e+00
3.887136184207250711e+00
1.213310296683130840e+00
9.102561131751276680e-01
6.591631047575657876e-01
9.524333008471123074e-01
9.186079572768696133e-01
9.846534691583062937e+00
7.590271095858532879e-01
8.933527871969866307e-01
6.788614041022598133e-01
2.052674987533636752e+00
1.343572734599768337e+00
4.591680106660678717e+00
9.427628319591776496e-01
8.223905269838515109e-01
6.009167526571063123e-01
5.717110213112099881e-01
6.733339107606576279e-01
7.151567454324718742e-01
2.207953150105959939e+00
6.638366503930497320e-01
7.526048791485494549e-01
1.118283713448971595e+00
1.488367686347758401e+00
9.246440948125861370e-01
1.121653515573168391e+00
4.218508890815512835e+00
1.457317931381422182e+00
6.547673052417488648e-01
6.864474786215819524e-01
1.912169511729810534e+00
1.228956164078531144e+00
2.298247263281610220e+00
2.015552491746317010e+00
7.063425647021455145e-01
1.324470868320820838e+00
2.241683450464055483e+00
5.835494483673694388e-01
6.203361199244082913e-01
1.500469994186513167e+00
8.598568865767378666e-01
2.053373843635061036e+00
1.130246896028959558e+00
1.186937156491488565e+00
1.217212305245001902e+00
7.083522688224890285e-01
2.030636181928040074e+00
1.554498200255276519e+00
9.404783305076762634e-01
8.996446190152325162e-01
4.821729524161226799e+00
2.063532182896132827e+00
4.162991004393687078e+00
4.108741531251911105e+00
3.651917668775225945e+00
8.075769019597575094e-01
1.329081203109081732e+00
6.741562475099368568e-01
1.585253523833851652e+00
9.336558376047479069e-01
1.704288162449005828e+00
1.749545437623234223e+00
7.408422479261378424e-01
9.731857033307345084e-01
9.218414695584610241e-01
3.245040023230109316e+00
2.162993037222597170e+00
4.668729277467393857e+00
6.707242464317926256e-01
6.873917219256721056e-01
7.575172564294229138e-01
8.180436003233956255e-01
1.240106827325405003e+00
1.094186618749856565e+00
2.071871446277999240e+00
1.280550149868217913e+00
5.830079440148786540e-01
6.672383890909467041e+00
1.171264188848939680e+00
1.255860166374837883e+00
7.260569110322863118e-01
1.926399113727579993e+00
1.211377746611918216e+00
5.953968758002439188e-01
6.838977375752658405e-01
9.876108888944541420e-01
6.918544463080494866e-01
6.146463095349500527e+00
1.606662893309853457e+00
3.459847867062136206e+00
5.900552416833870772e-01
2.230539514319192840e+00
5.855414115803595498e-01
2.254607657314729785e+00
3.017315638185972926e+00
6.123233665183286378e-01
8.407922211032954340e-01
8.055260730280986436e-01
8.599468811055013262e-01
9.596926593307741893e-01
9.218301680309680668e-01
7.789074322050290045e-01
2.049091870164122753e+00
1.144742151221777426e+01
1.256902596428498775e+00
6.735539489917834466e-01
1.004887398779619190e+00
6.513208258612528390e-01
1.135931835326539519e+00
2.349852631740319886e+00
8.136438110754942166e-01
5.409255930576446048e+00
5.914327252722222372e-01
6.033647872874223772e-01
5.952598814751615119e-01
2.213183735241699868e+00
6.759797173533224068e+00
8.298780980878827096e-01
7.033426292979416683e-01
2.189065214692502703e+00
7.137646252770327715e-01
1.970027347941870399e+00
1.747370910671554922e+00
1.177265467151201062e+00
1.626882584193210191e+00
1.928963968896651116e+00
5.734909072438902911e+00
1.116235771132916943e+00
8.886608685472461300e-01
1.052011304050691098e+00
1.246668700855436018e+00
8.350091688683508595e-01
4.310509634340201401e+00
1.310948035645128629e+00
6.513838265319695786e-01
9.477931842335830526e-01
1.457933094066743207e+00
2.045642950683947081e+00
9.601809809933038453e-01
7.080828982825060347e-01
6.686853757835083956e-01
8.513855936179496320e-01
5.668732392139889109e-01
1.237784552456240972e+00
7.806909088719096168e-01
6.776017325951540826e+00
5.609684322388286404e+00
6.367614761609875496e-01
6.629599799805760973e-01
2.661652954192233356e+00
2.468391950676020130e+00
1.569457732828600793e+00
6.628250081790529880e-01
1.012655777319719563e+00
8.725521566597186363e-01
2.339815974464658943e+00
2.698654966911894437e+00
6.983494761331517919e-01
1.216940950694547219e+00
1.217739974700571048e+00
8.156148866180870094e-01
1.414368306727864066e+00
6.401627654148221325e+00
8.512765914862820971e-01
6.807093074145257328e-01
9.750729435813957346e-01
5.797759284809462343e+00
8.173225939525859962e-01
2.120077519292225876e+00
9.518134154509322320e-01
2.873680621519386413e+00
8.844605209510113530e-01
2.454270646428920344e+00
1.664301163427087671e+00
2.749162688380276887e+00
6.397026055814888368e-01
5.857578919316532406e+00
6.422601062085405710e-01
1.650725440251036957e+00
2.203463472614163088e+00
5.726002551455990464e+00
8.702628744659276494e-01
2.780411710511665913e+00
3.595413963478033992e+00
1.118836185092666691e+00
7.487556887370021563e-01
2.884576731769944224e+00
5.392737649214937257e+00
1.696620571940612665e+00
6.701092820341409961e-01
6.247416320314885807e-01
2.297388747095442163e+00
1.062461000904540320e+00
1.589516488530968275e+00
