1.770579214782020738e+00
7.277902017729451778e-01
4.705628537398249378e+00
1.298468401858737797e+00
9.540171021966247222e-01
1.536146738385871791e+00
1.411886813890848691e+00
3.213020251746506961e+00
1.346079965080047014e+00
6.730896725235467892e-01
7.700492732213285452e-01
3.265938294919790597e+00
6.989932014290995976e-01
1.874912787327471797e+00
6.829605041844568625e-01
8.986524819024606092e-01
2.530637646840611765e+00
6.875232403008140203e-01
1.782760588073074581e+00
3.700130143592625487e+00
1.242243406026318109e+00
9.504930581596093830e-01
6.603295209203292604e-01
1.739203479622352999e+00
9.238776049876414875e-01
9.222362933248297034e-01
6.989932014290995976e-01
1.089019305305178431e+00
6.623666414413458270e-01
1.996280011944605137e+00
1.226695328992227552e+00
4.570929034550061054e+00
9.157119104509124918e-01
7.432151389507148931e-01
6.465794767348413963e-01
6.081209609852273879e-01
6.710852627797282421e-01
1.501954816598728648e+00
2.650631845050704705e+00
9.996360333086383720e-01
6.353181814977751918e-01
7.025844798294709204e-01
1.041198611340536928e+00
8.872011396217723833e-01
4.949515132121391936e+00
1.041198611340536928e+00
4.093479244260113781e+00
6.060934787984788574e-01
1.459925564926680686e+00
7.466513521018885990e-01
7.700492732213285452e-01
2.050057009302496791e+00
1.293315314718423981e+00
2.296803745753908110e+00
6.640672857080552882e-01
1.326817944166200469e+00
5.997584567106867270e-01
6.989932014290995976e-01
6.324909084592709174e-01
1.500713219392869391e+00
8.638214282550431555e-01
1.778087733604469367e+00
1.090172190772419114e+00
1.265163455750540678e+00
1.222049648089289065e+00
6.577508296340687233e-01
1.747151710532245383e+00
1.067839066242485258e+00
1.000738099213350552e+00
6.266612288779281892e-01
7.787894122783721729e-01
2.308739964814117140e+00
1.017727676437747197e+00
3.977346331670156943e+00
4.443152017074575078e+00
3.062925359674569581e+00
7.213913805682602431e-01
1.365328096676929892e+00
6.557667848039721026e-01
1.299501497396699401e+00
1.744950288196580823e+00
1.694789467266518246e+00
9.941541384584213770e-01
9.015770571753582985e-01
2.873794307317488528e+00
4.288195156572166766e+00
7.906829267193674626e-01
7.710336546716562989e-01
7.025844798294709204e-01
6.940937070347699134e-01
1.016032212354084585e+00
1.140264196790531814e+00
2.308198975346791304e+00
1.310781294492845417e+00
1.260879359895693108e+00
6.089573958505998252e-01
6.354299224533925816e+00
1.146635700551308368e+00
2.807371963814500937e+00
7.720508578463041172e-01
1.906635005064547972e+00
1.186348792308679512e+00
6.257324167419807681e-01
6.603295209203292604e-01
9.829699232183759516e-01
7.764472261328420055e-01
6.652566204230838665e+00
1.795373990058537483e+00
3.261553007382939740e+00
6.043211928270438849e-01
1.989284162515330134e+00
6.637593766189471278e-01
1.845523901984331916e+00
2.812885552527456312e+00
2.980916778866073980e+00
5.997584567106867270e-01
9.466486273664278528e-01
8.627718296005477683e-01
7.688049578775038029e-01
9.952845361124189605e-01
7.060525376787822882e-01
9.993770689355402359e-01
2.155708023552733277e+00
1.204174007617142550e+01
1.229419273407873270e+00
7.410760288714207666e-01
1.060884367774953096e+00
7.364498173297029382e-01
1.102366439183257940e+00
2.574828036337420301e+00
8.978557513084232111e-01
6.176663161656371637e-01
6.094689006787767926e-01
6.672446274887532391e-01
2.361704268414262398e+00
7.011331534880412164e+00
8.998327429245246423e-01
6.619186611488889760e-01
6.989932014290995976e-01
2.162712904540866177e+00
7.900366543640343631e-01
1.901653254985247843e+00
1.632773861867143239e+00
1.353872052183655583e+00
5.435031857552774959e+00
1.132825039143207091e+00
7.905369767674786941e-01
1.034311544103197589e+00
1.250336977864359378e+00
4.063459563930922336e+00
7.055358838143946931e-01
9.583835566495214620e-01
1.499365972056206253e+00
2.192610351367727528e+00
9.486417162945240955e-01
7.746120093376858140e-01
6.515905346682250299e-01
8.824891085584519734e-01
6.013148861620483121e-01
1.272610527539000946e+00
8.196995871106054210e-01
6.330359740441144467e+00
6.037660155492109437e-01
5.330297238376422442e+00
6.323649505236993429e-01
6.062916311445514239e-01
2.251329886988961082e+00
2.295023153543054750e+00
6.470277985518678721e-01
9.862452142027190449e-01
8.609549727865350999e-01
2.477855345360078232e+00
2.710560564951439488e+00
7.708719029023740621e-01
1.337123781346318152e+00
1.261968417655545904e+00
1.152818967846576115e+00
8.723912258817985155e-01
1.867221896055894392e+00
6.437190371738614303e+00
1.386474200905883247e+00
8.452517456798375184e-01
1.141248075872837164e+00
7.331871560602378768e-01
1.067678197464785317e+00
9.414626965148837900e-01
2.293624238011010785e+00
1.012281151260191914e+00
2.430918306214819857e+00
1.043389517614878859e+00
2.205696432165441756e+00
1.809872967413275191e+00
2.349757653583935291e+00
7.137633652383219562e-01
5.726370722047226636e+00
7.200226677928630581e-01
1.763493396689194137e+00
2.312162840163979549e+00
5.945519003783115153e+00
6.072793175674504607e-01
7.914345302299256035e-01
3.598997841063564351e+00
3.436163421635868076e+00
6.905024286343985906e-01
5.330799710998845420e+00
1.544703909943427211e+00
6.395896990023861584e-01
2.002866820053149421e+00
1.072347118300479574e+00
1.450916136706550397e+00
