1.850845210629246118e+00
7.046032470069437670e-01
4.601668372227025294e+00
1.359558064978928060e+00
1.466905771004160419e+00
1.338008264155653437e+00
3.419988938899095388e+00
1.831617198524318813e+00
6.556453540850408768e-01
7.032362448569539071e-01
3.796065260321661139e+00
7.237419985762691965e-01
1.860488928682265675e+00
6.732138459491898708e-01
8.115976810584001333e-01
6.169581800215417910e-01
2.860931130896677388e+00
6.932289493335165309e-01
1.769955006757583993e+00
3.836430029705250710e+00
1.281121078828666437e+00
8.430937041882797800e-01
6.409728731034063376e-01
2.313740616386318116e+00
1.094684538527053608e+00
9.871543420175483696e-01
9.802021019071228691e-01
9.102599016922290787e+00
7.146599187430715538e-01
9.396096848372076371e-01
6.633541555950523971e-01
2.298957449670194997e+00
1.294108294457872121e+00
9.834870121319825298e-01
7.614304370755641260e-01
5.602335583401625296e-01
5.341800679131697427e-01
6.169740260621330297e-01
1.437415978878924250e+00
2.111500790130141247e+00
1.148417419487641311e+00
6.235925843073999442e-01
7.237884833580021660e-01
1.034310047492621454e+00
1.317661287369756407e+00
9.606549011137522909e-01
4.277907549382598873e+00
1.034310047492621454e+00
4.322658666270891459e+00
5.645541860376733778e-01
1.517743114167599883e+00
6.226980792335146120e-01
7.015564583587193814e-01
2.061283612405671040e+00
1.083449969492706444e+00
2.606735492533962528e+00
2.312744270076660946e+00
6.373318876547974243e-01
1.554095793077430621e+00
2.025063611871128266e+00
5.734473818667218392e-01
7.216012060401321149e-01
5.755290295265264033e-01
1.663680086691691207e+00
1.867518302423856191e+00
1.217817398231895609e+00
1.254446768703626924e+00
6.291156832240865082e-01
1.116896525991250888e+00
1.132635574054850824e+00
5.924227212620859495e-01
8.430831950316616252e-01
4.341662247532955377e+00
2.042091506025920822e+00
1.140367924666141786e+00
4.045553874462166632e+00
4.436360118542914677e+00
3.697945816567694166e+00
8.228151057440598048e-01
6.429208592141606449e-01
1.364279343476752615e+00
1.124528384811251946e+00
6.981279181062879369e-01
1.164133285344912228e+00
9.274352871627710160e-01
3.271900259769755515e+00
2.217550031685318501e+00
4.933872187934065678e+00
7.256543992266860643e-01
6.505766258252725365e-01
6.944694696649790222e-01
1.037478363162830153e+00
1.276501997994736959e+00
2.224712981795451405e+00
1.329438488395905393e+00
1.257513510875539975e+00
5.563759847212798038e-01
6.046551290618283225e+00
1.241039879296452320e+00
1.162639624394154581e+00
1.125753175619257140e+00
2.503271230646844980e+00
8.289066935483976328e-01
1.964115329847144542e+00
1.323184557430915564e+00
6.022995114349138923e-01
6.579232751386272504e-01
6.778238813309258592e-01
1.772344039602645083e+00
4.156892174087649217e+00
5.549506238283513637e-01
2.376181227074583013e+00
5.875567638732940301e-01
2.074336499805043754e+00
3.534841208615770114e+00
6.143352959885557407e-01
8.969043991660388127e-01
7.955627900852338952e-01
8.645668740789446138e-01
1.129724641244262751e+00
9.166913070352760151e-01
7.817125061502250283e-01
1.109349923958789841e+00
2.074964566229634322e+00
1.119689661158121297e+01
6.557002387792673082e-01
9.137365782302916406e-01
6.500587548471505883e-01
1.078151590041825258e+00
2.495612701564445590e+00
8.384234378333742521e-01
5.260944355777167125e+00
5.477819951633952078e-01
5.735080435327618575e-01
2.334832340056426592e+00
6.009008550116842429e+00
8.373457140445786928e-01
6.909680557203015105e-01
7.146599187430715538e-01
2.255446766779572343e+00
7.139166417854336810e-01
2.074745661439017841e+00
1.587150504345475888e+00
1.068997604012686287e+00
1.846676172083950851e+00
1.347572809323163812e+00
5.993736353906748526e+00
1.025755160211939243e+00
8.804132893142241345e-01
1.194481506695634687e+00
1.340920934489077565e+00
8.276705909283080809e-01
3.992548589097359546e+00
1.369021674816368606e+00
6.396138772971017294e-01
1.480161689755402632e+00
2.211879761204266881e+00
9.558952357630012830e-01
6.528504754111694730e-01
7.950839738626933606e-01
5.297550527931919051e-01
1.230014718753304592e+00
6.614455216832089590e+00
5.375955107043988157e-01
5.541412031345396727e+00
6.145104401471895850e-01
5.788270723092893144e-01
2.319528084727550787e+00
3.009973643067377580e+00
1.492621632767845208e+00
1.157949381653042176e+00
7.864795140316226396e-01
2.206782997417832792e+00
3.349416699533792841e+00
6.793391713819738609e-01
1.231755899584993097e+00
1.245774137921328961e+00
1.065496044245125340e+00
8.747709128166302195e-01
1.540581609195510238e+00
1.676782723254672813e+00
8.567184009857876648e-01
9.514348547492046393e-01
6.505543940643470080e-01
9.667786636702823122e-01
5.534542406512848345e+00
7.258841307221471917e-01
2.160801151115404828e+00
1.155935721881899969e+00
1.031142428434244085e+00
1.589034686050282197e+00
2.888892011666649662e+00
6.414679615832430404e-01
5.204664598073058812e+00
6.382459634285801986e-01
1.749348739121568297e+00
2.313981180654229419e+00
5.566070539449631482e+00
6.243657301176986918e-01
8.603785215914813156e-01
3.122589774015840369e+00
3.483434925387430159e+00
9.957418813654876910e-01
6.950439930725607063e-01
3.076160615349618155e+00
5.685959432666481739e+00
1.415868255049377078e+00
6.457397258810229079e-01
5.844083468229355205e-01
1.213022880399392767e+00
