2.135659236466087130e+00
6.714761089978046327e-01
4.673085911570590056e+00
1.158018357830160383e+00
9.103002533178738975e-01
1.385137932474320710e+00
1.594964091954243823e+00
3.846771362354890478e+00
1.756582507696394124e+00
6.543493729238997192e-01
6.762687803730931257e-01
3.706585575270731958e+00
7.010955794643707328e-01
1.938020644158939154e+00
6.693767278367579454e-01
9.198331122373377688e-01
5.764226201446985831e-01
3.615607644166913826e+00
6.871037909705492996e-01
1.733598203980768693e+00
1.218059123797710530e+00
8.813856257566163865e-01
6.138099227531608193e-01
1.955821048386029215e+00
8.745277836341290856e-01
8.685362286586504332e-01
9.790866036005652973e+00
6.860474449276430242e-01
9.993061760152580630e-01
6.445256261762473127e-01
2.700336729753406217e+00
1.298186189057146889e+00
4.580994490390471796e+00
1.048159643222603465e+00
8.004436336456839385e-01
5.547176727288184450e-01
6.382619201801730258e-01
5.834487541560714474e-01
1.441320215613774325e+00
2.426565332415705711e+00
9.213469722112250793e-01
6.271797611073668399e-01
6.927181493746027430e-01
1.128255866956719977e+00
1.316383753676405810e+00
8.173835344405031567e-01
4.578144130168426251e+00
1.144107980466496421e+00
4.640556791756868193e+00
6.001311794674156763e-01
1.480354536940273302e+00
6.583896023882556126e-01
7.527538474536501489e-01
2.404393295355493176e+00
1.015503094912237669e+00
2.606962166098787836e+00
2.141514646555984669e+00
6.563284497326786759e-01
1.803149094434532751e+00
1.835018235051525615e+00
5.774643425724419465e-01
6.902752956179515342e-01
5.899488330044573292e-01
1.382727639834101074e+00
8.059772340686284231e-01
1.767408589588923551e+00
1.238540523734976251e+00
1.186411710605334680e+00
1.832275801429854800e+00
1.382183183144412020e+00
8.801659115680692258e-01
5.998349700706026022e-01
8.247028027950930040e-01
4.693742679616081048e+00
9.308384353384431265e-01
3.788016263366458247e+00
4.143398623944866799e+00
2.974061139181253921e+00
7.692992185313906051e-01
1.290739906420544703e+00
6.157264906635341317e-01
1.241711496285676342e+00
8.559868929918107439e-01
2.059736519660237963e+00
1.793858086113532702e+00
6.266264695352909975e-01
9.231579624782891846e-01
9.163961508187461469e-01
2.953630652136483459e+00
2.484639395128072081e+00
4.460267491284613861e+00
6.848746877263619526e-01
6.595315418517365691e-01
6.958878814881299668e-01
6.987388959437373925e-01
1.152061363372506309e+00
2.472045596762592723e+00
1.269817939460353484e+00
1.277647824268075105e+00
5.455257106320761107e-01
6.222119902198525843e+00
1.140864411496455233e+00
1.211957337833684534e+00
1.064322908207062435e+00
2.563871628593127117e+00
6.887179760895686398e-01
1.679690589658348943e+00
1.394938278378243357e+00
5.735639050708748465e-01
6.555871141319289386e-01
9.099602959724114593e-01
6.649666706227732593e-01
6.049105212071592241e+00
2.032629922255444921e+00
3.070200552111120196e+00
5.621142911707154299e-01
2.289151171720217981e+00
5.606265281690943070e-01
1.982001928681258018e+00
3.777224767474747669e+00
2.680837969322104719e+00
5.897036001905580083e-01
8.608274935754313129e-01
7.804441120233315266e-01
9.252783498995045264e-01
9.316025146910565935e-01
2.239904033087916524e+00
1.531686740020042459e+00
6.367667544303752258e-01
2.709312153178800031e+00
5.355105870370038268e+00
5.805737688943398700e-01
5.520425373969595206e-01
2.543778310107866591e+00
6.575282915247870896e+00
8.995710326686234826e-01
6.751542676917497987e-01
7.495016395624353178e-01
2.487552554150557427e+00
6.688089461543890168e-01
1.157665263800738753e+00
1.713269620965191198e+00
1.352598662482119574e+00
5.657140399986536394e+00
1.861172057883123676e+00
7.799361081022661013e-01
1.287427588701822501e+00
1.324567204414309529e+00
7.547320965450881047e-01
4.195337279362709282e+00
1.284963168512799347e+00
6.360254975615842188e-01
8.542174818064549591e-01
1.589253942417357068e+00
2.146503706562044478e+00
1.052632427905703105e+00
6.874869691039816599e-01
6.124285498243825510e-01
9.615052524964454728e-01
5.405144840954900776e-01
7.844858789780850827e-01
6.865312923552137292e+00
5.408708875066580157e-01
5.799289162407164078e+00
5.810957940335708116e-01
5.851619954741301699e-01
2.142167430349156021e+00
2.391171979657563451e+00
1.322060832856136070e+00
6.059608028097941412e-01
1.128794444244715089e+00
8.563308376863513205e-01
1.572314399937696505e+00
6.587247603888366498e-01
1.225866857364534823e+00
1.196797122980271633e+00
1.150336929463452451e+00
9.410080037772787787e-01
6.864331448049650897e-01
6.116767681657145239e+00
2.105215591026054600e+00
7.678005394384556093e-01
1.181414090930264171e+00
5.992942316890464305e+00
7.841305655790630214e-01
2.414997781108875419e+00
9.309234775380923477e-01
3.255161199934590410e+00
1.486187603835200211e+00
1.990512546861850973e+00
2.793545167793894279e+00
6.096677908216531216e-01
5.348274629436952310e+00
6.094556208350334625e-01
1.778974782529420429e+00
2.571651699331271246e+00
5.668941166155052613e+00
5.541068779770403907e-01
7.419134139270782136e-01
3.101959766745645553e+00
3.975052422430616517e+00
1.026373413523673950e+00
6.595213689199117546e-01
2.936894187514400123e+00
5.740918975183189943e+00
1.631190278458055420e+00
6.215259129925755355e-01
5.691027614518846534e-01
2.235791597541866516e+00
1.342057239035098881e+00
1.613348393366460520e+00
