8.387446532060287563e-01
4.253617418522264160e+00
1.152136437357780707e+00
1.033392882015960135e+00
1.373223893553477293e+00
1.350868924834508711e+00
3.035254598738579723e+00
1.673985762006986233e+00
7.444989105815834618e-01
7.238672418178216939e-01
8.008293991605299755e-01
2.233232428238765443e+00
8.045080763312971728e-01
8.901296881329734401e-01
6.226184003255110788e-01
2.536720935656156417e+00
3.233966312510757835e+00
1.153901547664425875e+00
1.055361074774060937e+00
7.240219256803216430e-01
2.028429549774090734e+00
9.791948746524330449e-01
9.487836892918936060e-01
9.552153143207401387e-01
9.107060361244645463e+00
1.057627901279623917e+00
1.929776674161433281e+00
4.123444906890020967e+00
8.535786984236414243e-01
6.506769267410345003e-01
7.220277751348673778e-01
6.777437900507352619e-01
1.349280502659219172e+00
2.723698785429639280e+00
9.934938832686494026e-01
8.076598750513830360e-01
1.170252095957555971e+00
1.305037606208631740e+00
9.807133408203099201e-01
4.727500124173895202e+00
1.170252095957555971e+00
6.743945909815933781e-01
1.510798163746277067e+00
7.240448109725509118e-01
7.267912868286995343e-01
2.357433521852908775e+00
1.354320935874887333e+00
2.523356894862361699e+00
7.645115273079500229e-01
1.464396017862071631e+00
1.887530288467490713e+00
6.127649082344638343e-01
8.147058490703679157e-01
6.038195572140162559e-01
1.582974345409701389e+00
9.709249051770177941e-01
1.945615709374675317e+00
1.243950166197150375e+00
1.144020996094426312e+00
1.196136942871923514e+00
8.586727554040080035e-01
1.729073754393371409e+00
1.174551092587566403e+00
9.758539116393067925e-01
6.860329403297978912e-01
1.020220156205601469e+00
5.258054564984425916e+00
2.175511143869857111e+00
1.215630077879217286e+00
4.701953444887513101e+00
4.724203454248947054e+00
3.522350531561657672e+00
8.930552783811406270e-01
1.182367375806691046e+00
7.191037301239895374e-01
1.560172771095099664e+00
9.634919179177834359e-01
1.569462150339098416e+00
1.620744470580537389e+00
9.714606783669996748e-01
1.002512134788582365e+00
9.749672068747470277e-01
2.981991983648059730e+00
2.313918247219223456e+00
4.578439121716097127e+00
7.297688397688989470e-01
7.019653601488511363e-01
8.076598750513830360e-01
8.118352146048853912e-01
1.077695634686540949e+00
2.344157062495890287e+00
1.281396031615025022e+00
1.150918040874349346e+00
6.946170104569779014e+00
1.121157482155815233e+00
1.241497627423570504e+00
1.354792878854236493e+00
2.666634968313450038e+00
7.403502734620087677e-01
1.808181634805193339e+00
6.994714693346228973e-01
7.481131242419647442e-01
1.000922219329568597e+00
7.228382964613530026e-01
5.932789377519985585e+00
4.046140882700897556e+00
6.330669202175911447e-01
1.865083316931453572e+00
6.341433620558823980e-01
1.932492355831356479e+00
2.679400866802617909e+00
3.057612666572958826e+00
6.261749750103372536e-01
8.761143210867394782e-01
8.379421974043310684e-01
9.052348313941469549e-01
9.866634073777963421e-01
9.442193385462545052e-01
8.664760927390944278e-01
9.988664051117024378e-01
2.614554433700489344e+00
1.236956769485450813e+01
1.317629412466847505e+00
7.959795793948700737e-01
1.047731058025153095e+00
7.274035638257726477e-01
1.260675039727090052e+00
2.650230341835753123e+00
8.777937470534981079e-01
5.746110909865085326e+00
6.316047668254892722e-01
6.307446024821382613e-01
6.183156140466207207e-01
2.465538806459741661e+00
7.042702122545097865e+00
9.588359662779021297e-01
8.884286058452720569e-01
8.008293991605299755e-01
2.400566085803523819e+00
7.469262844994887240e-01
1.873972865623193762e+00
1.519438277430954498e+00
1.407965327892714891e+00
1.729717845444156188e+00
1.477323485763852196e+00
6.265935685930781318e+00
1.001879508074138059e+00
9.189780514096927977e-01
1.052446768871449834e+00
1.236163280090175176e+00
8.890607911570654887e-01
4.429266033376457301e+00
1.201537277060424680e+00
9.849470559645002732e-01
1.434747454922692178e+00
9.183181838254647067e-01
7.585330867570817537e-01
7.383953646633664158e-01
6.048427250117009990e-01
1.196889147927197472e+00
7.549786462625804884e-01
5.988994469641958140e+00
6.079164717932932227e-01
5.461117345988068195e+00
6.895340895915093027e-01
6.497463528523479415e-01
2.718169315799686903e+00
2.293816163639362138e+00
1.549568210961634884e+00
7.184776571663902267e-01
9.505748476376656431e-01
1.100116260376004629e+00
1.999795669261778874e+00
2.610652457625956657e+00
7.228382964613530026e-01
1.150918040874349346e+00
1.150918040874349346e+00
8.546961161511483773e-01
1.849996728374075028e+00
6.807861568955591913e+00
1.554708805205529343e+00
9.257620776418127306e-01
1.023507928284028701e+00
7.722079902319269884e-01
9.770120558003712041e-01
5.521101154856451920e+00
1.042247078630854196e+00
2.328271636141829859e+00
9.927257425439078853e-01
2.406406692656475332e+00
2.173664994350506419e+00
2.116608005699069928e+00
2.279468150236897195e+00
7.239412044676332147e-01
5.503225169329367894e+00
7.198897363904306346e-01
1.480834253563267922e+00
2.042781495269736958e+00
6.309391517493401214e-01
8.977145472424561401e-01
3.354850270077092578e+00
4.024375277838409204e+00
1.293925480009466389e+00
2.859303923999625408e+00
5.409964440608418634e+00
7.318642143188536231e-01
6.799289963594629116e-01
2.109989068573637550e+00
1.047581018163331157e+00
1.393711904983275573e+00
