2.135007916132052319e+00
6.738029840233814571e-01
1.199737634270528819e+00
1.103310816249085891e+00
1.631064426262446521e+00
1.264476342874702564e+00
2.768946750787349753e+00
1.514216111395588760e+00
6.711921167193088955e-01
7.864882575375942153e-01
3.269581223990222885e+00
6.752166184645476132e-01
6.699903734887723283e-01
8.601568397550931611e-01
6.323177643460966557e-01
3.135972463540251276e+00
6.761475433860875128e-01
1.900700363544083782e+00
3.612862296163240838e+00
1.256901872091697570e+00
1.117317630134505357e+00
6.362632609426834840e-01
1.863768851634534984e+00
9.799802950988448780e-01
8.335188914248492509e-01
8.589341027339715273e-01
8.973137137603135471e+00
6.741755082705593871e-01
1.099802736051317620e+00
6.668533444053924564e-01
2.097033831868823306e+00
1.166685369496349489e+00
4.454850744589974987e+00
1.208155843191732304e+00
6.482490946228174344e-01
5.521622340773412185e-01
6.314285265727623830e-01
6.987687391341941279e-01
1.457881921535745917e+00
2.315848891560360556e+00
9.395996979097942514e-01
6.471562008065386840e-01
1.275350598907597721e+00
1.393285910715909681e+00
8.258161704651948432e-01
4.303145080794639199e+00
1.285672584955634301e+00
3.713009979638445035e+00
5.593797819032734209e-01
1.626528841458376728e+00
7.677245843204625331e-01
7.937356207817561904e-01
2.172738674742364484e+00
1.340609027160217792e+00
2.572744416931898925e+00
2.097945026613410757e+00
6.792295850338291308e-01
1.488682543275079873e+00
2.029585688230749696e+00
5.578116253658715884e-01
6.723066633795876657e-01
5.654085337986536342e-01
1.549361227410675834e+00
1.096419477460645719e+00
2.148381162796593191e+00
1.439629312259271821e+00
1.154343594213991464e+00
1.151927896046607946e+00
6.071672446960493241e-01
1.861541015405514754e+00
1.129990776193236179e+00
5.972491610066990031e-01
7.745520897642194091e-01
4.472597990600379880e+00
2.170370828834669474e+00
9.365288982220265623e-01
2.908772581069330343e+00
7.687614244653139250e-01
1.174202958894404736e+00
6.161990561840529068e-01
1.435798973735587403e+00
8.411573744496547711e-01
1.955622696398690907e+00
1.848876970902935568e+00
8.495702508231716132e-01
9.282437596306598593e-01
9.066481487551202312e-01
2.689817558852854340e+00
2.144007476689962832e+00
4.534796513472245216e+00
7.489709698371885827e-01
7.518809249221487523e-01
6.912453612970997918e-01
6.844211443656927907e-01
1.130537934654507692e+00
1.296737106356164126e+00
1.246243404808034638e+00
1.170943887376110659e+00
5.682622374752043237e-01
6.481463827600345340e+00
1.147027620227700107e+00
1.308849618908963119e+00
1.334080022683060029e+00
2.643689729678541767e+00
2.063154781976585195e+00
1.369855724680601572e+00
5.402624988513369253e-01
6.673611230141774930e-01
9.821746062185409132e-01
7.864641518415548260e-01
5.901234465508860438e+00
1.867759420157096617e+00
2.958958475962742973e+00
5.892884068714090429e-01
2.281115210985283248e+00
2.168647449892363355e+00
3.185686537069488455e+00
2.721920986474736015e+00
5.848284355853876626e-01
8.854093990980254070e-01
7.730444244551454291e-01
9.216687673058280295e-01
1.048650043314878655e+00
6.954417105037771218e-01
8.911807229644317374e-01
1.933776585185740471e+00
1.158342351260366954e+01
1.436935157337196678e+00
7.677245843204625331e-01
1.072069531930250452e+00
8.397720747168478939e-01
1.253701167127559302e+00
2.753134151122308637e+00
8.731192765957013213e-01
5.578400909272816399e+00
5.505642621217097243e-01
5.935055273594521674e-01
6.512139589985800336e-01
2.506810499334866549e+00
6.645956833799280261e+00
8.957258067475740715e-01
6.395066388747661090e-01
6.723066633795876657e-01
2.241207174575288619e+00
8.308286626051198942e-01
1.960037413784691651e+00
1.460279374491921134e+00
1.492164026928445519e+00
1.790459576965200528e+00
1.251763773118943490e+00
7.774170886817625137e-01
1.147155247867501782e+00
1.280887660541656370e+00
7.895035655912829853e-01
4.154306981323440340e+00
1.305205688674657027e+00
7.856052398781068202e-01
8.649437216593652833e-01
1.549925372770024401e+00
2.034987432331405888e+00
1.060223010299804702e+00
8.112879330939775091e-01
6.404086113427902571e-01
8.794360651359560688e-01
5.332235361598288703e-01
1.181233452208158674e+00
9.071033709458005134e-01
6.423778947387716265e+00
5.521622340773412185e-01
6.056856713470782916e-01
2.557723268785687676e+00
2.665188543643854047e+00
1.879840418334478791e+00
6.071672446960493241e-01
1.055421653856217112e+00
9.748748556791930753e-01
2.966183348883049575e+00
7.623653101345939653e-01
1.161861183612046489e+00
1.181969238292622570e+00
1.355660313834009090e+00
9.132985698574422884e-01
1.471020431563479836e+00
6.129053068416621564e+00
1.578535308334907405e+00
7.760549994018310915e-01
1.231400743170556256e+00
6.427397743342937453e-01
9.964222989593619628e-01
5.480375424795758121e+00
1.179779506007047507e+00
2.205071234229157184e+00
3.049024905258164608e+00
9.759531775263411424e-01
1.974448821944879695e+00
2.061706155622932357e+00
5.659821202876832658e+00
1.636129251712407529e+00
5.870658145232791725e+00
6.388554239251784672e-01
7.526174131253795530e-01
2.944651884451035873e+00
1.213170230284132067e+00
6.618612174504179269e-01
2.744788304345651575e+00
5.280001654795638544e+00
1.480791480864795062e+00
6.191090112690128544e-01
5.968692089179192806e-01
1.991118741721335850e+00
1.232258873301843360e+00
