1.619148540844647322e+00
6.953513966093319842e-01
4.260258268674181004e+00
1.238289634350321800e+00
9.173577418187686128e-01
1.442998539277477121e+00
2.374553814298112187e+00
1.767644583235864042e+00
6.454084438982744532e-01
3.331781917720692654e+00
7.238924403340025737e-01
1.629564097856730287e+00
6.917529387399654617e-01
7.752188653458819134e-01
6.212340778355226467e-01
2.985528819519775112e+00
7.345618718159744320e-01
1.991204112189643105e+00
3.290174239684383828e+00
1.262579308345925355e+00
8.688742764123889017e-01
1.637511789538463658e+00
9.907965194111559848e-01
9.331186976706895564e-01
9.423022758455573689e-01
9.921942132612590726e+00
7.202939824646360512e-01
8.448453782962093150e-01
6.446083534676562143e-01
1.223124908312480663e+00
4.572028364760573282e+00
1.030425780263502178e+00
7.903764077551592715e-01
5.722424735598192758e-01
5.330274653766950976e-01
6.395449697955102319e-01
6.626082255766688744e-01
1.215494060953925537e+00
3.025915689369826911e+00
1.007598760858204434e+00
6.380564681384106596e-01
7.320073664449325834e-01
1.247591644907041442e+00
9.463953368828178503e-01
4.810742736599340041e+00
1.127445114911694413e+00
3.723417330979403861e+00
5.428100797117612064e-01
1.500864750492794997e+00
6.042258130576331210e-01
6.796660991112571937e-01
2.078454316393124834e+00
1.063950941441654363e+00
2.418560671239502025e+00
2.464046439277384870e+00
6.870219931604439889e-01
1.380851635416588064e+00
2.047543764657893117e+00
5.508148218555209974e-01
7.229295886493052326e-01
1.452543895707034682e+00
8.889243403228449525e-01
2.106134109782538566e+00
1.176336289201606933e+00
1.181679001693892062e+00
1.177500503845599900e+00
5.977729165013622170e-01
1.947115645647806703e+00
1.040435054407737203e+00
5.959806825612812275e-01
4.986868166327084850e+00
2.172301663944230743e+00
1.182068798635297568e+00
4.508621245320269644e+00
5.159284922177971744e+00
8.387888588760533670e-01
1.186824330912224612e+00
6.088261750054120292e-01
1.014819306488272010e+00
1.401399932066620169e+00
1.679974167538225815e+00
6.827386493936432599e-01
9.321271252023837217e-01
2.729434283084961166e+00
2.102708573716070450e+00
4.414550989336976095e+00
6.352744707372446342e-01
6.552607965330793371e-01
7.309940087554026578e-01
1.074767563273033133e+00
1.210173257572730421e+00
3.328270960745683738e+00
1.317829624425205459e+00
1.219554944677077479e+00
5.368925383269173013e-01
6.344832440812508523e+00
1.227663779588057391e+00
1.209377574180300785e+00
1.033088167376975619e+00
2.844264750758674243e+00
6.523637744651186177e-01
1.253494254184727819e+00
5.701544796872919374e-01
6.380564681384106596e-01
1.025885559427545335e+00
6.329467539650898145e-01
6.514409430843426385e+00
1.658412471033214430e+00
3.379524660875322439e+00
5.553032221245688405e-01
1.999713866128089101e+00
5.519155754543872971e-01
3.245495452177455498e+00
2.980914317617480158e+00
5.763682771391884785e-01
7.885697486412055479e-01
7.896032558799600531e-01
8.752074629546351403e-01
1.079415819974534951e+00
9.431051609396899904e-01
8.074957475091818493e-01
1.035120861187330377e+00
1.182431732904272792e+01
1.330369647768525621e+00
6.383196201903194034e-01
9.560895983125675679e-01
6.051107947176941337e-01
1.002169567775835102e+00
7.722478171069434572e-01
5.261900712525817703e+00
5.567485365520626894e-01
5.553032221245688405e-01
5.572865402723324868e-01
2.242825651466146653e+00
6.915033716773094419e+00
9.123390610674598777e-01
6.547118296872567189e-01
7.202939824646360512e-01
2.169370074038452945e+00
1.755379390099658377e+00
1.461318781686877122e+00
1.168512886347448987e+00
1.842004809673325916e+00
1.480815502855463706e+00
5.613330047309314175e+00
1.052348328990922566e+00
9.205850773910182472e-01
1.309054988487481808e+00
8.517957502675997938e-01
4.064148352886602034e+00
1.321477994840690284e+00
6.161695027554816573e-01
9.914193456178663766e-01
1.282804844598738558e+00
2.454643285119772589e+00
6.796660991112571937e-01
6.238198119187926549e-01
7.925972307927585669e-01
5.274208109530873489e-01
1.239917196758621110e+00
7.664369114536642158e-01
5.403794411365590022e-01
5.622907072623673841e+00
6.130719908422411768e-01
5.865089551874511642e-01
1.474105972032363043e+00
6.007913017773277575e-01
1.064551591495582095e+00
7.558387816574168028e-01
2.020650189843816502e+00
2.904163566143131536e+00
6.329467539650898145e-01
1.219554944677077479e+00
1.209146747471754324e+00
1.221408016671379437e+00
7.991108270353126652e-01
6.434173085088795929e+00
1.339583141237225439e+00
8.745732654100975001e-01
8.901241559290514749e-01
6.691362684157345919e-01
9.571412661573748260e-01
5.728946501334961638e+00
7.450486715354830425e-01
2.108440730413234210e+00
1.044797120028903015e+00
2.855462904988542050e+00
1.044354783058494940e+00
1.872354613825229386e+00
1.599430974310765308e+00
2.460713958675051050e+00
5.821123782066055519e-01
5.903245547151469985e+00
6.395851788299879992e-01
1.341490376698031950e+00
3.076559639708565719e+00
5.290140346993548626e+00
5.751625557633966990e-01
8.701960437836375739e-01
3.384932934989095532e+00
3.431316194620574578e+00
9.876347890998496970e-01
6.917529387399654617e-01
2.778459122046180507e+00
5.403663781326879523e+00
1.584618323754572122e+00
6.075555308364282148e-01
6.088623809794374564e-01
1.769768695805024938e+00
1.050113942174548454e+00
1.330490531672460008e+00
