2.066572143371555370e+00
4.144997575821300018e+00
1.177605004768301100e+00
1.154480523256987912e+00
1.355739033163286589e+00
1.240656937861170039e+00
7.918909077213062142e-01
6.835146577165447379e-01
3.143113028732419156e+00
7.777933664371781131e-01
1.940353244265717869e+00
7.935070329986185778e-01
8.631315814498935479e-01
5.745698193892164740e-01
3.038988705360304188e+00
7.891543686214405051e-01
2.205537372196336499e+00
3.417602781670018519e+00
1.172812892919275596e+00
7.343096378014060122e-01
1.691717814225301986e+00
9.732711979781417666e-01
9.341760056861958539e-01
9.442071826560552994e-01
9.439153149977080659e+00
7.788441323313114450e-01
7.168164250943882543e-01
2.089802466695666272e+00
1.211115108758382242e+00
4.578456580970313716e+00
1.129125132240905494e+00
7.932878043377864508e-01
5.985708822876403268e-01
5.785049926607634951e-01
7.441286904378314748e-01
7.841741951724674475e-01
1.546169796911774252e+00
2.301229833492303367e+00
9.552105373248227504e-01
7.126841517868928166e-01
7.782693310520508723e-01
1.202649917305581573e+00
1.466120553947590333e+00
9.568065585180309807e-01
5.016688478707863830e+00
3.745566896859238160e+00
6.673118122430012900e-01
1.507496865480341119e+00
6.534498237958271671e-01
6.829564058436464746e-01
2.138505693276800734e+00
2.421643630983884687e+00
2.207490955889672701e+00
1.979457155049261896e+00
7.796219062407655498e-01
6.184345681039377096e-01
1.441302487564332990e+00
1.009083665072978198e+00
1.198615469233312414e+00
1.168514280153309270e+00
1.171313699725665458e+00
7.313600676398867018e-01
1.859317793262745155e+00
1.129405599519786918e+00
9.405448920699750470e-01
6.170761836972197267e-01
8.491654294229732391e-01
4.684319093208910267e+00
2.153564042839066772e+00
1.425326005510794136e+00
4.868584543198869241e+00
4.963037807074596408e+00
3.727890582978699907e+00
8.138573609303453305e-01
1.171717192674271990e+00
1.358483925415940208e+00
9.458980321315597628e-01
1.757444470200125952e+00
1.712642124500255880e+00
9.443986728501243544e-01
9.552105373248227504e-01
9.348510863630717926e-01
2.526365873478484403e+00
2.075131006414526080e+00
6.799299226116198858e-01
6.830814358067531789e-01
7.911036919157706793e-01
7.885795673421799323e-01
1.059174330905889194e+00
1.160765518573087629e+00
2.535696867272267063e+00
1.234660104473658482e+00
1.175522209171106391e+00
5.965996542681982762e-01
6.383710172501800173e+00
1.274432897061179126e+00
1.265379836506681510e+00
1.232197740222628957e+00
2.592286457263169641e+00
6.633547890425370852e-01
1.954958472631373123e+00
1.190433144025234924e+00
7.385338559873150244e-01
9.449003010346936904e-01
7.209060100841305774e-01
6.193542461231102081e+00
1.798137260468041010e+00
5.604853260145916671e-01
2.087251364651772967e+00
6.027075941736096398e-01
2.045693503851019113e+00
3.342488432376629959e+00
3.198440080095387383e+00
8.798807019750830571e-01
8.945504143142786191e-01
9.645527387353020066e-01
1.078747858745835897e+00
7.953641495449833565e-01
9.234681877220366486e-01
2.295743555885817244e+00
1.187916775850099071e+01
1.310136288267574889e+00
6.482719211434933015e-01
9.878898803990797672e-01
1.225991568871949822e+00
2.365088850932382858e+00
8.601192548928743298e-01
5.467466954680760161e+00
5.796535035937534497e-01
5.739549144787454704e-01
6.166115808504176732e-01
6.524994847617491267e+00
8.463941363372665672e-01
7.282074177735264886e-01
8.210508889797775156e-01
2.284176079207845600e+00
7.281904956025624376e-01
1.942536614295098607e+00
1.434100617885740503e+00
1.278138259714040492e+00
1.821346477460252578e+00
1.418698248841877563e+00
5.528730341659829683e+00
1.680564359402293872e+00
8.591696144401481661e-01
1.039699276278230888e+00
1.221442922183952895e+00
8.422617513964588687e-01
3.941072203959851805e+00
1.191677615250743782e+00
6.496360746193708957e-01
9.322430707618933887e-01
1.565614568182976507e+00
2.158516157488560960e+00
9.501344309221039230e-01
6.888765442705933051e-01
8.413627220412720487e-01
5.581930238051596715e-01
1.171304514964867316e+00
7.951740999787599851e-01
6.037212736466237573e+00
5.663538145411919356e-01
5.303586794585804398e+00
7.217163191802815625e-01
5.941919591017501556e-01
2.750501409194125557e+00
2.551280558526908493e+00
1.533902331547491782e+00
7.106889398395188628e-01
1.079437369879768571e+00
1.035433651504379604e+00
2.034090179854407765e+00
2.844083169011531353e+00
7.056792295530540660e-01
1.175977824834776531e+00
1.198561175457756756e+00
1.195918486142589998e+00
8.939945493902635709e-01
1.141127099300927705e+00
6.433044583086995338e+00
1.672935496582046211e+00
8.764148772104696228e-01
1.066297671881277331e+00
7.785741049257666191e-01
1.290874114082914081e+00
5.576586600907964097e+00
2.110081599714574985e+00
9.470150699705023323e-01
2.883471910289132634e+00
9.940538214980250142e-01
1.983339064188794465e+00
1.803021977904447182e+00
2.628895595610257097e+00
6.755844949812938038e-01
5.960239543656952854e+00
7.049421022555225624e-01
1.664200146349738452e+00
2.370084620692406663e+00
5.407459546701207209e+00
5.562004739918114948e-01
8.440551857049767293e-01
3.293002207751212218e+00
1.223937528013662845e+00
7.889641076512446949e-01
2.997552351042965135e+00
5.302581255990280518e+00
1.528066085539466323e+00
7.349343521915213673e-01
1.817650487407404203e+00
1.028769882741099817e+00
1.366980788934421209e+00
