1.161518209980364169e+01
6.470602502650824484e+00
1.393522731937814285e+01
1.717263374677628107e+01
2.316605385808354356e+01
4.628898552022547186e+00
1.645890324153365825e+01
4.426653276073760357e-01
6.997104667597305649e+00
1.278137688657499327e+00
1.337982837665177449e+01
9.286408035035512043e+00
1.040993144840856743e+01
6.666317478721395240e+00
1.216991354668952363e+00
9.523282490553183877e+00
8.717595277195444581e+00
1.290883655946350395e+01
1.981350252945215473e+01
7.268294376149120772e+00
7.204910232775207923e+00
1.426371749064222172e+01
5.958860863451211465e+00
2.840025468229711336e+01
5.512582616277756919e+00
3.046012614019756537e+00
8.816387566609408921e+00
1.355377169537036330e+01
7.538931077389150026e+00
2.274413998833686534e+01
5.941362608038910587e+00
1.922952465143013612e+01
4.853346282486177721e+00
3.373952917815875363e+00
6.701994015405266403e+00
6.002441692926940853e+00
8.025308653155882155e+00
6.353991336811273705e+00
5.792287406777794523e+00
7.257570516242497938e+00
5.395932591847667936e+00
6.330167968508091825e+00
3.630004621167831846e+00
8.265526332566986767e+00
1.407622218059903219e+01
7.765583086726086215e+00
2.191367979609349348e+01
3.349078219740064810e+00
4.003171169216314773e+00
2.656441588273414922e+00
1.450422776809200975e+01
6.370281646738237491e+00
1.803926028651076763e+01
6.601774594146408326e+00
4.030002908356593139e+00
9.897181727181722621e+00
1.364342301896485310e+01
4.631508875371733502e+00
6.497091736136053619e+00
3.844202262733121156e+00
9.309008031686806461e+00
6.759196424180927032e+00
9.109514794946212746e+00
1.260615866823228792e+01
8.480715341550478570e+00
1.710704459211144268e+01
6.347598187940238113e+00
1.207517018271946974e+01
1.954187164170382962e+00
6.158695112280450523e+00
8.915197818732478297e+00
3.158048373406612708e+00
1.875165054210052418e+01
2.405137882774205593e+01
1.239892145037944182e+01
1.912976799949729312e+01
1.333436439100947268e+01
1.282274068652522203e+01
1.107016254677491673e+01
1.452162953641921916e+01
4.356252526741227094e+00
1.168471477033047279e+01
1.216259147415578390e+01
1.524572411708908959e+01
9.390018530768523775e+00
1.527690872458388327e+01
7.838130589335527532e+00
8.196703586270679409e+00
2.214620324540501528e+01
1.282539236902454860e+00
4.360374912163256234e+00
7.707331331250500739e+00
1.936387132979785486e+00
5.902448800906268112e+00
6.635099821089400329e+00
7.954491449724518937e+00
1.283486628032146371e+01
1.670375088130290919e+01
2.428990050764386410e+01
1.836720232605557968e+01
1.721660988665614056e+01
6.832085962487911779e+00
2.262072024703315165e+01
1.950132564174179572e+00
1.073407268680082893e+01
7.946750101213278406e+00
7.842004132932477667e+00
7.836951143984888013e+00
4.451392288067165914e+00
1.561263073522969869e+01
1.221573057534629747e+01
1.438496314774629781e+01
4.189343124106731153e+00
2.410979554194011598e+01
4.302539520695102482e+00
1.107869241297304974e+01
1.383947586397840546e+01
9.442805209582031623e+00
7.668265993166861527e+00
2.660638287139941216e+00
1.616679126418979040e+00
8.331574184915188752e+00
9.160971149580018347e-01
9.228386056242593227e+00
1.433169958126818777e+01
6.989269852699206531e+00
2.303996273060829125e+01
6.188715164717957684e+00
5.249506585054045438e+00
2.040341389449324083e+00
6.586380963314777404e+00
8.572894938244438379e+00
1.706945772916872883e+01
1.045678676854427058e+00
2.234579662328486549e+01
3.012062105693325886e+00
4.065347232336043781e+00
1.980505282580868354e+01
1.782274948486033850e+01
3.916101142163995075e+00
3.402354385221974198e+00
3.660837768231701705e+00
2.076939503315606217e+01
5.581736653236980317e+00
1.932983548995667533e+01
5.339968520652033313e+00
1.589038565233030020e+01
3.214904883239654065e+00
1.687161486378185415e+01
1.519313593542790919e+01
1.083002553570228166e+01
2.035035292213305169e+01
1.734035880302534949e+01
1.814286315059178278e+01
4.965514646569471502e+00
9.050988051486113406e+00
6.206818896561308918e+00
2.608620420039284848e+00
7.131365955485854613e+00
1.264378131808540751e+00
4.740982803403253065e+00
1.050548650643589887e+01
8.273636986138065197e+00
3.082979822599349973e+01
1.829141659613607374e+01
6.459753171341009903e+00
4.171422552673134554e+00
1.259913077470944920e+01
6.417791948917995093e+00
6.314757174399534989e+00
8.244904539674811517e+00
1.844149736916838123e+01
4.457599133081823872e+00
1.052773090604650896e+01
1.124699734045936772e+01
1.344156670655201724e+00
1.329562812591598409e+01
1.756581559450476959e+01
5.569706430708213141e+00
5.115583386413236511e+00
1.421356948474134851e+00
2.957212601640017535e+00
2.193283425083625460e+01
4.090743558116426648e+00
1.765704080295595801e+01
1.609801062483243683e+01
1.237167224193808401e+01
2.186153847424279650e+00
6.777647910975738377e+00
1.535166111436809722e+01
9.444012468703968821e+00
1.651072488212629308e+00
1.439547576126242667e+01
3.271225232073495359e+00
1.050901078412728218e+01
5.598404038179044306e+00
2.103890972611311483e+01
1.563238134367501031e+00
6.340826473071145664e+00
1.086281943828444874e+01
1.931686009973486406e+01
9.067732763599854806e+00
6.405973199077803493e+00
1.652936330170987489e+01
1.361149080731503780e+01
7.426547657905615551e+00
5.254875128365043224e+00
8.856216532863973256e+00
4.716528849014347990e+00
2.340805676957345760e+00
