1.411520771700317489e+01
6.789087255304880664e+00
1.673139436769091759e+01
1.515165765242194063e+01
7.691913030339526003e+00
1.832474776663994120e+01
4.702029794669133622e+00
1.551149385082303489e+01
1.557245197009036186e+00
7.002001030072798393e+00
1.622940828763469012e+00
1.506207640707406448e+01
9.173394861987770099e+00
1.235252174632518241e+01
6.882569188738317578e+00
1.816886903180921164e+00
4.067133740872527881e+00
1.334908122655313534e+01
1.100005162354755406e+01
2.060892726078055759e+01
9.421907258193398249e+00
6.719601531199043798e+00
6.869332772139556731e+00
7.528835839830603227e+00
6.289396493263968324e+00
1.416904385470972727e+01
7.798488319265125313e+00
2.596894883172615565e+01
6.520424068571275100e+00
4.049851321051616715e+00
6.898888442016361644e+00
1.425739744056353686e+01
9.766727258897786257e+00
1.976351530358437714e+01
7.168536050468731879e+00
1.270344007754149551e+01
3.286147156109836764e+00
6.741131920559906732e+00
9.293192895795911568e+00
8.453372451710288615e+00
7.599336332232899061e+00
6.924437192511683214e+00
7.021093419934301139e+00
6.960502996335934611e+00
8.726537079155953336e+00
1.553876053977399430e+01
1.732943130360841266e+01
3.809112976136246775e+00
1.404378829128686235e+01
2.751075151801854801e+00
1.736745404320630470e+01
7.523069740517398962e+00
1.533623277522281114e+01
7.242633100030088755e+00
4.331132097829081040e+00
7.973919533570844820e+00
1.203812311365269849e+01
5.826474248074821283e+00
7.523277235299176802e+00
1.055800474582128423e+01
6.924637757260037496e+00
1.136781564408179079e+01
1.281510054379573837e+01
1.494311204207964927e+01
4.803947895988613048e+00
1.147639332150789926e+01
4.652780685029379804e+00
8.006539302777252232e+00
6.828639897483832044e+00
6.312054911140824842e+00
1.767874077385232923e+01
1.169004842351318807e+01
1.629390446976055884e+01
1.541711351786983819e+01
1.283826955546252790e+01
1.186764143324266740e+01
1.303169884032623038e+01
1.229383357618139172e+01
1.128190762835260941e+01
7.305241804616080969e+00
1.571738749457670714e+01
6.285538085766425809e+00
8.570623006568554914e+00
7.593551316702529697e+00
1.777223336390158082e+01
2.029621270728422644e+01
1.578797983222641976e+00
4.420042862709589571e+00
7.234848377336038361e+00
3.417304022178046630e+00
6.898910704551065365e+00
8.447909421774689065e+00
9.904973532642443956e+00
1.121797462837282033e+01
1.608067823889898662e+01
3.130161384588360907e+00
2.102200660996905768e+01
1.540018110822157560e+01
1.524112353901520045e+01
7.767669731031769942e+00
2.057060849814297043e+00
1.604609741983871984e+01
6.010566798907375663e+00
7.127596809399562083e+00
8.650336109310101662e+00
5.943638646833269590e+00
1.710415177757459304e+01
1.245600945754685007e+01
1.234911149182014967e+01
3.516135167071739787e+00
2.008029256842941024e+01
5.848624427996588437e+00
1.325439385859198360e+01
1.633465847231848045e+01
6.007144627340192500e+00
2.478678954532567591e+00
1.842108362641032171e+00
1.425928376503520134e+01
8.988751934220429618e+00
9.690892623030684661e+00
1.263323887398524015e+01
8.258621600778775829e+00
2.115712133924163396e+01
6.909352514674651502e+00
4.287522069532698765e+00
1.993627142775816541e+00
6.622722252650337538e+00
9.214813302968703823e+00
1.793947356606370036e+01
1.631445360081136942e+00
2.085859869840552605e+01
3.710045879866218588e+00
4.489299576934689284e+00
3.108236417076621461e+00
1.764346729367057520e+01
1.819149889971685496e+01
4.399666794929959934e+00
3.580811851647299093e+00
4.103121434961554570e+00
1.845226108404806098e+01
6.231409599935501475e+00
1.798280937686880065e+01
4.505545362900096329e+00
1.335317310342118624e+01
4.043540209322071810e+00
1.581398923403705936e+01
1.618211970357372564e+01
3.989721626906649110e+00
1.245595811112102425e+01
8.539105750640509029e+00
1.645517897866067258e+01
1.338579913786222519e+01
1.961207835766603580e+01
1.808384982824277287e+01
7.127559546071202234e+00
9.740805758812667747e+00
8.878168766183840432e+00
6.516548531847175418e+00
2.911989056671936194e+00
6.627802706502020413e+00
1.907366859759729527e+00
3.214879284480978594e+00
9.899889149598795512e+00
5.933481611441530745e+00
2.697316053093272004e+01
1.774223754421578869e+00
2.044196050882040083e+01
6.748335571172624725e+00
3.787318952118697624e+00
5.042138006054472932e+00
1.475708617259943800e+01
1.406972152622622652e+01
4.967508744889364891e+00
8.897033253065215419e+00
6.761502121137881183e+00
8.770830247352394693e+00
1.894125106238151091e+01
5.379484624530877390e+00
1.119562128816511937e+01
1.202467770216629361e+01
9.189292314112027071e+00
1.816789353228288828e+00
1.768146203304435460e+01
6.968456257011716559e+00
2.036756091460778961e+00
5.197154779634026944e+00
4.380105464993183872e+00
2.053378558781284369e+01
4.632002952069544932e+00
1.777223336390158082e+01
1.256143882798682654e+01
3.866129301090858394e+00
8.830122416000556029e+00
1.305077782236164730e+01
1.193396031835849413e+01
2.733060498518707249e+00
1.010417795146597264e+01
6.719367125165399912e+00
2.131613872877326088e+01
1.834554994527374028e+00
7.593422180269018718e+00
9.911026448028882996e+00
1.969884062046379469e+01
6.720787540412990424e+00
1.347257882299232534e+01
2.039383488410787848e+01
6.915199171102033304e+00
4.886448184481277046e+00
9.405880952653886240e+00
6.452366890556504586e+00
3.872471307240225702e+00
