1.405318103869464430e+01
6.453917193719392209e+00
1.614125898648152457e+01
1.508362725908833823e+01
7.911872012579101110e+00
1.872034199815617583e+01
5.214316663315610612e+00
1.516122942678661012e+01
1.482189971627357439e+00
6.660857561878730237e+00
1.495952879244948086e+01
8.387632740576449919e+00
1.276661132405759425e+01
6.526119497239697864e+00
1.605750168524393562e+00
4.383024578375035674e+00
1.403514890240349366e+01
6.681633652864961803e+00
1.044485868309731735e+01
2.059471527604380725e+01
9.651084891538172172e+00
6.553885016098493388e+00
6.680360629322670718e+00
7.387850065260856525e+00
6.372487911587139564e+00
1.458816350177889909e+01
7.849690439243796725e+00
2.592485648548283450e+01
6.191299748524884627e+00
4.194896227335831895e+00
6.614910639317100660e+00
1.474077424483839849e+01
9.988355099298077633e+00
2.030635856827942121e+01
6.664465856005574729e+00
1.285739491166305193e+01
3.347128710059615653e+00
3.403793981723739037e+00
6.462652286950068437e+00
6.142151920788827546e+00
9.044894307024781810e+00
8.527686997405220737e+00
7.298721379435343160e+00
6.900201837110256697e+00
6.537896794504366227e+00
6.883291204469910163e+00
6.028921932392905525e+00
7.835560107157077958e+00
1.511153568946715531e+01
7.057163894806599558e+00
4.094440904184813768e+00
1.361814792714702449e+01
4.046179500451787980e+00
2.902147004102903161e+00
1.826569138051982577e+01
7.497222933963652025e+00
1.514161641401709879e+01
8.036827632662069121e+00
4.892222784768251564e+00
6.748174848364608458e+00
3.480052164753153043e+00
1.035362543870100538e+01
6.843829515650212691e+00
1.081663864814570886e+01
1.334679355632368924e+01
1.137949331409176068e+01
1.431350215048716557e+01
5.374800096385198067e+00
1.095458673794121474e+01
4.772041464610875749e+00
7.964494614150124718e+00
6.379672952014907139e+00
5.609009018492689513e+00
1.843828253124635097e+01
1.935010155212766136e+01
1.213740169715706330e+01
1.554909659191603133e+01
1.521040451440434715e+01
1.331816727568609693e+01
1.220837763690463795e+01
1.363482614246494862e+01
6.352317947867639703e+00
1.190359363121088165e+01
7.057863449741793360e+00
1.676508589125714010e+01
6.444792568964640367e+00
1.308375102566495762e+01
8.363711915010693332e+00
1.846606198007368960e+01
2.012558536680695909e+01
1.529960746842509156e+00
4.504268809760677783e+00
7.044858718675794940e+00
3.483269080457674693e+00
6.591740828519993656e+00
8.136547865473255925e+00
1.056498022319957286e+01
1.087114408897626383e+01
1.568713527928937523e+01
3.023476346067622167e+00
2.126477590377697169e+01
1.480468135155879494e+01
1.611825746009307281e+01
1.984400507977445116e+01
2.037290542214959643e+00
1.270122479329388554e+01
1.761817493818879399e+01
7.601792649726167639e+00
8.326838116116265454e+00
1.554105594317107020e+01
1.273056064998809944e+01
1.334636762343741090e+01
1.974901256418121065e+01
5.346558295395482219e+00
1.258650575558747953e+01
1.501976157204756923e+01
1.023810256785311523e+01
5.833173030085839983e+00
2.968145038282466786e+00
1.645605690954956790e+00
1.505884480712264661e+01
9.255500752387082031e+00
1.656498471740153855e+00
8.335490999922555488e+00
2.035585941649049957e+01
4.482765080457459916e+00
1.985452028783366796e+00
6.125467570565026776e+00
8.606096847626197643e+00
1.868714417838318198e+01
1.537195302819606813e+00
2.078731355626879562e+01
4.720256960902633914e+00
2.876505766655382601e+00
1.858977716903138955e+01
1.774958837925015942e+01
4.547025704111341327e+00
3.702962290877021445e+00
3.892435727510910493e+00
1.914570792139856081e+01
6.022832906009118581e+00
1.865878577995865939e+01
4.839043275056639892e+00
1.423837586239321062e+01
4.244938518671291128e+00
1.569926341526316449e+01
1.559219242046414067e+01
4.056273950690918895e+00
1.239737038853433937e+01
8.523955830795109989e+00
1.694949766429578375e+01
1.361268403734363375e+01
1.943645809995904017e+01
5.073379687394716342e+00
6.925359051000181232e+00
9.455641227156455386e+00
9.464103058452794315e+00
3.266483443298891842e+00
6.659583425785792876e+00
1.658958232503778385e+00
3.175170837263569190e+00
9.908964451921967509e+00
6.549836164876250422e+00
2.645935364894388897e+01
1.626144443277671936e+00
2.032571871545086140e+01
4.142469695904008375e+00
5.649157674719902822e+00
1.402743662231621791e+01
5.368156572977556884e+00
8.785744710329204565e+00
6.158894788380050223e+00
8.762038456863313840e+00
1.911147727403707819e+01
5.158108708155529243e+00
1.102722085729520174e+01
1.246301308787513484e+01
9.245395016776685182e+00
1.577290078310003008e+00
8.647474345072000190e+00
1.681685069422604784e+01
7.616353988919478013e+00
6.749992298234309018e+00
2.162701085743046647e+00
5.775895353508810892e+00
4.375351640445507506e+00
2.081798153160336540e+01
5.078472717781711054e+00
1.515188595301014907e+01
3.958060623464506378e+00
1.389580239569149889e+01
1.252849592670128054e+01
2.697968894217813940e+00
1.635757315854132088e+01
5.290380827341393477e+00
1.008672462509085221e+01
7.409136156299563680e+00
2.118238757858038213e+01
1.777375690322709589e+00
9.662281921119545203e+00
1.970186663488223644e+01
9.270374143232132269e+00
6.450220870451361499e+00
1.360093081504743395e+01
2.057539621078466041e+01
1.076287341861032232e+01
6.755213366287811994e+00
4.782254276787285541e+00
9.535901069917292361e+00
6.566773178591279070e+00
3.981373969161708715e+00
