1.396968929291122308e+01
6.709614697566551378e+00
1.588968474081751481e+01
1.520104892624552662e+01
7.709956461807639272e+00
1.855827581881365518e+01
5.186835364533511239e+00
1.530169530533087752e+01
1.492803700123733313e+00
1.537968134670220755e+00
1.531725682754171380e+01
8.649733729842651542e+00
1.266040901940067442e+01
6.612993719803072601e+00
1.817956899739221477e+00
3.868392158925054947e+00
1.443553195903077224e+01
6.979633849448394933e+00
1.102715678212302031e+01
2.008885752714315132e+01
9.744474836432072351e+00
6.638508796177060134e+00
6.492059827702445496e+00
7.326318318368946869e+00
5.901179436858362770e+00
1.370120745118033767e+01
7.654817243945003291e+00
2.630350578280942031e+01
4.473075230862486151e+00
6.503480059821026060e+00
1.443582285428338707e+01
9.608610030417560566e+00
7.267625009930497093e+00
1.424132174882422497e+01
3.555003663576062678e+00
3.346680840372024068e+00
6.355045195127763336e+00
6.169009189070252752e+00
9.209723133166754394e+00
8.659119573359992827e+00
7.518004624101378930e+00
6.658207640185327847e+00
6.549556839624870896e+00
6.730698303061224408e+00
5.934646709995587521e+00
9.277834470793687061e+00
1.526848834116108300e+01
6.752846171128237707e+00
1.711365886556609084e+01
3.778195732602469992e+00
1.432312694047082857e+01
4.240546262974134173e+00
3.231945849098620371e+00
1.778663954552943949e+01
7.366157255208609200e+00
1.509862496332332782e+01
7.749002763647825809e+00
4.763313875333384573e+00
7.651429764290551105e+00
1.250501218938507186e+01
5.171542493150660391e+00
8.028720689855436632e+00
3.428690058846660893e+00
1.057377518673093775e+01
6.683061814768239017e+00
1.096656857187450207e+01
1.211321001296130895e+01
1.406475810116397973e+01
4.985744475244739959e+00
1.216964114898433458e+01
4.493319526824369525e+00
8.069569791656135749e+00
6.464846820600632427e+00
1.815742128411427814e+01
1.936585897734671846e+01
1.264722067846952314e+01
1.634842699582801728e+01
1.380325249739689220e+01
1.279383025458247936e+01
1.363975908235720702e+01
6.062414256947904256e+00
1.291645044606300274e+01
6.909887471978399809e+00
1.654260495930479991e+01
1.324719763469355627e+01
8.795362535861961817e+00
7.177480857700605732e+00
1.795321448460108371e+01
4.597562932776304123e+00
6.887836996599807193e+00
6.598851790742028989e+00
8.248535146658566575e+00
1.095270114847834364e+01
1.596729483403359851e+01
3.346249203745911061e+00
2.067814486983285960e+01
1.491144393788721878e+01
1.531098105328075043e+01
7.373219112576114398e+00
1.918466097873132625e+01
1.285643302054580062e+01
1.641878432572742952e+01
5.567668183205777055e+00
7.047466890761926450e+00
9.314198076472075982e+00
5.422029271608709067e+00
1.707014484582746405e+01
1.260038862375906810e+01
1.388376985022131116e+01
3.641640419387583094e+00
1.907884318804285328e+01
5.069653711652700068e+00
1.578142713380791484e+01
1.090810366244955887e+01
5.608281477517984115e+00
2.747043255685431618e+00
1.829350073363123608e+00
1.495717854661970492e+01
9.524070056275087737e+00
1.852962864660512965e+00
9.504712126077421885e+00
1.200335435024488540e+01
8.307123850941088961e+00
2.145504521178138546e+01
6.682178848707146734e+00
4.685026973289503793e+00
2.145810508019208473e+00
8.836384296528486004e+00
1.869839964513433372e+01
1.514252332560450665e+00
2.025619722031580139e+01
3.736725211586537920e+00
3.256171443030451140e+00
1.816180811137106943e+01
4.672932216356497470e+00
1.852477416510385311e+01
5.928451198516333953e+00
1.795007721305042026e+01
5.008347491210328961e+00
1.366094856653534606e+01
4.418043043232222189e+00
1.563119587710158243e+01
4.373948497668181723e+00
1.313177307750490996e+01
8.634623302057404359e+00
1.707405179089471758e+01
1.383429277705665328e+01
1.928832859988791881e+01
1.792105194976320348e+01
4.835221939945194336e+00
7.544495894255090818e+00
9.425014535844542962e+00
9.541727095654593427e+00
6.241793862834365214e+00
2.931982427654078904e+00
6.245206856764188075e+00
1.945888417403071502e+00
3.309124295998750132e+00
9.678756636360509091e+00
2.651606570804507612e+01
1.709713539270721006e+00
1.973824872416935605e+01
6.489175717606661564e+00
4.035202715937574958e+00
5.393260317070732945e+00
1.537295581349581397e+01
1.410891892642959888e+01
4.962878251909378591e+00
9.000616239168873989e+00
6.210836725588311680e+00
9.309278805828267167e+00
1.822841453033167625e+01
4.867144576418056090e+00
9.734394325443936680e+00
1.829350073363123608e+00
7.524949422982688318e+00
1.736345551596601666e+01
7.581041406054208842e+00
7.585748945813478805e+00
2.255005505163806045e+00
4.875517396114736002e+00
4.586968147633936788e+00
2.051468482782948399e+01
1.793404247319143963e+01
1.556637303360749414e+01
1.337381246227154641e+01
4.229412458594389079e+00
8.645188707336005862e+00
1.338141199467031051e+01
1.221539986725636240e+01
2.970727377518940227e+00
1.591617572549920112e+01
5.249144602728742726e+00
1.036253772598095146e+01
6.933639377373063795e+00
2.056381549854484447e+01
1.797176168771423388e+00
8.049427161846253398e+00
1.025052489505348596e+01
1.938564800930726051e+01
9.613686955411539614e+00
6.545990873745673788e+00
1.427209385302309386e+01
2.001986567631950109e+01
1.165379692092633768e+01
6.485607812947804085e+00
4.697687251269683451e+00
9.879703864560587689e+00
6.416376521175456205e+00
4.335217411070838800e+00
