1.267760181663379093e+01
6.141547822637339671e+00
1.557173329832923159e+01
1.599754365948275492e+01
1.951219564343955781e+01
5.407861153062299309e+00
1.550000485581607990e+01
1.734328435221254683e+00
6.723180508369315689e+00
1.783289619763366751e+00
1.508231872776626936e+01
8.213400891925735081e+00
1.185143717640497485e+01
6.725831664740308469e+00
1.754322237500688386e+00
1.315089291818004291e+01
6.991341725736557322e+00
1.120910015507834245e+01
2.073788418562404345e+01
6.603663525998150874e+00
6.439688664191279166e+00
1.299989020308519372e+01
7.871303673448457161e+00
2.530884775438946832e+01
6.239656272945389937e+00
4.336269811058372170e+00
6.551906123103980129e+00
1.438513592483056058e+01
9.406777848612046355e+00
2.062687025706317812e+01
6.731470130237259930e+00
1.279742027019328177e+01
4.178395378013706640e+00
3.604249147615093296e+00
6.098098844052912249e+00
6.289163868309298522e+00
9.398591319994926252e+00
8.612796432423454718e+00
7.639317913641760605e+00
7.096755798262759818e+00
6.384887186523467761e+00
7.156206983825871504e+00
5.753775000651744520e+00
8.837972385759144345e+00
1.606389144730979979e+01
7.046808974110011725e+00
1.697811085885137672e+01
4.206797365745594597e+00
4.143187942300213145e+00
2.738439579458527007e+00
1.846990242280060457e+01
7.195863578216792789e+00
1.523226981629600019e+01
7.897350948683756755e+00
4.622477603869965534e+00
7.881078172974445906e+00
1.188317333385642627e+01
5.586424440099713173e+00
6.433669926652721749e+00
3.631839070919776091e+00
9.743694483508457793e+00
6.838471177270821322e+00
1.052204649522657043e+01
1.198723246909801077e+01
1.065743914143449800e+01
1.466532353033798053e+01
5.428266615791873306e+00
1.165500630865625631e+01
4.158700013416728680e+00
8.193760955768341958e+00
7.301583086099181941e+00
5.929774810632323145e+00
1.863581580625306700e+01
2.024642038333474048e+01
1.168576724385479970e+01
1.621356127693838189e+01
1.580207365212259063e+01
1.272592068206030191e+01
1.080612798997521473e+01
1.292483730167216471e+01
6.086001258000481862e+00
1.247460555614174460e+01
1.160594345305401731e+01
1.704283082002446292e+01
6.504449879661730272e+00
1.341816597862961302e+01
8.361455801176369107e+00
7.236118398261698559e+00
2.041909475142917785e+01
1.868443777034262565e+00
4.335180903950966780e+00
7.120963472415333229e+00
4.001900314760780120e+00
6.949730977869178261e+00
8.131745838209710087e+00
9.704417930377990942e+00
1.052960934087371392e+01
1.559285120973905059e+01
2.181760603837594203e+01
1.472118056099667704e+01
1.505627323619846436e+01
7.082223959066745955e+00
1.997645198838294078e+01
2.129218599021258207e+00
1.292226217568137514e+01
6.450947558560228501e+00
7.901704162563756739e+00
8.920288855591911314e+00
5.515912713784758559e+00
1.681544589873910311e+01
1.212884600497944554e+01
1.247207395005195885e+01
4.034371330711714165e+00
1.956192877433526434e+01
5.367763826675592043e+00
1.272798266217901464e+01
1.574076418597157101e+01
1.033678385720038762e+01
6.074266236411027364e+00
2.673065914278012212e+00
1.772440199459458743e+00
9.255103517281963121e+00
1.841966822158547679e+00
8.594703057892914444e+00
1.167842691841055114e+01
8.532797459537807327e+00
2.035021225576603499e+01
6.879309809557821787e+00
4.773870343746083655e+00
1.917117113580508514e+00
6.533774557665630311e+00
8.388770059892594944e+00
1.843392798837900770e+01
1.734328435221254683e+00
2.135220867589945470e+01
4.137236953345164281e+00
4.848551712995480933e+00
1.847744661151998002e+01
1.770211502604032816e+01
4.637016693571515802e+00
4.424399098025006971e+00
4.268686534734340121e+00
1.910192925322440161e+01
6.180324174777640955e+00
1.851454009834241887e+01
5.222059516309656146e+00
1.293721844369099294e+01
4.629040971642320201e+00
1.618086592216697639e+01
1.146074089602777413e+01
8.808503622811860723e+00
1.758384355390912290e+01
1.916822349907202394e+01
1.870004239386257439e+01
5.241544042266900405e+00
9.239165738171214670e+00
6.587043541919793910e+00
2.918106878415774208e+00
6.817186675599757884e+00
1.787828697802757993e+00
4.125384010416379255e+00
1.037247351618641211e+01
6.521581034644718500e+00
2.677641789256284000e+01
1.954571343083614465e+01
6.593970992263804121e+00
4.376973047681491202e+00
1.509297285181981785e+01
5.390003855980904923e+00
5.970791384321147532e+00
8.650501354541580312e+00
1.874723336675032570e+01
5.121686618727035345e+00
1.067934620408150082e+01
1.204446042495198022e+01
1.772440199459458743e+00
8.498120654630815451e+00
1.695723239842974550e+01
7.614772077023984842e+00
6.217171824671178015e+00
2.033363222609740006e+00
5.092220260627293271e+00
2.042436103253072943e+01
4.735087718624793496e+00
1.829961562887391580e+01
1.467576727451395335e+01
1.195346937459390091e+01
3.891262648084329534e+00
8.918760227225053683e+00
1.344545779826494680e+01
1.141854282425485501e+01
3.422078329615028558e+00
1.589415054308933151e+01
5.045016474578456922e+00
1.013104795243686773e+01
7.481367014051405917e+00
2.141723440061020867e+01
2.565324265293809969e+00
6.894332981130470550e+00
9.875904205048009032e+00
1.966629291025258297e+01
9.723951315340691792e+00
6.587332059135798445e+00
1.319880288159328074e+01
1.156264167229388562e+01
6.544443036570843475e+00
5.244979832362011152e+00
9.874251434996988763e+00
6.977549550523308497e+00
4.059098286559655655e+00
