1.384896915542870133e+01
6.226860582978815728e+00
1.540743763974093561e+01
1.534100529692938331e+01
8.325896069185860782e+00
1.913034284936501095e+01
5.006241374374270414e+00
1.570513070463514893e+01
6.486183229261563099e+00
1.586384283194297806e+00
1.524739657095508605e+01
8.478032192425997593e+00
1.153184799863413268e+01
1.697943677550484365e+00
4.189923700255403283e+00
6.601479175821411083e+00
1.167423151391920122e+01
9.158488459407553961e+00
6.111279422186039589e+00
6.401557677059786400e+00
7.686818401875743945e+00
5.920596711826826564e+00
1.289273379066509584e+01
7.686226023625356341e+00
2.569974057251603483e+01
6.483015191695895574e+00
4.842430366563242217e+00
6.344729539698928278e+00
1.475713678465314160e+01
8.964774199837618696e+00
2.083477562245780845e+01
7.426820595413110127e+00
1.246516842416234994e+01
3.219534029921590434e+00
6.180413495914008237e+00
6.193271968638493163e+00
9.464830512068843404e+00
7.655695998210214626e+00
6.580585229860049346e+00
6.613229506011662373e+00
6.138456790608650238e+00
8.622246409126432809e+00
1.549742812616291765e+01
6.627579131440971771e+00
1.715013213076178644e+01
4.217561115096725821e+00
1.467277713673624540e+01
4.353285458387378348e+00
3.026161567925594653e+00
1.858574163812717472e+01
1.582777247774351892e+01
8.239789002638943316e+00
4.486726244137040354e+00
7.962258897868426999e+00
1.221933828067977856e+01
5.349615245249591311e+00
6.854932101243724318e+00
3.424866941877668935e+00
1.007741928227524220e+01
6.560158375595181113e+00
1.097432561338831469e+01
1.350152454213280251e+01
1.135860542953176555e+01
5.257281536880077155e+00
4.479831706164159932e+00
7.629871246376784377e+00
6.672577879073944729e+00
6.195096666274383601e+00
2.015238175973459178e+01
1.116280413115264025e+01
1.576924880742075707e+01
1.512200283557166181e+01
1.336551322632499783e+01
1.184199803016598551e+01
6.017347843127687668e+00
1.251350673374649425e+01
1.140553554390380953e+01
6.760782667695343306e+00
6.169817295163654514e+00
1.245041110672782381e+01
8.142748626941802570e+00
6.960664482603630354e+00
1.832615855750896827e+01
2.034103044571046226e+01
1.595482953930259074e+00
4.684660447365038394e+00
6.957309941276280441e+00
3.253457741005858495e+00
6.414531003918666485e+00
7.944491236558169689e+00
1.024943369449305663e+01
1.056974451060439435e+01
1.549807382722267590e+01
2.982513351323936579e+00
2.225292010315538249e+01
1.657496594153754188e+01
7.019161083901857445e+00
2.026856661709629037e+01
1.837178500950306326e+00
1.242804619595352733e+01
1.752671279879877275e+01
6.019825938961453460e+00
9.261387058841162201e+00
5.702802313387066668e+00
1.645063408031920105e+01
1.090022668546266438e+01
1.356826908186538105e+01
3.765490191347024673e+00
1.989699814925098664e+01
5.076660737728678541e+00
1.396318124057652277e+01
1.609061689244333238e+01
9.929363937391444850e+00
5.990611321568073855e+00
3.040828847492102582e+00
1.854379270192151541e+00
1.398695058705544625e+01
8.985386930355520718e+00
1.697943677550484365e+00
9.876891984597765628e+00
1.204845120378894840e+01
6.590501146196709570e+00
4.981399247783246942e+00
1.837178500950306326e+00
6.080093537494433598e+00
9.226722704428278021e+00
1.865961831291729567e+01
1.576877745364247074e+00
2.196016731079436468e+01
3.922799103738747739e+00
4.696908645791395998e+00
2.710074951635576213e+00
1.862087280888565743e+01
1.661553361607959900e+01
5.033089306876373570e+00
3.605178503912418453e+00
3.876186752812637693e+00
1.909099080894519318e+01
5.921754306648650434e+00
1.890696654637261176e+01
5.039790882571912434e+00
1.372191222145618283e+01
1.501681379781252268e+01
1.640642188430540571e+01
4.762564004838417908e+00
1.322681282793559454e+01
1.688096359837648208e+01
1.368146322273073778e+01
1.944771238135740532e+01
1.881497634909893080e+01
5.475998679816594716e+00
7.224236545545765331e+00
9.556416400107558218e+00
9.514237083465497236e+00
6.048636027422496397e+00
3.219848620869904199e+00
1.710396102662943951e+00
3.017903089047730969e+00
9.081553084259198272e+00
5.995644631107397871e+00
2.694310232650856207e+01
1.758803878792745579e+00
1.968954422091283618e+01
6.343850141331405013e+00
4.220306282289126187e+00
5.494606467204159017e+00
1.600765326459044147e+01
1.410294319856009082e+01
5.313542076980683149e+00
9.518484131079079091e+00
6.126480452001787036e+00
9.120472698382172894e+00
1.945153823213953004e+01
5.546400895578996071e+00
1.013273406367082430e+01
1.207034149709946469e+01
9.212121663389996939e+00
1.706296964930390292e+00
8.904092333669064274e+00
1.719897422788988806e+01
7.930442306863677793e+00
6.945728838427368323e+00
2.388698520464295871e+00
5.140809621842294952e+00
4.829962128585146175e+00
2.055019467427058188e+01
4.747764552670547644e+00
1.831804113448551874e+01
1.488442085428374462e+01
1.155793966250625004e+01
4.518826734054413485e+00
8.336757140182045944e+00
1.150772185226661115e+01
2.365734754290733655e+00
1.547031581481862972e+01
4.964249033181244108e+00
9.856040933850916730e+00
7.865178139670117474e+00
2.184241718890364581e+01
1.888174402978950006e+00
7.320516584284448847e+00
1.980665134141355921e+01
9.669834776347835614e+00
6.366741228618381321e+00
1.360065003159648533e+01
2.045199667668027743e+01
1.140842478923914705e+01
6.632865388977576160e+00
4.773205123844946662e+00
9.515243550791698368e+00
6.423144872344068723e+00
