1.338529194833933822e+01
1.637091453805328456e+01
1.413403619653429821e+01
8.093758161025125020e+00
1.881854340892094513e+01
5.474816084971846131e+00
1.534756809202646366e+01
1.491013864332417338e+00
6.148950634924611691e+00
1.531253823305095185e+00
1.487044946140003532e+01
7.819578950742632095e+00
1.203823168107523500e+01
6.569161799169957128e+00
1.696799511888269940e+00
4.373687746229609985e+00
1.353958189975190152e+01
7.125781009534008170e+00
2.101089594905443292e+01
9.617532442959225492e+00
5.754495457966877225e+00
6.175296737151548143e+00
7.720875545796050510e+00
1.462722364148083010e+01
7.680635648959942330e+00
2.312166213085772881e+01
6.094513454171059053e+00
4.438277799023633285e+00
1.430238753927502060e+01
9.982144073921084271e+00
2.053719518974520852e+01
3.505966150031176731e+00
3.515119079301078031e+00
5.938910476279051665e+00
6.000132368579978781e+00
9.023556354257429746e+00
8.665907310428018206e+00
7.235170246990784371e+00
6.502564034823479666e+00
6.033602120154720083e+00
7.329238952212363323e+00
5.395099492531101326e+00
8.266985962119202114e+00
7.269936015411803787e+00
1.752629174083076435e+01
4.141803937550687209e+00
1.293049361960951238e+01
4.326409470981116279e+00
3.087258537992295437e+00
1.794771663009888130e+01
7.708793354652650365e+00
1.516011097601521840e+01
8.027163241168594254e+00
4.691822065768050720e+00
7.909699816503787062e+00
1.203372780894600425e+01
5.207531439272170992e+00
6.240441703047801880e+00
3.662706269998062591e+00
9.961165260856121861e+00
7.148626023467980595e+00
1.082145691027570322e+01
1.326353380891603528e+01
1.122493850363512280e+01
1.492016201168598677e+01
5.396832977752657357e+00
1.163336406729402839e+01
4.511852750217933306e+00
7.384561104394130382e+00
6.475159490985300081e+00
5.756290241646254024e+00
1.701465284441340842e+01
1.976013533398356969e+01
1.297590123772538995e+01
1.622019131146774384e+01
1.545899449580700136e+01
1.234591232744539724e+01
1.184592940717538312e+01
1.430749023811936915e+01
5.706863843773990475e+00
1.302518794386662826e+01
1.227343163883385380e+01
7.312402332639732272e+00
1.560308324598697283e+01
6.244231134464988564e+00
1.276934991585392964e+01
7.922077286912292848e+00
7.726938821244599076e+00
1.792340606256302493e+01
2.065640860291388847e+01
1.625861459622493399e+00
4.536855851318871480e+00
6.669932210633446878e+00
3.407885375817814921e+00
7.221862096525085484e+00
7.784221255193886968e+00
1.030613515866186347e+01
1.097514339695403152e+01
1.579256811536935245e+01
3.455727633101985941e+00
2.203095467552581965e+01
1.535905061802880311e+01
7.718859566272194606e+00
2.014263668520830919e+01
2.122257934249623723e+00
1.201165702055627804e+01
1.573879802495288160e+01
5.960662212076858424e+00
7.468792537704485923e+00
8.423164607107771928e+00
5.064563142697559250e+00
1.770080203244520689e+01
1.205939554167902727e+01
1.197289256843209593e+01
3.765353295750935025e+00
1.999876197139666800e+01
5.146802811696022495e+00
1.235697078469279653e+01
1.587998774929231338e+01
1.031730496988958734e+01
5.404943543638617065e+00
2.855620197349602929e+00
1.844641470021693985e+00
1.419737563900792487e+01
9.875721343012537901e+00
1.697718063552516421e+00
9.573871366030589414e+00
1.255365008913897107e+01
8.349147871858182413e+00
1.990722780840212991e+01
7.069885083042743545e+00
4.705106159940987354e+00
5.848775716178812090e+00
8.999348480193464894e+00
1.813939072281070608e+01
1.585910128273066322e+00
2.136356528274739475e+01
3.804966711713706040e+00
4.765426386309874474e+00
3.024758038841960150e+00
1.823344678782904538e+01
1.831215032150879907e+01
4.604078740282814941e+00
4.005721106200766712e+00
4.052626451563000387e+00
1.850813083330730890e+01
4.880746169335203000e+00
1.319975401231647716e+01
4.397366429796145226e+00
1.565610644327228584e+01
1.666866007180316345e+01
4.365703858998935871e+00
1.198982044690481175e+01
8.418100671755345488e+00
1.684187443076930180e+01
1.311444828035578603e+01
1.817693283566931228e+01
5.098959664351562893e+00
7.611031438600856625e+00
9.191548000084885928e+00
9.491184667270882613e+00
6.540263564685585784e+00
3.157114956604425871e+00
6.508941980026404117e+00
1.783486827146799847e+00
3.464098557650483468e+00
1.054507546117963557e+01
6.884996760787554848e+00
1.760445935590867927e+00
2.041644795024600612e+01
6.346991649696223092e+00
4.300286892988287590e+00
6.692725439459973558e+00
1.431583428211675724e+01
1.353712741561521860e+01
5.179916863882985112e+00
8.759326888328503813e+00
8.743470924514166853e+00
1.947596229473611018e+01
4.940052757735995392e+00
1.121234253305972040e+01
1.293184930355846518e+01
7.999103131469849970e+00
1.769539850146724325e+00
8.565301906771416895e+00
7.775841067177268862e+00
6.725398855487647154e+00
2.413741436266943818e+00
5.013222181659738652e+00
4.497472024606253171e+00
2.164567378567874201e+01
4.728655009720822200e+00
1.790721066001739814e+01
1.524969824822108144e+01
1.231791485842801670e+01
8.494936175370789044e+00
1.352145523957895357e+01
1.199412372404746208e+01
2.606849181230007417e+00
1.646918096354814764e+01
5.081854218924918065e+00
7.565833639916774267e+00
7.845286621532689075e+00
1.007470788364808101e+01
9.517578249526344791e+00
6.435206923715773186e+00
2.118118497598004524e+01
1.113094814441725511e+01
5.125201679669952881e+00
9.728572730472180297e+00
4.325517281055335950e+00
