1.315121755069471909e+01
6.464213344138747708e+00
1.606936090227396363e+01
1.479903059557006983e+01
7.274874404151289831e+00
5.570060998517716300e+00
1.569653948465300175e+01
1.563456515462878560e+00
6.694845184443257935e+00
1.792502170695550179e+00
1.467497373625139900e+01
8.290970483949696046e+00
1.256499623373749763e+01
6.585533240206114414e+00
1.923977075886583954e+00
4.236632685675511212e+00
1.411218871463768920e+01
6.770310043424034419e+00
1.107656821415282522e+01
2.050865847177036017e+01
1.013161903172684752e+01
6.606564121684277424e+00
6.593028455303091562e+00
7.070526676607608252e+00
6.424777512699020754e+00
1.473327215613457675e+01
2.520490798713318270e+01
6.432881738551292194e+00
4.349592096662180829e+00
6.650409716426461060e+00
1.415126401751644636e+01
1.041062818618209995e+01
2.016100079743286599e+01
7.266817725494262525e+00
1.271256255669608670e+01
3.642020143543288846e+00
3.253596589132823791e+00
6.399390793742563588e+00
6.318747571440156641e+00
9.036338752692794074e+00
8.269801317328656864e+00
6.959339823979227901e+00
7.033648543054092706e+00
5.963933955999332071e+00
8.906509823700242023e+00
1.548540412535549216e+01
7.033648543054092706e+00
1.771849281425872391e+01
3.854353445694193248e+00
1.376922946327716346e+01
4.311526818358636604e+00
3.054303659827192430e+00
7.574220090761263791e+00
1.527801490117990113e+01
7.590858589331818784e+00
7.416154503321205738e+00
1.312383695484648882e+01
5.564532769488943487e+00
7.223292886904323140e+00
3.372453345484972331e+00
1.079400012762775773e+01
6.937086119624383151e+00
1.303534519993970875e+01
1.111418200329055317e+01
1.480505568218050527e+01
1.254073218511320675e+01
4.879599023135018143e+00
8.890532698365314346e+00
6.545149271524531187e+00
6.169326736393132116e+00
1.846362687765304500e+01
1.956675215704392556e+01
1.214801092185865627e+01
1.600938306407890011e+01
1.501408344907235204e+01
1.254282094603978948e+01
1.181510326219692608e+01
1.359027322834519325e+01
6.236852229950196502e+00
1.353670576275862736e+01
1.196567175265710858e+01
7.140459436670250071e+00
1.705739652788426497e+01
6.076668789535876414e+00
1.268229406285811400e+01
8.968693514847990045e+00
7.427421132139078175e+00
1.856996927427001864e+01
1.995748748942759931e+01
1.601683912296063772e+00
6.928382249860769448e+00
3.671421752290826124e+00
8.900053089060740774e+00
9.782169830603198335e+00
1.108537448440102047e+01
1.574271987415678531e+01
3.411437350625426301e+00
1.523496144512399297e+01
1.488220697112418556e+01
7.770203442813099493e+00
1.963730778337194849e+01
2.227732613639067161e+00
1.222375833244162102e+01
1.641358647744181098e+01
5.879033838701997361e+00
7.430869915851997298e+00
8.487617125793578410e+00
5.526955639814775445e+00
1.289735715677590555e+01
3.708335454635330208e+00
1.973520584014759294e+01
5.500481894503231217e+00
1.337900408383623052e+01
1.099277926373130043e+01
5.764364525300719855e+00
2.649188147520778802e+00
1.922657264265117183e+00
1.481587853729062232e+01
9.794128816196977283e+00
1.932684428751819894e+00
9.942753473636297912e+00
1.194939001975536641e+01
8.122069910784169622e+00
2.124580335555812383e+01
6.833659369371286374e+00
4.524393205066115087e+00
2.199567866434561925e+00
6.309432493978835765e+00
8.349513132378216795e+00
1.871625432337439676e+01
2.058477117446894056e+01
3.770232305564417352e+00
4.720637043491461959e+00
3.376032320858086688e+00
1.865946016186634893e+01
1.865903009447978533e+01
4.554260530672719298e+00
3.962809621781552050e+00
4.159957852393798561e+00
1.902646439661176103e+01
6.070634416210419104e+00
1.843460522176754424e+01
4.902606646805484303e+00
1.349196481478574938e+01
4.473849395795384432e+00
1.539555026025143469e+01
1.614458713395582734e+01
4.303203805539220994e+00
1.212966333471020342e+01
8.037968719635721015e+00
1.590711018664864440e+01
1.316777638179538634e+01
1.935275916275002217e+01
1.821826141729689752e+01
5.206060419529418226e+00
7.572805396192981320e+00
9.367854567932726084e+00
9.462349947607608058e+00
6.438650487480415130e+00
3.013533718596124622e+00
6.472886070536126191e+00
3.420805193684181678e+00
6.411272956217255015e+00
2.575133413864205423e+01
1.677971487433416176e+00
1.987738921585090779e+01
6.597811936763157803e+00
4.190260643366066518e+00
5.819844038676607489e+00
1.580450688474162213e+01
1.336362064921624793e+01
4.706467640062607316e+00
8.492131576407080829e+00
6.243350028278771724e+00
9.080681652202105880e+00
5.062509053140305859e+00
1.115955795876088530e+01
1.225736225535662705e+01
9.631462621787717282e+00
1.922657264265117183e+00
7.135751250789217792e+00
1.747250823527291885e+01
7.253485639111260319e+00
6.776889703868167025e+00
2.060333182965314425e+00
5.364410576329432523e+00
4.472613029706716148e+00
4.492196551681936434e+00
1.849690851115848389e+01
1.545011908520756805e+01
1.362863152420271717e+01
4.188296519386784489e+00
8.234873200901633439e+00
1.376372212521880556e+01
1.607322033591475119e+01
5.557480222619895827e+00
1.084675108215430406e+01
6.975104962093381822e+00
2.044723978962629118e+01
1.750004861205698425e+00
7.505797012223594855e+00
1.022684121498713061e+01
1.969569280190162175e+01
9.177796715367632530e+00
6.498066436324717365e+00
1.314119918060720238e+01
2.008775427442890660e+01
1.206451099454555553e+01
6.616639577868109079e+00
6.577260028094650934e+00
4.254441457747367039e+00
