1.360340761607290005e+01
6.344339134992851292e+00
1.563907281671419192e+01
1.519919518794588420e+01
8.066208548363620778e+00
1.944268487494478848e+01
5.218870758581681812e+00
1.511531876569237198e+01
1.363014165782451714e+00
6.615924392025778644e+00
1.411915676915069362e+00
7.870276418442249344e+00
1.231590881146663463e+01
6.450478020793236844e+00
4.665688331369611141e+00
1.340561932203797646e+01
6.737705203975139945e+00
1.154838891022514957e+01
2.074749530770204231e+01
9.503250356872586124e+00
6.318369815290619584e+00
7.571905083323018815e+00
6.153750551082160847e+00
1.353692293160848514e+01
7.897869478857219683e+00
2.643269844746842523e+01
6.254421195070282380e+00
6.472911810485272532e+00
1.455592636401687479e+01
2.041171770688510279e+01
7.171489691980704073e+00
1.191226239989296154e+01
3.484107790690537332e+00
3.845263764510497229e+00
6.173612355617981606e+00
6.174506508068933641e+00
8.922763850116927742e+00
7.530220040981625118e+00
7.094880610662325893e+00
6.366317282165066871e+00
6.954795726230114106e+00
6.187816534104575439e+00
8.413672943575072338e+00
1.571110111076472826e+01
6.992212696349780821e+00
1.721621680808414467e+01
1.446024041196851329e+01
4.286360521173216753e+00
1.781629396277888233e+01
7.381072459091511995e+00
1.498175020529839685e+01
7.744969972780515910e+00
4.983812556855883535e+00
7.871141910568739242e+00
1.262956435228969454e+01
5.190501098376638645e+00
6.512024641378882706e+00
3.967996247527071141e+00
1.033242717586971438e+01
6.722783256244209582e+00
1.151047512259148853e+01
1.288929797248476916e+01
1.114689667935777351e+01
1.423542565608642896e+01
5.342737990347838917e+00
1.214202796583643718e+01
8.156920399198988036e+00
6.599773917140878687e+00
5.571764545028201177e+00
1.729004651750146238e+01
2.012114260645883945e+01
1.641026659506200858e+01
1.593069620312277301e+01
1.268256252425190489e+01
1.166992704110050383e+01
1.311428626040703627e+01
6.120275392696878924e+00
1.305972197128659396e+01
1.143122546450786636e+01
7.082867782226791142e+00
1.603202620356111652e+01
6.244075739650823742e+00
1.274464377740054566e+01
8.619620736321218502e+00
7.336866093151662938e+00
1.763329847062621525e+01
2.019695181186778044e+01
1.636068855387724064e+00
4.587361032902169455e+00
6.929616432723673114e+00
3.115586821722833299e+00
6.652346432618490901e+00
8.476597913424589237e+00
1.019014778384152464e+01
1.096216439760842754e+01
2.885891387756353677e+00
2.146305152395112614e+01
1.469345000084351938e+01
1.515266779649241258e+01
7.399837225761478621e+00
1.949117359197341415e+01
1.740982264038124949e+00
1.239141727073883814e+01
1.606151761770917119e+01
5.732292109748755138e+00
7.326272279153760891e+00
8.709265745262584346e+00
5.334729846954964216e+00
1.715625332955575644e+01
1.232956064349134806e+01
3.974924364916284869e+00
5.132551506047292378e+00
1.249804609858010096e+01
1.520701366528467524e+01
1.115416190159260346e+01
3.460487823890348480e+00
1.870620686455713333e+00
1.369824546691559775e+01
9.205607215680334576e+00
1.550279878473068695e+00
8.552987536545323621e+00
1.154367094493070312e+01
8.779100997737501189e+00
2.124316290286794739e+01
6.811146752936054760e+00
1.719840028874888072e+00
6.461251546293489412e+00
8.733255012326287314e+00
1.783246620821800832e+01
1.439699011686266239e+00
2.109632520585995863e+01
4.287869531838725656e+00
4.679128108215489412e+00
3.035937625762252345e+00
1.822516393217080122e+01
1.854310089151976015e+01
4.743374453516403300e+00
3.647854674612100112e+00
3.473045028998064776e+00
5.908038213013045770e+00
1.669527620456387140e+01
1.363305225659135012e+01
4.604799278383169714e+00
1.538906184165747781e+01
1.593595820971083477e+01
4.304762678432370926e+00
8.328121851666361763e+00
1.709943392774927418e+01
1.292039883176707882e+01
1.956316659728638996e+01
1.806009161701940613e+01
5.277034491573004082e+00
7.266498295015671793e+00
1.048259526989696511e+01
9.524551454290364205e+00
6.296420164089723492e+00
3.593934784069038102e+00
6.502845930478494907e+00
1.568270852059824083e+00
9.822909427576536956e+00
6.061387337283942855e+00
2.671401602673750730e+01
1.455007051671523000e+00
6.562499645538021120e+00
5.551540330552716895e+00
1.513634337352640102e+01
1.360470133615847921e+01
5.296592110263625308e+00
9.236741801676387809e+00
6.190476866410023149e+00
1.814491486459498759e+01
5.247509866811274293e+00
1.093248932327931300e+01
1.210974166100192662e+01
9.121127030239714273e+00
1.637743174116487177e+00
8.139727954316064995e+00
1.767915208161173268e+01
7.714504079526758318e+00
6.780023964345406995e+00
5.542041617883277205e+00
4.580349243273054149e+00
2.051958667654117718e+01
5.095059929917717945e+00
1.763639178365140125e+01
1.498816269091386033e+01
1.250150850761601617e+01
4.237378462904357157e+00
8.773285936627045700e+00
1.362877893818937736e+01
1.226071460580958217e+01
2.763466417009208698e+00
1.598560559814001003e+01
5.475744086290742274e+00
1.104264685512101174e+01
7.055039634587124020e+00
2.144220989489612350e+01
1.603502550645533820e+00
7.266355150877393143e+00
1.058436720016578825e+01
1.944053900751199393e+01
9.002248315201185846e+00
6.348225781205307783e+00
1.282839217049355440e+01
2.031761800106872684e+01
1.187402475583901840e+01
6.434985099600294411e+00
5.242860062920610353e+00
1.023684191057114568e+01
6.444861278680966699e+00
4.263690995928848260e+00
