6.415068899404984926e+00
1.480467599278495960e+01
7.638931610882053747e+00
1.916231971426565295e+01
5.217839322591306228e+00
1.431181753669458878e+00
6.467523906026834801e+00
1.582561503129254588e+00
1.460997728050995192e+01
8.890098577586412532e+00
1.261494691054839912e+01
6.488634869334310551e+00
1.743671345914496795e+00
4.649542994598934165e+00
1.311369921192494381e+01
7.040774505016513807e+00
1.127209314261606465e+01
2.100264708607809894e+01
9.916671677220913139e+00
6.481271916464746319e+00
6.552467407108871100e+00
7.398746981484432439e+00
6.190333363985367043e+00
1.444337287513202917e+01
8.028052556458392885e+00
6.562476185292521080e+00
4.331218773170693481e+00
6.557278630997868341e+00
1.001746775373776188e+01
2.079639614122218561e+01
7.034263360863223902e+00
1.305245991923467663e+01
3.424081442116053253e+00
3.335820963457224675e+00
6.293333639259498291e+00
9.506745970552678671e+00
8.627568681089892166e+00
7.460151253468406018e+00
6.740665459449572516e+00
6.384935323355883874e+00
6.904451937712602572e+00
6.086497131538171956e+00
8.563057169781137290e+00
1.539830935143370638e+01
6.893690751617477019e+00
1.688852890038118915e+01
4.516496607695006382e+00
1.324266155310148463e+01
4.206387322708703635e+00
3.206222590445317877e+00
1.794869155834592789e+01
7.420203589926689602e+00
1.501706791437818111e+01
5.030679792208250234e+00
7.902238691190038189e+00
1.229377191618733001e+01
5.520793649532970804e+00
7.325010473723908788e+00
3.712998716780954389e+00
6.861053100312757280e+00
1.120345680101466534e+01
1.334547786458281671e+01
1.127976181169079162e+01
1.503924303834102005e+01
5.651341604681776154e+00
1.183816890758242835e+01
5.052872707293899701e+00
8.533462689475106444e+00
5.995132844931727156e+00
1.826553704234980913e+01
1.975844183093446560e+01
1.248557987548398529e+01
1.439010018264759516e+01
1.422676308575926818e+01
6.210306357664133969e+00
1.287078621918641552e+01
1.226820239651390487e+01
7.189888004218493833e+00
1.700342785483152852e+01
6.563866864684120728e+00
1.304719327714776966e+01
9.182829229298043572e+00
7.346309418514342937e+00
1.819081035124558809e+01
2.058054940124548438e+01
1.587938276526070114e+00
4.419527418331615110e+00
3.401228898110147725e+00
6.711931160983712452e+00
9.936366579019807688e+00
1.125209074653779417e+01
1.581288399685617208e+01
3.053536789140237406e+00
2.130795517473623590e+01
1.554347956331881697e+01
1.550780214547905622e+01
7.404412492101776877e+00
1.984102107529608716e+01
2.034415847158161483e+00
1.191197750479733308e+01
1.585488796586051841e+01
5.590105373898133223e+00
7.198968320274595989e+00
8.579372643604481041e+00
5.470128749061516693e+00
1.650296863659224655e+01
1.250144117962776313e+01
1.253309176710024708e+01
4.159158845817673367e+00
2.031088145474589979e+01
1.269178355288434901e+01
1.516633315735254506e+01
1.105299714394412547e+01
5.587288164673534396e+00
1.502990368931558507e+01
1.808786100016987364e+00
9.497300720380032146e+00
1.185951718863542048e+01
8.628647394541408389e+00
1.975584118514362331e+01
6.806947754326632349e+00
4.400970816096954508e+00
2.026372082557574394e+00
6.276519765617982749e+00
1.834361487635930033e+01
1.582170135436883784e+00
2.140673870463391637e+01
4.526994354731887604e+00
4.524730893780145813e+00
3.174749958841563302e+00
1.828985901120314850e+01
1.744854203228536704e+01
4.450793100738200891e+00
3.795499068928902986e+00
3.748055134714763259e+00
1.866128950787788554e+01
6.113715141371207196e+00
1.854387396512900565e+01
4.793773433534252781e+00
1.366298896657652406e+01
4.452693151333011912e+00
1.572124667542433407e+01
1.594459877888582611e+01
4.252010025150193329e+00
1.280337192077458397e+01
8.471190748299726181e+00
1.316236049419779697e+01
1.956470541406177688e+01
1.840687023787358712e+01
5.128522910450905137e+00
7.363595145224878458e+00
9.615892640232537758e+00
9.645910284109181276e+00
6.378015017148078059e+00
6.538446884592528541e+00
1.815621198952383164e+00
3.240730985280281029e+00
9.849936813243775902e+00
6.212712594545076072e+00
2.614548570780418757e+01
1.644657595000722061e+00
2.124836515330393993e+01
6.478722903777493158e+00
4.152214910276993187e+00
5.851328288089475471e+00
1.451538810695137727e+01
1.356862245312443704e+01
5.574412356318473094e+00
9.224089638052017648e+00
6.182084040959526128e+00
9.118518933378792823e+00
1.835808014755061279e+01
5.086851782695503310e+00
1.119115851949540286e+01
1.177876760670236145e+01
9.552495437059098649e+00
7.501671191718471299e+00
1.687707749883912101e+01
7.754563991570493364e+00
7.047952037291997485e+00
2.370407816984387850e+00
4.434734829821616486e+00
2.064396857897881077e+01
5.349024377190885637e+00
1.823589753889244491e+01
1.546630357338139206e+01
1.244317397655260748e+01
4.131182080837212389e+00
8.360452891122578833e+00
1.320520436363183059e+01
1.233569203738753473e+01
2.771806349822270477e+00
1.592250651340847156e+01
5.330874310330258048e+00
1.033758311300893418e+01
7.108525709966320605e+00
2.125290819428763811e+01
1.800412153947795302e+00
7.858428612865468565e+00
1.047752295795879185e+01
1.982890722041261355e+01
9.534316298223536990e+00
1.318050624501496060e+01
2.074540076774846042e+01
1.180641439476478105e+01
6.413729456476715995e+00
4.883280902075496144e+00
1.008590206492549513e+01
6.520411994780999976e+00
4.199438167102953479e+00
