1.370060412103765124e+01
6.250776618647201133e+00
1.552857180650565105e+01
8.194436054006809300e+00
1.829362387901732134e+01
1.528377375010156669e+01
1.433430487335978221e+00
6.557936622386199232e+00
1.536726891750233026e+00
1.389919669128444113e+01
6.439816896970846472e+00
1.783196431014165473e+00
4.179087217655779618e+00
1.320860385434918705e+01
6.694569563079749486e+00
1.063831651184414717e+01
2.026066291575272160e+01
1.041760839761323432e+01
6.243872126241543974e+00
6.673410015762682335e+00
7.855384635184793574e+00
6.724591594450788357e+00
7.947565723569490537e+00
2.607053501328514855e+01
6.628779316703912627e+00
4.272828754085177927e+00
6.439694700783942238e+00
1.338496965153215079e+01
9.534213806237422872e+00
2.010527101571459241e+01
7.424813984837562941e+00
1.315315568206171903e+01
3.161817183155421151e+00
3.431374854267040142e+00
6.207153134947151152e+00
6.329244998190390881e+00
9.158341535069014938e+00
8.549239614052130065e+00
7.475378028819993581e+00
6.723518654551502216e+00
6.620732534276736914e+00
6.040002813618371214e+00
1.579836001265883993e+01
7.269338090064966451e+00
1.721191575892847325e+01
3.839427840797560165e+00
1.306753979011120848e+01
4.175289227204279641e+00
3.063275922738343926e+00
1.848306078194601909e+01
7.511561948314687598e+00
7.910170739974955012e+00
4.196623511509667281e+00
8.295052601516424318e+00
1.191080797627119914e+01
5.575612616496784746e+00
3.361435721844117097e+00
1.009218147226821927e+01
1.043887003504908151e+01
1.278566190236273847e+01
1.109051367412506650e+01
1.460252155063654733e+01
4.782994029141588221e+00
1.172529534407591889e+01
4.442287929120499967e+00
6.451613584061300699e+00
6.003990982087814565e+00
1.886244364560550224e+01
1.928085118636731465e+01
1.194524147800852987e+01
1.569190431003514696e+01
1.493528710458641839e+01
1.295182787656288426e+01
1.175254584571134764e+01
1.343409391138768427e+01
6.159123254420465265e+00
1.265548798631458638e+01
1.184037346660407763e+01
7.281318866257289635e+00
1.706983971405945866e+01
5.938628279492408346e+00
1.307308426626027931e+01
7.283471585252112135e+00
1.818071988844855369e+01
1.992642204623403757e+01
1.499910287269550446e+00
4.634142879295087170e+00
6.916789808142636886e+00
3.126778405037829334e+00
6.967521368963542905e+00
8.540470642661809109e+00
1.056214690828048575e+01
1.580432957573959207e+01
3.135025603338811973e+00
2.214162888034512378e+01
1.559516494291608346e+01
1.523073831835175085e+01
7.650156794352288792e+00
1.980603994851228578e+01
2.096502599920353926e+00
1.217748297611255381e+01
1.727339172707289450e+01
5.974545355372361755e+00
7.220497933000051383e+00
5.626937773944767684e+00
1.688582110555348592e+01
1.254429070803843160e+01
1.259133786164044899e+01
3.596262893909747405e+00
1.954620241484632004e+01
5.361658635099328940e+00
1.278427355454082104e+01
1.544727658285014904e+01
1.074034997062762109e+01
5.897568936014628171e+00
2.681235567698933675e+00
1.812038415595899288e+00
1.500468738852555184e+01
9.225872694102461580e+00
1.783196431014165473e+00
9.724837974740211166e+00
1.302564991121178473e+01
8.453050780629752126e+00
2.010050721812544339e+01
6.982544321057511993e+00
4.601962345294636769e+00
2.109439424304599076e+00
6.396155189854527023e+00
9.087065081807482514e+00
1.536726891750233026e+00
3.556181332186505895e+00
4.730948490375699755e+00
2.958656890340171763e+00
1.895911110482677131e+01
4.653350022687279264e+00
3.385855256296168125e+00
1.897812180215014166e+01
6.341899864623827376e+00
1.877925201805930655e+01
4.954452234402270783e+00
4.430362588442500638e+00
1.594139657485395922e+01
1.640107396204530588e+01
4.270403339174351665e+00
1.275207639480669108e+01
8.700409000195145737e+00
1.623515198489173272e+01
1.255730519518425048e+01
1.900307748950938702e+01
1.845086159209001053e+01
5.369231287323723123e+00
7.819853838991082107e+00
9.367826176135015004e+00
6.791453746495217381e+00
2.871372870074334838e+00
6.285656553806663993e+00
1.822827738868807890e+00
3.046614369939093958e+00
1.030895002348723288e+01
6.628755934388567361e+00
2.672404341482106105e+01
1.569054186121249472e+00
1.937360045544505027e+01
6.510815910087115910e+00
3.992999150560856858e+00
5.874367872733619933e+00
1.605377730659024493e+01
1.427237452589324818e+01
8.859047645303043339e+00
6.234639655457162810e+00
8.584928736257262827e+00
1.915966653660629149e+01
1.069671923816688341e+01
1.234337219354791237e+01
9.272265202295288944e+00
1.812038415595899288e+00
7.713524209829307310e+00
1.745401486506436584e+01
8.039957748142477101e+00
2.267759864949850712e+00
4.790211488375693882e+00
4.536954986532721890e+00
2.088064499804521290e+01
4.254539760432932916e+00
1.825864090099727832e+01
1.565851966041479315e+01
1.243972926101703003e+01
4.118136557789188856e+00
8.582288055236586999e+00
1.421793151903875874e+01
1.215361605580453741e+01
2.583865595266283677e+00
1.542853441914055779e+01
5.103284878816515047e+00
1.064081776674592028e+01
2.200513707863363777e+01
1.660553899518570908e+00
7.745970678039254764e+00
1.016629550581081176e+01
1.955272362693280996e+01
9.424401834701937375e+00
6.062407448958631484e+00
1.341633569546022109e+01
2.005584384836912548e+01
1.138618797733266597e+01
6.507987459926727780e+00
4.813923627701464980e+00
1.019415486571879192e+01
6.940971555431792339e+00
4.174583065546054961e+00
