7.512905725492060149e+00
1.414560702906214829e+01
2.608544510443763897e+00
9.862734938033659304e+00
4.732846527438737461e+00
1.308378517616697678e+01
4.886345481651145128e+00
3.919336197734660576e+00
1.186917448245302431e+01
3.300464157830498291e+00
2.452067573634230868e+01
9.629594506245963359e+00
1.541101556718422749e+01
5.952183844172201255e+00
1.078754659291085538e+01
2.732230141775052967e+00
2.420808629825866021e+01
7.122414876494012503e+00
4.715341299541965014e+00
1.198868392143749340e+01
1.225819146098170087e+01
3.760419630121355272e+00
7.256767423471674583e+00
7.291392720928313587e+00
2.166659217104874191e+00
2.355366102278104634e+01
4.823236977922273461e+00
1.748251985474755443e+01
3.395040353854659632e+00
6.853234917780426372e+00
6.046380693071660595e+00
1.042118049296771254e+01
2.878884383823052318e+01
1.380948750562503413e+01
1.480418448039054091e+01
1.158782272295309745e+01
4.379787859420402718e+00
2.945861597954927635e+00
7.786942278764804826e+00
8.990092030175759419e+00
8.858348890424714739e+00
4.958732420366207982e+00
1.476160610695667508e+01
2.148068996265782626e+00
7.160691494435106996e+00
3.900215734015321178e+00
1.077132239536034852e+01
5.060589218075809192e+00
9.724441484273461000e+00
9.897640992229858270e+00
5.855593766612937401e+00
5.795752116311772006e+00
4.807914045361082245e+00
3.925083838991049401e+00
1.425009388248214748e+01
6.442930555612199406e+00
5.331329916684738102e+00
1.131345251750825120e+01
2.864942093728674877e+01
1.466030903523221873e+01
7.967150519401985598e+00
6.369760134139123231e+00
8.481202533888108519e+00
6.391980687320420351e+00
1.831090459616988753e+01
2.221985206550571590e+01
4.989641977928275907e+00
5.336058979744105812e+00
6.711548450304991142e+00
1.544011164007578429e+01
2.995484330699360953e+01
6.344606023272906903e+00
1.105812372910179242e+01
1.027172929624333442e+01
4.388680772103938921e+00
3.967342369715538108e+00
1.113648194721641715e+01
1.451585036589980682e+01
9.541728707160542555e+00
4.706478133976244926e+00
8.166695019377050002e+00
6.489780190918260416e+00
2.823006219598711297e+01
8.647681016511000962e+00
6.936758967028523237e+00
8.018481934253481214e+00
5.371910396712454627e+00
1.597044081711764818e+01
9.295745077839242754e+00
9.235233196396846367e+00
1.243912341391078513e+01
4.744815307425738204e+00
7.277079346280359573e+00
2.643854362825966309e+00
1.127042351268242726e+01
1.053456598900412189e+01
3.976749333536238495e+00
3.461240507934443489e+00
1.899351085418139107e+01
9.355952109447303044e+00
6.598283267597103929e+00
6.536919424402587886e+00
9.458495268530933586e+00
6.463492792543557464e+00
7.804717336888941759e+00
1.879383598729484817e+01
7.405205498907922568e+00
1.634352508080198518e+01
6.290014871402562768e+00
1.112305533410693492e+01
4.606651679237461217e+00
1.356466270438981070e+01
5.671162609646022368e+00
1.067035466438548497e+01
3.395908672960147978e+00
2.736899001531810427e+00
3.453152080504902077e+00
9.219766195806775144e+00
7.166098980300326104e+00
1.027736584672757836e+01
4.883349426196443410e+00
1.591586795992447811e+01
2.813145943774398461e+01
3.661818270512055662e+00
1.530582227317079713e+00
6.110233313192644289e+00
8.226423699618999663e+00
9.166507403892603989e+00
7.632410091776016259e+00
5.753234937973736862e+00
6.581440170135145706e+00
1.001627744033913991e+01
1.762605247019367383e+01
8.519406509535910388e+00
2.087032030075123501e+00
6.340358601550977191e+00
2.144107652380445117e+01
1.929737151099278947e+01
7.479709847192264505e+00
6.097812332122835244e+00
6.185155130894369968e+00
6.884318739728450431e+00
8.756251262687705150e+00
4.227564864780165799e+00
1.100429533595495535e+01
2.112562988723945434e+00
5.005429799129132995e+00
6.709937017269087534e+00
1.234286152933049330e+01
1.209013556902609388e+01
3.404186220837374321e+00
9.818185155140541909e+00
1.770262073661071156e+01
5.982272983888830886e+00
3.742248006881117472e+00
6.356938051827396130e+00
8.702315676351368268e+00
1.708279650032168462e+01
7.541831608021380084e+00
3.489368610800748005e+00
4.687913709452869431e-04
3.087283203425029043e+00
8.427130255311739759e+00
1.125792886779631807e+01
2.857808701570198284e+00
4.648876188941480692e+00
1.109861067620214925e+01
2.217277088597596091e+01
4.328445412197963194e+00
9.153307063782646580e+00
1.170869182123451147e+01
3.237890627278387168e+00
6.312415175891764818e+00
8.831393141502308808e+00
8.699604497806548764e+00
9.961750171562359313e+00
6.006681047037087495e+00
9.702171836625957724e+00
2.625868352539710404e+00
1.932128909680308126e+01
5.663842646607460729e+00
8.392744220626987328e+00
7.653258059186569540e+00
3.240695348342915505e+00
1.298910541063157531e+01
8.100385039483429139e+00
1.264751070256365573e+01
4.218261198245694565e+00
4.451107715253603381e+00
4.092417386737952079e+00
3.681168680733712950e+00
1.007854158253664423e+01
3.089623111357484131e+00
8.216095811957687900e+00
4.450877590453371724e+00
3.567168803658908427e+00
2.744822811683290009e+00
2.458101704576243662e+01
2.232885927537996551e+01
4.096686527087586072e+00
4.072765388345547244e+00
5.625766373904869333e+00
1.669853453623812811e+01
5.258935697000299392e+00
3.339166822964043657e+00
6.003265289033436147e+00
1.022731441273648301e+01
2.118887803903210099e+01
3.775539668925546266e+00
3.732077602106596004e+00
3.910788818482986873e+00
