9.225558517207765874e+00
1.246236884505900910e+01
3.036011936757699203e+00
1.082052672777292379e+01
5.830883007120568173e+00
1.115353089558662347e+01
5.531596109444946840e+00
5.530248185564614616e+00
1.177537221601359363e+01
3.971581515468617596e+00
2.363818178001705306e+01
9.920605763660939047e+00
1.769264391662146352e+01
6.208254844964864461e+00
1.283248197079131891e+01
4.147334307757336802e+00
2.400348888879281262e+01
5.291863693277009340e+00
4.822316121963490687e+00
1.047679188939161143e+01
1.164013781110550028e+01
4.526384876218079611e+00
6.565962294456586079e+00
8.518662515514865419e+00
2.920085153298253466e+00
2.285359993293550929e+01
5.834037044660793647e+00
1.244670125985042830e+01
4.095513752753154435e+00
8.821202685455665105e+00
4.595670990250264154e+00
1.041262444436044632e+01
2.260446963383336438e+01
1.298589737397214527e+01
1.237858183773050236e+01
1.096644674247002982e+01
4.980058179947024932e+00
4.191276074051471845e+00
9.062465132574711646e+00
9.507160106545669009e+00
1.047694807090616642e+01
6.602870741829073076e+00
1.713143564563355170e+01
2.841019679612957649e+00
6.631439744180371854e+00
3.093496098929087612e+00
1.640529294218145395e+01
7.328199760889154923e+00
1.042449711402016277e+01
7.939358167485055517e+00
8.284266524571094692e+00
7.160867892521188161e+00
4.308698985005003479e+00
4.429765656999163248e+00
1.270135267944760393e+01
4.972356387830609847e+00
4.623187858979559195e+00
1.270891920893843086e+01
2.562600121526294217e+01
1.278531726321171469e+01
7.464035494198418164e+00
7.023319298626484297e+00
7.996253434508876268e+00
9.057426529399883464e+00
1.792839269308078798e+01
1.937178854428215047e+01
4.624963408747401417e+00
6.678263373659388158e+00
8.439599461548867865e+00
1.620262807836031982e+01
2.449588908956890165e+01
4.411184643799122895e+00
1.073035127897171570e+01
9.370271853305871090e+00
3.928433312342900940e+00
4.110700179703508539e+00
9.697965826920333043e+00
1.309657978860387573e+01
1.235226983942318135e+01
5.649959879105328930e+00
6.525962137960347853e+00
7.063149945097426219e+00
1.968056648871978709e+01
8.489751187295397017e+00
5.767185233718914006e+00
8.704296763924041613e+00
4.585269119298927443e+00
1.029348864448333956e+01
9.128239780250517299e+00
8.771030775873070340e+00
1.315937429291951055e+01
5.497708967643871958e+00
8.027681786710211043e+00
4.128320680876900184e+00
8.542704340364130289e+00
1.106808367640330815e+01
1.553204520338615069e+01
2.975125439748064871e+00
1.526250395949188743e+01
7.560988033069592440e+00
7.184307511423265957e+00
7.412513435010422036e+00
9.784565533938629045e+00
6.625557143915489000e+00
7.050121541230079281e+00
1.747052577055918476e+01
9.017791192412817125e+00
1.833236359495494838e+01
7.320714860695710868e+00
1.182037555380038363e+01
4.142395371391849324e+00
1.136802902515264080e+01
6.424074589642027711e+00
1.098005241176867841e+01
4.482491603519219048e+00
3.135893391679103193e+00
4.147213275626642215e+00
6.293790098547178857e+00
6.334812390206236543e+00
9.733385446246746397e+00
5.713022298693013923e+00
1.801124519864714557e+01
2.275539425199110966e+01
4.252122424816771940e+00
2.802063903819982382e+00
6.525962137960347853e+00
8.740827639051808262e+00
6.530315296893829391e+00
8.223622921219137183e+00
6.820700318129707895e+00
6.308651342380314553e+00
1.238860124182415490e+01
1.207233027841645878e+01
8.742300972177215357e+00
2.852751678629295018e+00
6.652801310372821852e+00
2.027608644251869308e+01
1.812249134333923450e+01
8.167603531909215064e+00
7.124941342172060210e+00
6.164491339824014204e+00
6.215085872208095275e+00
7.549191628974689650e+00
4.942837998277763489e+00
1.116450322568695164e+01
2.818447993453907063e+00
5.855937178534703413e+00
5.353743207684503069e+00
1.106831834201002529e+01
9.479834651310236282e+00
5.870227368912857457e+00
1.066914563123057391e+01
1.753301466258065844e+01
5.218253164263544797e+00
4.147213275626642215e+00
6.631439744180371854e+00
7.627265912715451179e+00
1.800897105002753307e+01
6.999879679724408277e+00
3.030954280729635464e+00
7.274659056938325818e+00
3.370810267052506415e+00
9.131936081843969433e+00
1.156035958304284428e+01
4.548189746123257216e+00
4.706521382417318655e+00
1.072725055661179994e+01
2.006207349157992326e+01
4.685490783261303527e+00
7.855583546426536223e+00
9.139208599968036140e+00
3.323539315762528368e+00
7.458663784288654952e+00
9.186436529647460603e+00
9.368777296076620686e+00
8.229070491581175872e+00
6.334812390206236543e+00
8.471440955069979850e+00
2.908981472912158583e+00
2.014933915221509864e+01
6.173612216756681370e+00
1.108816675135294716e+01
6.621264970562814156e+00
3.347213611278919476e+00
1.678213281293366776e+01
9.135730835210519984e+00
1.150789915230073390e+01
4.285719486714031135e+00
6.080377860852704153e+00
4.584010383817902046e+00
4.320456851476908611e+00
1.096852129512081753e+01
3.272954830255719649e+00
1.041831443525762602e+01
4.440890334555334995e+00
4.422691490464226050e+00
3.132387376082983010e+00
1.727156921826869151e+01
2.318111152570632427e+01
4.133138585111693075e+00
6.285063508407559674e+00
6.214296069094664254e+00
1.750876422927971987e+01
4.162010802839685830e+00
3.898950930195135722e+00
4.757716447948026506e+00
9.928522438396010230e+00
2.214110257736279763e+01
4.204448480459871185e+00
5.133303892245482558e+00
5.197518329981111407e+00
