9.362222573737517095e+00
1.199944529327707876e+01
3.104018590260375188e+00
1.091373781260547737e+01
5.728704347659254736e+00
1.115877705065343584e+01
5.399229288769795687e+00
3.169149113037714294e+00
6.674419529503476056e+00
1.156745057691775003e+01
9.011185804242503039e+00
3.930045232408765354e+00
2.214056413063908479e+01
1.033403178899745001e+01
1.874556291573499323e+01
6.354514166363414596e+00
1.245063136748831134e+01
4.059732526151408116e+00
2.240807874332191574e+01
4.981515802671551363e+00
1.867615696615165533e+01
1.003532094615794534e+01
1.144892497214595828e+01
4.429679903295007826e+00
6.353844292175502062e+00
1.297328999159411467e+01
8.507918166953384542e+00
2.971301220332190240e+00
2.304605862117754356e+01
5.789857202580646955e+00
1.164937329155238110e+01
3.992119836122832499e+00
8.502297335622852614e+00
4.702612513806135652e+00
1.009602514173943177e+01
1.909968194647239415e+01
2.334399671807696564e+01
1.254610515544309379e+01
1.165991117876571970e+01
4.801268810276604349e+00
4.186281348473750441e+00
8.894222549713262538e+00
9.623716210989599062e+00
1.067036179583809208e+01
6.154336155296149080e+00
6.329897771804224860e+00
1.813998356024578129e+01
3.113684738270873886e+00
1.813003297006098435e+01
6.773455831233840208e+00
1.012390060391064672e+01
8.675165733937747703e+00
7.855548247651663374e+00
7.155852567149862509e+00
4.266996306359688518e+00
4.193687111526801736e+00
4.575689426363589440e+00
4.836705125858369314e+00
1.201344236921309871e+01
2.468810812580021263e+01
1.310180042926818089e+01
7.318932464798693971e+00
7.016677172722392442e+00
4.821898887559297187e+00
7.277277485440583504e+00
8.575306801648030941e+00
1.865864583751255168e+01
2.023919934147329514e+01
4.847054530438118292e+00
6.635257245336533494e+00
8.310545122821423547e+00
1.782394232140022794e+01
2.261661795111901085e+01
4.289040201838770550e+00
1.053520777491140947e+01
3.916146972486456157e+00
3.019952461321091075e+00
4.090178969934322950e+00
9.823962266269978372e+00
1.406671670570067612e+01
1.166032311538921107e+01
5.752788462906624822e+00
1.922584326713945657e+01
6.236666752709708383e+00
6.753937217492243406e+00
2.106407819052824237e+01
1.896198711085485655e+01
8.684290687099080586e+00
5.750151219283207382e+00
8.498434632078479822e+00
4.588817651697909561e+00
1.270446307152700705e+01
9.382834165663023640e+00
9.102006525283702132e+00
1.352469719111788393e+01
5.121465003582123643e+00
8.062684706923588962e+00
4.120510705403344076e+00
8.255171457566238047e+00
1.120640397043436742e+01
1.691340856390996450e+01
3.070880034502237788e+00
1.724428650443575251e+01
7.308475402987520297e+00
1.005172540432544181e+01
6.380089945136315777e+00
6.799585778629311683e+00
1.897841139467718463e+01
1.856721814040729157e+01
7.374379150571883201e+00
2.905979548356841136e+00
1.113824545846412839e+01
4.120510705403344076e+00
5.908762726357255524e+00
4.594298516442247404e+00
3.151475035408890957e+00
1.190339924379005154e+01
6.689891627581034506e+00
6.567786607499737528e+00
1.644157531864847144e+01
9.654294024938952390e+00
5.868526222961212291e+00
1.922833748225010098e+01
2.080550932261585828e+01
4.218434787499286465e+00
2.867886200484650594e+00
6.236666752709708383e+00
6.705196698128246702e+00
8.257343828998315871e+00
6.498325967031542305e+00
7.067192698251033356e+00
3.916113818326438789e+00
1.143107116511461818e+01
1.089030026651932559e+01
1.308730544457988820e+01
8.267893234471074493e+00
6.399292087515825678e+00
2.222689336051549702e+01
2.048902251909315808e+01
7.705509165523364068e+00
7.208512480008476331e+00
5.888181227164418274e+00
6.105938935287655411e+00
7.064570382558000183e+00
5.202991126662445787e+00
1.116541829128597740e+01
2.901907340307610994e+00
6.089377265112866588e+00
1.859045062583727770e+01
4.962446645435232284e+00
1.106939798344561865e+01
9.225111033525019266e+00
5.356545403007186401e+00
1.048434504209893170e+01
1.026717671537017473e+01
1.848165691441829850e+01
4.853546172091292910e+00
4.177686071444028038e+00
6.368584914463411906e+00
8.522601705357635282e+00
1.900732921591595570e+01
6.563236248500624370e+00
2.224206140054092984e+01
6.952493464255627309e+00
3.011856901420313370e+00
9.273795737757767554e+00
1.154521758453977753e+01
4.354969155239012402e+00
1.080150549646718972e+01
2.014792217877668179e+01
4.745456732633433816e+00
8.470265608167739657e+00
9.473519309913974951e+00
7.636047934165402395e+00
9.009366850403536020e+00
9.046391487573943735e+00
8.231945538718353106e+00
6.544156892760653044e+00
3.025243603852990848e+00
4.575689426363589440e+00
2.001298330555174942e+01
1.080288229635617370e+01
6.619344067220750638e+00
3.701741183484766218e+00
1.755818494060990531e+01
8.890612402712884332e+00
1.204704170869453428e+01
4.245886763403867725e+00
4.318548060262274113e+00
1.317564964071927847e+01
4.245426192253115794e+00
3.405264683538795634e+00
1.011939356023768433e+01
4.489630708245042179e+00
4.219983519966355345e+00
3.038541038072343881e+00
1.980994025100841327e+01
2.199664448117931315e+01
4.143040465652904736e+00
5.960422258133275086e+00
6.108108880863312606e+00
1.859020814473138472e+01
4.141246338185364806e+00
4.150898268976593641e+00
4.918900382030561680e+00
1.020953836874773479e+01
2.227725201404460620e+01
4.214873214385914224e+00
4.725576800697742996e+00
5.425922193360196211e+00
