1.176442743351686637e+01
1.091150814403602531e+01
1.114234902374625591e+01
5.309067820008189997e+00
3.116385195273740027e+00
5.892967166742709928e+00
1.110647227929543135e+01
8.003640174476839064e+00
4.128657740943585175e+00
2.178788837692182057e+01
6.396374285251607006e+00
1.327132459757463323e+01
4.212411198677967761e+00
2.197325875048194987e+01
5.096434411260618802e+00
5.172926888649270971e+00
1.852856543233984254e+01
1.035243919318546268e+01
4.384442440240039929e+00
6.377477869586742010e+00
1.302086766397332163e+01
8.591127710602512124e+00
2.783226377729179024e+00
6.054844711891173681e+00
8.520619918415487604e+00
4.702857196637383552e+00
1.037590519675496559e+01
1.963658261190975196e+01
2.466259955742547305e+01
1.206040496473213786e+01
1.181728696397206235e+01
1.071032833977325893e+01
4.858259007483270331e+00
4.158522571667948142e+00
8.982154518131249432e+00
9.716891465417477391e+00
1.051258537159321982e+01
6.310146381789856207e+00
6.313405809514966549e+00
1.830598466438187089e+01
2.705933652890426977e+00
6.342349018847340147e+00
3.079977145703741925e+00
1.766375684551627856e+01
1.074463156987402890e+01
8.563543675086002338e+00
7.462923422515129523e+00
7.326495214690154079e+00
4.405860680056474799e+00
4.230169624906250370e+00
1.175237374352711583e+01
4.570462252423819649e+00
4.740785115045864195e+00
1.180463767694649313e+01
2.483168825293109805e+01
1.283859225705231388e+01
7.733902397286772867e+00
7.072744889174565230e+00
4.794197410967408146e+00
8.289158775604406060e+00
8.895572417430237522e+00
1.940277582165858661e+01
2.160162482135750039e+01
4.755087236097124581e+00
6.447347493634213222e+00
8.485594852721229486e+00
1.792922282971102632e+01
2.465144608823738537e+01
4.309274264001023980e+00
1.040183058876200306e+01
9.084886410614059216e+00
4.052725826385263019e+00
2.878274170404842458e+00
4.150886757517188386e+00
1.482723445457281208e+01
1.155395822936528205e+01
5.688730997614359630e+00
1.913896212788047535e+01
6.144614614646312312e+00
7.058263382676217113e+00
2.125165338279131433e+01
1.906671378752571400e+01
8.546314507504643387e+00
5.430242909251699501e+00
8.298458512270629583e+00
4.576115591115797798e+00
1.050790884551759774e+01
8.804217102629902314e+00
1.187720224992601104e+01
5.287827907495133317e+00
8.303368430557418023e+00
4.124411209949987445e+00
8.511779332100434914e+00
1.128768718408065830e+01
2.903508600391615069e+00
1.848422559981093372e+01
7.589080123076445084e+00
7.326495214690154079e+00
6.609762028051758165e+00
9.674533983151100358e+00
6.761562170565063035e+00
7.139218638276352280e+00
1.971571082032230038e+01
8.648778002812049337e+00
1.868496321727528198e+01
2.677664404034262535e+00
1.166683468147445701e+01
4.146781217948667830e+00
1.155286848671022248e+01
6.169893515603023459e+00
1.068571280267587120e+01
4.554230595017342509e+00
3.116714627015617634e+00
4.180892579666629416e+00
1.179263704666734114e+01
6.459460974482539086e+00
6.510399093157977823e+00
1.677765491215521365e+01
1.943443128147278287e+01
2.084978313366390523e+01
4.184627951457279060e+00
2.656104438650078947e+00
6.102511735020073935e+00
9.322573702267108686e+00
8.405478628226655147e+00
7.013107434118802885e+00
6.604944279562334764e+00
6.426956974289522506e+00
3.944979891688631835e+00
1.132164909265127051e+01
1.056562633934475492e+01
1.186337748504033307e+01
2.665175084780452508e+00
6.351086445686490833e+00
2.315087001758346474e+01
2.103162649970113307e+01
7.770237403025050504e+00
7.401014934828632263e+00
5.871130291808219326e+00
5.650342800131579857e+00
5.131604627733008073e+00
1.145177750764848312e+01
2.665820449643214296e+00
5.632038653118289773e+00
1.942443932368566806e+01
5.061472716143814665e+00
1.145515047003266496e+01
9.097157114855331628e+00
5.615879619383560062e+00
1.010474576566862837e+01
1.118554592923071844e+01
1.990053391171294450e+01
4.180892579666629416e+00
6.368589100344173914e+00
8.302532817413256438e+00
1.978094151713163029e+01
6.432363618446228948e+00
2.358881293299238990e+01
1.840548531099123863e+01
7.072744889174565230e+00
2.893131576407994121e+00
7.471273855029624933e+00
3.377057404319567802e+00
8.952206288418679492e+00
1.124369021263215984e+01
4.455645753120895947e+00
4.773717459581234834e+00
1.108264740021794026e+01
2.079853019336948705e+01
4.668539561651070535e+00
8.415028757480900623e+00
9.528576793133176182e+00
3.398351739515486525e+00
8.064679208170595359e+00
9.046809426020118394e+00
9.856672756066215513e+00
8.430245349595059778e+00
8.414865139620440360e+00
2.762711532980546725e+00
4.570462252423819649e+00
2.023364277704489211e+01
6.186739008952375940e+00
1.056295162217996619e+01
6.318447400027070948e+00
3.435840505756218466e+00
1.700508014121345113e+01
8.673575040938931835e+00
1.200298956051781296e+01
4.275962140544788959e+00
6.160305828001255257e+00
4.320408234302620443e+00
1.336726100101621739e+01
4.351245366482523025e+00
1.061440423319556281e+01
3.464380201357956768e+00
4.305851610557180464e+00
3.056817718597695688e+00
2.277315007283554138e+01
2.169014454815982518e+01
4.158522571667948142e+00
5.929210997766626967e+00
6.360346679737840958e+00
1.921605164631619189e+01
4.194632161083419852e+00
4.249075325964518868e+00
4.778148361657599708e+00
1.046627202535104217e+01
2.242059986195417309e+01
4.214844957539115811e+00
4.919066900807007592e+00
5.219053590206900850e+00
