9.241690732223785787e+00
1.255174426426508738e+01
2.767800890505813349e+00
1.092547556503594031e+01
6.104216368723745845e+00
1.130232602065317060e+01
5.458704837503539409e+00
2.979807920204720517e+00
5.667581668572503339e+00
1.197302184032930406e+01
8.180009814289034509e+00
4.076118844957354881e+00
2.125275593669424268e+01
1.016970661851912539e+01
1.840490682037831505e+01
6.199444879467631786e+00
1.272496631045082971e+01
2.166130590050613591e+01
5.297116498073546786e+00
5.019209636558799481e+00
1.843833212262459398e+01
9.932939647208721468e+00
1.204068148891134804e+01
4.465818060146398594e+00
1.253747938161935771e+01
8.731650879647261831e+00
2.680532571553984944e+00
2.128726368546956493e+01
5.862817695643244953e+00
1.261865759438029500e+01
4.302178508600709606e+00
8.766673792692518674e+00
4.647622284089573341e+00
9.987719845806687147e+00
1.948596118887060413e+01
1.235244615597176043e+01
1.242724459727931396e+01
1.065018878631652832e+01
4.934029735063989008e+00
9.272350584798260797e+00
1.006437588716003617e+01
1.120096534979269087e+01
6.322907322638656069e+00
6.309177254754822606e+00
2.612946602444758959e+00
6.299540215414559441e+00
1.654769745291327965e+01
7.086664622527480084e+00
8.394748363455454054e+00
8.033730662779845488e+00
7.211793261575797587e+00
4.385611554255137712e+00
4.452460837657523207e+00
1.288571718605138194e+01
5.105620801409722631e+00
1.245161111287023026e+01
1.230493152278135938e+01
7.330765069185767757e+00
6.941874429271078561e+00
4.692363390872364093e+00
7.774554766803944084e+00
1.834921990821857207e+01
1.971778741997637141e+01
4.575147625672533636e+00
6.490639928588652907e+00
8.680909753842090737e+00
1.763514062352975387e+01
2.310576219118466312e+01
1.068696687112476162e+01
9.806973037750648103e+00
4.076118844957354881e+00
2.680907080169804058e+00
4.091335504436625747e+00
1.019299779291911179e+01
1.370320291494354770e+01
1.217653375160747409e+01
5.712764405724727546e+00
1.908279788639918451e+01
6.280853436217215702e+00
6.700359422069517734e+00
1.860537916394527969e+01
8.754817807637850891e+00
5.517654124952939831e+00
8.626518807569143021e+00
4.557378153627625217e+00
1.114250915678485399e+01
9.473152637284000477e+00
8.979209982187816408e+00
1.264393940801474159e+01
5.309087272795548706e+00
8.053728905088307854e+00
4.091335504436625747e+00
8.538663462007310301e+00
1.126830802245382479e+01
1.545905815692506202e+01
1.695191636711545158e+01
7.537630612097356853e+00
6.805901841940526609e+00
9.291859154663287157e+00
6.643979030525290597e+00
6.979677549532283365e+00
1.847757015300972228e+01
8.994937377850789062e+00
1.853330487077113986e+01
7.478618278595349445e+00
2.602744646823894836e+00
1.129458513474831349e+01
4.091335504436625747e+00
1.137146728188762346e+01
6.129237007957883954e+00
1.068116220309716091e+01
4.483299056372206159e+00
4.104627681578969067e+00
1.247510164664055843e+01
6.299251809792106194e+00
6.380468680565420492e+00
1.604293258395339095e+01
1.018828384979656754e+01
5.903066199113154333e+00
1.924835612230816295e+01
2.099512822211281105e+01
4.212681901615615843e+00
2.602744646823894836e+00
6.248236730766524971e+00
8.642427303248119586e+00
6.487566802157886947e+00
8.042951100475081105e+00
6.882648090964452514e+00
6.839122507839845433e+00
6.318631003492019005e+00
3.956572139984936065e+00
1.205400610646776549e+01
1.058723771786581480e+01
1.203144585894267493e+01
8.529696321492615141e+00
2.622624456675846538e+00
6.326709738193711630e+00
1.906417197563548172e+01
1.932120578325879379e+01
7.318186536514722285e+00
5.878774974479683557e+00
5.917648424961226006e+00
7.506104342580855793e+00
5.010728880866221147e+00
1.115406614374086836e+01
2.602151910284207670e+00
5.976039487283832941e+00
1.854108564710618623e+01
5.218628894617371117e+00
1.117292180825087122e+01
9.938016106512362668e+00
5.210844865224682820e+00
1.086435886483696045e+01
1.053828869708974203e+01
1.781550891706066864e+01
5.093101591362747982e+00
4.117142751708336768e+00
6.317354286424794907e+00
8.045219976323993549e+00
1.813984707752289083e+01
6.319759963004055514e+00
2.031905855273285866e+01
1.827413721080479192e+01
6.957772093781145806e+00
2.906765953322268281e+00
7.605876295525511921e+00
3.200799729839196139e+00
1.098367005102578986e+01
4.561385628237127676e+00
4.658026547125168726e+00
1.096882100540345562e+01
1.957953594259362973e+01
4.572558715254143813e+00
9.363370338249934477e+00
3.199566027134198354e+00
7.679525945991894531e+00
9.682600638336349874e+00
9.791034691807411150e+00
6.401053129069804726e+00
8.297092626188200981e+00
5.105620801409722631e+00
2.041873418956433994e+01
6.279323523196500112e+00
1.068310831761744595e+01
6.495618870383638388e+00
3.262495922148427763e+00
1.634804799017899057e+01
8.933687997377090184e+00
1.173531291619035954e+01
4.349100308859126685e+00
6.177896181972699630e+00
4.518459351710350624e+00
1.318774413158776682e+01
4.339694273676641068e+00
1.030781938179365653e+01
3.357344211988482652e+00
1.002551485721524216e+01
4.446856350975633809e+00
3.086245713427881565e+00
1.661203361389227240e+01
2.114805879162751268e+01
4.104627681578969067e+00
5.659569417932035940e+00
1.804930648157823825e+01
3.967479659858180963e+00
1.049817330064071719e+01
2.007740170128804635e+01
4.200975445052384849e+00
5.095988126377476668e+00
5.138380402703329963e+00
