8.985917597466139384e+00
1.301724190658394953e+01
2.918303131283042973e+00
1.042504954296801323e+01
5.653592581619444779e+00
1.128731387895275695e+01
5.591268218980830262e+00
3.082524358565154721e+00
6.255721558123956250e+00
1.219692851269403988e+01
7.662324055632280029e+00
4.112991685982059664e+00
2.176647616112175854e+01
1.018479927908533611e+01
1.879377343153469226e+01
6.348681496267669644e+00
1.350533102510373773e+01
4.283050824255258071e+00
2.191193496429357168e+01
5.250776498892507860e+00
4.924670531208353630e+00
1.915358777094957432e+01
1.008401979156735351e+01
1.185524436959439321e+01
4.474666274412065547e+00
6.466922861466809280e+00
1.240314575842255174e+01
2.843247916145330123e+00
2.351837964379750190e+01
5.945532492284058890e+00
1.262603916386321323e+01
4.278291810511713145e+00
8.742154253760880067e+00
4.891498430012206633e+00
1.005720597161398189e+01
1.911797169121185291e+01
2.102310689963506007e+01
1.241600535883015866e+01
1.219891283985181829e+01
1.075836775124135336e+01
4.186006344355692299e+00
9.536411343904125815e+00
1.063118597157377110e+01
6.385751497245645503e+00
6.523902208515522716e+00
1.844830604732708323e+01
2.686861940202759147e+00
6.505170844923760853e+00
3.072507902393650348e+00
1.654140396779955324e+01
7.064895833585456586e+00
1.017084717283589335e+01
8.023938548811193172e+00
8.310440935510365890e+00
7.313967544494116346e+00
4.523042878538816147e+00
4.255075239711470836e+00
1.284758702430280231e+01
4.802026568216670732e+00
5.001665446659847802e+00
2.476212696113363521e+01
1.285684076153480149e+01
7.711440019051663874e+00
7.092025243887674968e+00
5.127562195453426952e+00
8.806276148593799036e+00
2.027326021646008769e+01
5.030544411060906995e+00
6.714787734348066195e+00
1.792168713593972029e+01
2.216626858704042746e+01
4.379978507181433223e+00
1.030352223412745438e+01
9.562722775484772342e+00
2.788054863425122321e+00
4.163073697326334255e+00
1.048341437481486693e+01
1.395440235650514538e+01
5.702824542548712294e+00
1.915867406471162937e+01
6.479665722430249630e+00
2.004753936611176357e+01
1.893618714256190216e+01
8.906212659312684465e+00
5.737163557936147740e+00
9.091280483891942765e+00
4.762197669754971940e+00
1.008321653318711419e+01
8.967087937828818411e+00
9.319040558038411248e+00
1.285368210626912600e+01
5.523082117075329478e+00
8.470712517105328132e+00
4.123780427085869782e+00
8.690744725268451987e+00
1.133716984609356793e+01
1.355690257139506372e+01
2.960587298485915397e+00
1.647035026399146673e+01
7.439997657597867686e+00
7.375913994321661171e+00
6.842468472055034390e+00
9.707623489738168132e+00
7.262497282001143972e+00
1.867938950286311339e+01
9.481235312813858229e+00
7.391977789708885638e+00
2.671896842019356288e+00
1.174512870947033427e+01
4.174981083054849940e+00
1.134291516925607013e+01
6.219460193425494055e+00
1.079525090002702115e+01
4.717926649869472300e+00
3.093829084150481634e+00
4.232601336842969353e+00
1.278463139410795080e+01
6.500188391447430547e+00
6.458309223648284636e+00
1.600209791154324535e+01
1.091498047817710315e+01
6.015675075147985496e+00
1.900901690128581123e+01
2.107561982566329917e+01
2.654243767511156982e+00
9.204223076385892099e+00
6.627378476270737728e+00
6.659574312029926446e+00
7.044288223898937495e+00
6.458309223648284636e+00
4.114888396798527026e+00
1.196486725995515066e+01
1.072186677385849407e+01
1.124436965146992939e+01
8.771370674518255584e+00
2.707985281250694598e+00
6.552544814809806439e+00
2.024050797855869277e+01
2.035639965814877428e+01
7.839172872076449750e+00
7.257563061436835383e+00
5.887250160668628496e+00
6.196073426827033437e+00
7.507854945986667694e+00
5.128378917760643141e+00
1.121549115646060280e+01
2.674790763081525746e+00
1.861290777138639285e+01
5.200682362933896741e+00
1.077479382402786001e+01
9.881897904591891546e+00
5.238878889307220454e+00
1.083797660363855897e+01
1.057960373225568063e+01
1.862543084635120394e+01
5.150405661151739700e+00
6.527446329115560886e+00
7.856700894393550350e+00
1.894064813848899931e+01
6.536988326609002087e+00
2.120074494675925436e+01
1.877760476884161989e+01
3.060479356880727586e+00
6.476825837584989642e+00
3.419788736770260407e+00
9.858786264329976845e+00
1.058993091210086668e+01
4.506330595040764386e+00
5.003004375897154965e+00
1.055608961158466030e+01
1.996646983621339189e+01
5.000573259728392728e+00
7.771485505548644035e+00
3.325294005085388083e+00
7.391977789708885638e+00
9.141904951125887635e+00
9.743674588787905932e+00
8.776435573981235194e+00
6.442718695900151005e+00
8.541235954898604987e+00
2.804969143126597064e+00
4.802026568216670732e+00
2.070646234272519592e+01
6.373080359569407882e+00
1.059040919296969641e+01
6.609352673519158117e+00
3.359206179364767841e+00
1.674806701099176820e+01
1.168958218880278999e+01
4.400623314316254309e+00
6.299688379494223334e+00
4.420582390747755497e+00
1.311309792876523872e+01
4.452545416659087429e+00
1.032737507276264743e+01
3.368619998785368885e+00
1.019246997362935581e+01
4.740026561692173068e+00
4.309521184458377618e+00
3.142378915290172881e+00
4.184426749895795439e+00
5.889206450406639703e+00
6.201888832476531555e+00
1.835429585968850219e+01
4.209758976816588394e+00
3.681642219874702970e+00
5.086029248196957120e+00
1.133490673871160048e+01
2.166165181853512323e+01
4.383590782087786408e+00
5.287238587285555624e+00
