9.163264092893264490e+00
1.206708606759603519e+01
2.975515286333709319e+00
1.101626401824064061e+01
6.043638370116120484e+00
1.160525629221418242e+01
5.573791991147746927e+00
3.075563253024240051e+00
5.240802293720340899e+00
7.610927707414377963e+00
3.863163319500409809e+00
2.177188538229976444e+01
1.022707189903645641e+01
1.906783971782997611e+01
6.413694983764418822e+00
1.278713036596545471e+01
4.038336804631505572e+00
2.209685122197419460e+01
5.283427427471503179e+00
5.032144922759516525e+00
1.887460902992153322e+01
1.046622237089587948e+01
1.151416047488175742e+01
4.118497107550188829e+00
6.596116548902298149e+00
1.297219057869513392e+01
8.635922985102746807e+00
2.868212105172522008e+00
2.300796409587335845e+01
1.187968403480688195e+01
4.069415753447885642e+00
8.396353993996791942e+00
4.734913017850915118e+00
1.953093121026374135e+01
2.389932824869637784e+01
1.210342805761869656e+01
1.207600795736796329e+01
1.103878426184881079e+01
4.987130909863989103e+00
3.949419261115306057e+00
1.082583450856714613e+01
6.233508444974774854e+00
6.437323152529526915e+00
1.857896087320990475e+01
2.847310219916962648e+00
6.451837960030059271e+00
3.035002711741931147e+00
1.804419935930149066e+01
7.128724477342096577e+00
1.027997680140274994e+01
8.054784004393034991e+00
7.427581173468757569e+00
1.199420186597412297e+01
4.816566119397416301e+00
1.212726638674430468e+01
2.473092783537314077e+01
1.269278031390072847e+01
7.704665735167163021e+00
7.203206560235114075e+00
4.833458379495408686e+00
7.955057642540705132e+00
8.820294858496374957e+00
1.892210239024955598e+01
2.068867579133052104e+01
4.816566119397416301e+00
6.388006465321984351e+00
8.464160340204006872e+00
2.339156030926796959e+01
4.111013534135599556e+00
1.067530488808901978e+01
9.241942662129012831e+00
3.872122299640807341e+00
2.948935111968974621e+00
3.891351156785706422e+00
9.814886067829634797e+00
1.521024193070123331e+01
1.181766735160339543e+01
6.042271677020704779e+00
1.937514467579188704e+01
6.886344802799079901e+00
2.056368093472823944e+01
1.902463941799291902e+01
8.528286249581046974e+00
8.715248810271335245e+00
4.643687487546936055e+00
9.365011941113552396e+00
9.771144157901941796e+00
8.816169767297306947e+00
1.218605903230023202e+01
5.410621222127238283e+00
8.305151307634424995e+00
3.905873759883995877e+00
8.453275739613141937e+00
1.365633798929020237e+01
2.989524965297380099e+00
1.846107157714704172e+01
7.375016992703999463e+00
7.515022466000288226e+00
6.898491801868002149e+00
9.885710589416481398e+00
6.831027363343924463e+00
7.014231007346422686e+00
1.936764202400714652e+01
8.947443938514235029e+00
1.906733080825635085e+01
7.947613665198990596e+00
2.847310219916962648e+00
1.097683844230785333e+01
3.927420495171792147e+00
1.127487979460871514e+01
6.336074466283776019e+00
1.102391992347267724e+01
4.650706503807496617e+00
3.114366344537518039e+00
3.963144479309215651e+00
1.205824498943198897e+01
6.437606898439738323e+00
6.591609523405135285e+00
1.733448935221267106e+01
1.003308400052319271e+01
5.810962465523718201e+00
2.083172195593241582e+01
3.945041862906955465e+00
2.821916824207765462e+00
6.071663522868944618e+00
9.395090518881369590e+00
5.998953040824059890e+00
8.368999436196927988e+00
6.975392593162212052e+00
6.427879014277781522e+00
3.875156486530532796e+00
1.178456146456592712e+01
1.092418704789272255e+01
1.184478337274870441e+01
8.615690167917728459e+00
2.861252511571576562e+00
6.476079156606299847e+00
2.055164715947325860e+01
8.442855332342553254e+00
6.295500185576322849e+00
5.729867238304323429e+00
7.416677311809965367e+00
1.175988669423904120e+01
5.738154706518263204e+00
1.957338888626383522e+01
5.243365738517004715e+00
1.139214937462087462e+01
9.330864476284817854e+00
1.075466198670511631e+01
1.068021082041875403e+01
1.823654714733078208e+01
5.135637141398676775e+00
3.960175387574931705e+00
6.574143858582661260e+00
7.856820029683288631e+00
1.901947252923302756e+01
6.503779573680000148e+00
2.294498533254561323e+01
1.847599491525557269e+01
7.203206560235114075e+00
2.992330901775373420e+00
8.035557677613672567e+00
3.821365148003461609e+00
9.403111530338408741e+00
1.086161559798316389e+01
4.222324211369335778e+00
4.816566119397416301e+00
1.113378850086711580e+01
2.107836220478185751e+01
4.812008591039280248e+00
8.764008877191212576e+00
9.630679265454498150e+00
3.731216706744795442e+00
8.037617093126833367e+00
9.098123985203908859e+00
9.513194311697631633e+00
8.371215859479343990e+00
6.591609523405135285e+00
8.373933517629458478e+00
2.873612458657679003e+00
4.448750382350208810e+00
1.998491645893954427e+01
6.060321529466368595e+00
6.169757677158461462e+00
1.793009902661733435e+01
8.952328639859162607e+00
1.208580942070910602e+01
4.117855666295932693e+00
6.013605721254091208e+00
4.081375346805856452e+00
1.303739358491315592e+01
4.240511766301971797e+00
1.080170476373693234e+01
3.258076211722708226e+00
1.037454929366602485e+01
4.440832606464718779e+00
4.050372053412591100e+00
1.662112773599555382e+01
2.146161639931864684e+01
3.932759328058095694e+00
6.372058244124229276e+00
6.534478867251744205e+00
1.871840256308318118e+01
3.950521555380928529e+00
4.396805340666297468e+00
4.838949472850756273e+00
1.047660418701455143e+01
2.229103544706312690e+01
4.039999628988774738e+00
4.940435092918366244e+00
5.078660380251598383e+00
