9.081311539051142745e+00
1.249124161727520388e+01
2.898886530126906891e+00
1.008946617616100561e+01
6.055791145799235053e+00
5.134465639096357670e+00
3.014383732192719823e+00
5.714918704162288421e+00
1.180391978263305397e+01
7.452605942031327757e+00
3.921609858030976614e+00
1.121243596087373362e+01
1.831974128693417114e+01
6.252128047251036769e+00
1.274692044102848065e+01
4.141213059059908552e+00
2.158986420150257857e+01
5.496627289796073512e+00
1.816284226929348122e+01
1.209712561407433284e+01
4.459786077245492919e+00
6.474745840456075818e+00
1.288728785209979577e+01
8.995971876823489310e+00
2.801299608150215281e+00
2.279452478708606122e+01
5.924567667285494998e+00
1.242295620674572021e+01
4.151802415108656774e+00
4.821686351304495410e+00
9.773578281142942359e+00
1.889164000938465193e+01
2.265235188737135630e+01
1.275558428056823246e+01
1.253416668132484091e+01
1.085972522909189131e+01
5.044870874437049402e+00
4.112865385412906249e+00
9.593967541944540045e+00
9.746370139745216932e+00
1.099954274786885833e+01
6.377763528865333598e+00
6.514827799953493148e+00
1.764282219388320172e+01
2.689351358542501735e+00
6.460115119771116632e+00
2.984964236427912088e+00
1.777407979443649211e+01
7.001116633200484607e+00
1.008160568157134485e+01
7.786982970714283248e+00
7.470870890481218218e+00
4.448747634299679454e+00
4.309212179398334897e+00
1.274055030023006374e+01
4.817717317203149108e+00
4.907035872820902256e+00
1.247164250988408796e+01
2.365975348682559343e+01
1.250709336733314636e+01
7.632883250942589903e+00
6.951932216230205519e+00
4.923582443315182466e+00
7.743532452706329394e+00
8.943093264501044359e+00
1.880956251012337788e+01
4.907035872820902256e+00
6.570390396477495898e+00
8.867715370279336540e+00
1.687149564891752007e+01
4.395307738169125678e+00
9.178439276328761665e+00
3.887856534412702736e+00
2.771199172006303613e+00
4.036696497081765145e+00
9.668068324974655070e+00
1.174541494933328956e+01
5.736280890271285848e+00
1.891834081467672490e+01
6.385535763457679259e+00
6.775661550465054361e+00
2.044165152769200233e+01
1.870550406911963393e+01
9.005281995515554527e+00
5.582691515953111860e+00
8.575249431843825931e+00
4.750820409768091501e+00
1.003110818370703505e+01
9.291834429914143101e+00
9.526455428577341067e+00
5.580519724592161168e+00
4.061323632636653969e+00
8.854152462238385368e+00
1.052629736646369096e+01
1.339091074969502948e+01
2.928497156122126022e+00
1.719477706087183577e+01
7.228984780798905163e+00
7.536398794395784861e+00
6.993544969526166000e+00
9.026810034781425074e+00
6.705084059260951079e+00
6.866620489839564634e+00
9.191806544035170390e+00
1.882251900871004224e+01
7.863832451306029370e+00
2.653170003504964569e+00
1.158475468186343527e+01
1.161996121901171364e+01
1.081097477585141142e+01
3.181806667360750129e+00
4.144962275603359281e+00
1.238393214975256562e+01
6.498766821978315456e+00
6.478437174708601809e+00
1.670719117040577473e+01
9.996447653996048288e+00
5.498785702846967993e+00
1.865720917761473530e+01
2.079213670636351097e+01
4.145953240366236692e+00
2.625131600715038704e+00
6.385535763457679259e+00
8.954580030373939792e+00
6.211842003710411397e+00
8.363340956172839569e+00
6.921709442877486573e+00
6.904784504589553507e+00
6.647828383884140990e+00
3.893808336945427495e+00
1.171423210641596846e+01
1.060086517528505823e+01
1.207638492131293795e+01
8.270894700448186754e+00
2.685783291153429175e+00
2.063646904635120904e+01
1.935283676630103145e+01
7.898078608521512223e+00
7.565146943687165226e+00
5.940056740325200479e+00
7.279605095091898903e+00
4.898635540212429973e+00
1.057857861875887906e+01
2.650987748380875253e+00
5.795674590715826469e+00
1.837658385359018354e+01
5.403499727743263037e+00
1.030546523658873603e+01
5.254761163634235288e+00
9.741063302015831482e+00
1.782840890815208468e+01
5.343447456810706875e+00
4.106820390621535921e+00
6.503436566956469989e+00
7.533129975293488378e+00
1.801353091615386504e+01
6.499301062162490261e+00
2.148524541896300377e+01
1.781262262694544063e+01
6.942300651031835912e+00
2.964403773788323093e+00
7.795961576805479964e+00
3.503843092872680920e+00
9.915312948863562070e+00
1.130749304589898152e+01
4.538008081381406100e+00
4.860929758085521080e+00
1.033245397981721858e+01
4.839030025554138525e+00
8.309621550319350902e+00
9.499290736952534786e+00
3.510618560298079061e+00
9.103031761180393033e+00
9.309323921504558896e+00
8.363340956172839569e+00
6.478437174708601809e+00
8.417709594935162798e+00
2.853874510492206085e+00
4.855415210949548310e+00
1.988412039914320673e+01
6.231190508488007040e+00
1.057480404306275190e+01
6.437821471870262435e+00
3.503843092872680920e+00
9.098137110691068230e+00
1.172248027708678819e+01
4.311970428551524570e+00
6.224097073469076591e+00
4.445203189811502753e+00
1.332682997798652202e+01
4.463270461959458757e+00
9.827802756729459688e+00
3.287405772727828968e+00
9.669954091654039630e+00
4.626563287880609998e+00
4.354342783187866495e+00
3.215638863274903780e+00
1.615940124760503593e+01
2.083573603541804076e+01
4.108582095150747904e+00
5.957297203215305537e+00
6.590640011164521361e+00
1.801353091615386504e+01
4.107772234256231947e+00
3.976173041265912644e+00
4.926652115881579697e+00
2.229114795638362523e+01
4.181371023856018887e+00
5.160471958560115979e+00
4.928185792032338419e+00
