8.865521001019725844e+00
1.205756412934070987e+01
2.902706267570455800e+00
1.067292810935910019e+01
5.660806118456539693e+00
1.095804316961157809e+01
5.815161021562258448e+00
3.001206630544999587e+00
5.957848574348430404e+00
1.169505490322953101e+01
7.843288532747936692e+00
4.119422869375934937e+00
2.175939206806211601e+01
9.619710273045640747e+00
1.862972021154190827e+01
1.384982314604479292e+01
4.195354450568085980e+00
2.239749739092749792e+01
4.996339507326299945e+00
4.920267494431398880e+00
1.833187477874277249e+01
1.029615359571307209e+01
1.112829438268753890e+01
4.579262160155002093e+00
6.651196569998187869e+00
1.297647835497957658e+01
8.661349555043438286e+00
2.863121023993881131e+00
2.347522655090584109e+01
6.209614188648715505e+00
1.219455252276651969e+01
4.199264557726456459e+00
8.402952124865080918e+00
4.586359085060961682e+00
1.040699392275033652e+01
1.994134692315004997e+01
2.292428275200013132e+01
1.089368817005410861e+01
4.759904764664369736e+00
4.292278122351543601e+00
8.874750183189098252e+00
9.906172468602717274e+00
1.115696486116352659e+01
6.568096349114547650e+00
1.745042501125064405e+01
2.866132965088104889e+00
6.634094526820669913e+00
2.974604179077557475e+00
1.737933459506087175e+01
7.118936872725186937e+00
1.034092945047247447e+01
8.132416676076374529e+00
7.576370532961608006e+00
7.133574071381755921e+00
4.348796128498249480e+00
4.392767118649258506e+00
1.243512674323818068e+01
4.616067740226908356e+00
4.683713369669748161e+00
1.219085124014931587e+01
2.515707711394332335e+01
1.316553392553973012e+01
7.398300849027840798e+00
6.981499338466377047e+00
4.760551755338418900e+00
7.888185215907732584e+00
8.838844016056215835e+00
1.861787885419294852e+01
2.083746278911774041e+01
6.550027947961029717e+00
8.479876925937453791e+00
1.742737660743399175e+01
2.416679625111130747e+01
4.380264685570459449e+00
1.062019650809675397e+01
9.311308400243074601e+00
4.119422869375934937e+00
2.896443386210305615e+00
4.255850323656937384e+00
9.648372734584638621e+00
1.407505311202472242e+01
1.161961511633203514e+01
5.605545967147666175e+00
1.936391730830881741e+01
6.434403497575562625e+00
6.902614919600995158e+00
2.059981158266626267e+01
1.920739901881368894e+01
8.601600437757504380e+00
5.953318207012530117e+00
8.348597043188165756e+00
4.423714681913240909e+00
9.568072127332003518e+00
9.099777677110635565e+00
1.220838553342083976e+01
5.130557599495401355e+00
8.251055940181821313e+00
4.277993471124085900e+00
8.492812259063189373e+00
1.105756659248667795e+01
1.623956589727417921e+01
2.889838054231409714e+00
7.549268603017421420e+00
7.133574071381755921e+00
6.588580046805913248e+00
9.456504299017510107e+00
6.363769488222803972e+00
7.251825046082928772e+00
1.848745922145499776e+01
8.588387203624655797e+00
1.847852209299614756e+01
7.432389173145097949e+00
2.847443984955066121e+00
4.277993471124085900e+00
1.118241673261647229e+01
6.293578001625794727e+00
1.082074939462369301e+01
4.451724563671404233e+00
2.977106618701569563e+00
4.292341005980013335e+00
1.219786494339711425e+01
6.508787877314712311e+00
6.574259351632211867e+00
1.665468425889669390e+01
9.853401026192633694e+00
5.957961728124501199e+00
1.886399115878687027e+01
2.112341612339142927e+01
4.288411409090928217e+00
6.434403497575562625e+00
9.424862512928829261e+00
6.494735803759749793e+00
8.332857984399124618e+00
6.552656265104570998e+00
6.981849758417844498e+00
6.525148141132279811e+00
4.174862360834339370e+00
1.051602331704538607e+01
1.129019555440186728e+01
8.209178445683182446e+00
2.847443984955066121e+00
6.690958953755909988e+00
2.151112998605498561e+01
7.592987477159899967e+00
7.091421095179189393e+00
5.835484451643647041e+00
6.275709209043156100e+00
7.493903133683528672e+00
5.387351902624419431e+00
1.127102660246107924e+01
2.856858142633731390e+00
6.074439792486231227e+00
1.839446892566436631e+01
1.103358151998507708e+01
9.483729588646321318e+00
5.851737609254423766e+00
1.024561268415514093e+01
1.072806801355038253e+01
1.770142989604350348e+01
4.887263599872586184e+00
4.303968611994438476e+00
6.651196569998187869e+00
8.009235834795475739e+00
1.866218003199242403e+01
6.574259351632211867e+00
2.171804431266059154e+01
1.799023348325284033e+01
6.981499338466377047e+00
2.943046985605472621e+00
7.709908175610273418e+00
3.187046857581614656e+00
9.063633578116160550e+00
1.085579902211568282e+01
4.575759055431119826e+00
4.720526376284261971e+00
2.095269427123787764e+01
8.365529809158863017e+00
9.511847210228188132e+00
3.154824363409762800e+00
7.566965920994716654e+00
9.022583103255273684e+00
8.313884966774271135e+00
6.587876349640932716e+00
8.429020069511032887e+00
2.856718807409440064e+00
4.616067740226908356e+00
6.199863218072076521e+00
1.076529681355546941e+01
3.154824363409762800e+00
1.659067741175420707e+01
8.801344782119581822e+00
4.372803774471864635e+00
6.192945432660727612e+00
1.340130848780519557e+01
1.046446785253533029e+01
1.039866285478900210e+01
4.503331466191752064e+00
4.420996720658552093e+00
2.984555484261469882e+00
1.845243219277084989e+01
2.211579786046523566e+01
4.303968611994438476e+00
6.158711691122315202e+00
1.836321478416819275e+01
4.277993471124085900e+00
3.885127582360999199e+00
4.720975288870508990e+00
1.035018145043827253e+01
2.246374815289733462e+01
4.321490573869134266e+00
4.880057829476613485e+00
