9.064347053140089372e+00
1.212067440923257244e+01
2.890336017108036337e+00
6.557195689898726698e+00
1.111545932596040487e+01
3.054103040131532776e+00
5.025361830757559822e+00
1.165144916189548852e+01
8.171627794431188363e+00
4.038316024341663812e+00
2.154431064876433055e+01
1.020570668778349344e+01
1.851793287295737755e+01
5.976967494053805119e+00
4.209327173976985748e+00
5.383028112830012368e+00
5.332327027858793755e+00
1.837414902267612504e+01
1.013865565900661103e+01
1.149705990879649953e+01
4.718737792745438142e+00
6.496060729081665208e+00
1.322940144076299696e+01
8.466725149824618768e+00
2.691243508963765851e+00
2.299889573962389377e+01
5.874536755516456488e+00
1.208531269749938630e+01
4.126191559598862746e+00
8.131906490714730040e+00
4.660029535103237919e+00
1.022332461971619821e+01
1.933542602651733944e+01
2.327581528405737643e+01
1.202737126954570890e+01
1.177081113065609763e+01
1.077272813568463938e+01
4.949943889476204895e+00
4.229511748194421550e+00
8.888976722829607269e+00
9.634708654351545221e+00
1.103355408336341092e+01
6.388202688176017219e+00
6.475995069873295762e+00
1.752516686356216979e+01
2.662497566131024396e+00
6.455782160299723849e+00
2.946070691219760729e+00
1.756132828877320051e+01
6.854611074005914517e+00
9.806159211937409026e+00
8.513046437262655530e+00
8.201992571482778160e+00
7.322336453052511018e+00
4.333305118257663402e+00
4.443191232748890940e+00
1.223736235243210047e+01
5.098310330040278338e+00
4.866938148032540212e+00
1.213085894945408860e+01
2.481601836179283893e+01
7.463064695234462143e+00
4.905979285823529601e+00
7.532103143210475693e+00
8.713530097324758472e+00
1.928129705821401529e+01
2.094461451139443042e+01
4.866938148032540212e+00
6.508511068320148141e+00
8.233666001479553742e+00
1.781247988114748892e+01
2.350352615525826039e+01
4.274137705712647062e+00
1.066769595357749978e+01
9.341159533409900462e+00
3.995168773516593941e+00
2.755613994199997752e+00
4.161451927678449181e+00
9.860189587563160885e+00
1.484209637705862939e+01
1.160057938507488728e+01
1.854423551021038818e+01
6.451908769343265959e+00
6.569378595444069546e+00
1.999123017667766078e+01
1.840559688172502106e+01
5.839657816013393621e+00
8.694964053337086440e+00
8.743680160036092275e+00
1.195418201821103210e+01
8.079017166830674057e+00
1.124108316411891195e+01
1.596778764085900093e+01
2.795893010185528826e+00
1.800114274611227927e+01
7.281388314927759176e+00
7.322336453052511018e+00
6.744898632084737500e+00
9.202245836931190581e+00
6.535329103070828261e+00
1.873439458101277211e+01
8.551159118684683591e+00
1.834888503560507189e+01
7.359617673274159166e+00
2.608154380415093065e+00
1.135869193574617597e+01
4.216095867711389111e+00
1.100401350231292952e+01
6.139410110315871805e+00
1.079484708340727117e+01
4.525874956239517743e+00
3.002708411567803992e+00
4.239454502210338482e+00
1.206075693879090238e+01
6.128636960739153317e+00
1.655494047299654881e+01
1.014170819089351383e+01
5.747309500733461363e+00
1.895797048843995825e+01
2.109167760142271320e+01
4.262452067680076340e+00
2.566458273378956267e+00
6.423191922757212957e+00
9.464861865888165582e+00
6.392199866719070478e+00
8.330321512827007169e+00
6.685832538436761396e+00
7.083716288759263513e+00
6.081287811442544822e+00
3.841093358245630807e+00
1.194716630517509692e+01
1.072856506387805808e+01
1.122325498280243039e+01
8.344791452789332098e+00
2.588036857396133428e+00
6.486587303878312838e+00
2.183266191665487810e+01
2.024344784638741146e+01
7.935323998955961855e+00
7.218159155123508697e+00
6.133667707781706113e+00
6.160160761435129473e+00
7.281388314927759176e+00
5.153934798107299819e+00
1.132146279124789245e+01
2.577750001958067916e+00
5.900486228886202333e+00
1.884456045082402298e+01
5.359372428392902954e+00
9.394254074214021699e+00
5.323531403783887228e+00
1.081198177881022104e+01
1.032873665733252899e+01
5.228585608676589835e+00
4.227740023532028601e+00
8.422509731676891320e+00
1.880965229970551889e+01
6.061957473620603665e+00
2.286659859765978453e+01
1.778786274710201809e+01
7.238332757888878533e+00
4.652327966596352837e+00
3.220279530049637629e+00
9.172784997193486944e+00
1.053791760034813940e+01
4.855087206496623509e+00
1.092911396196484475e+01
2.118571950392176717e+01
4.769486338653702973e+00
8.194817340300181385e+00
9.545979192954268555e+00
3.179026841484116073e+00
7.543389381402035632e+00
8.949895865053594690e+00
9.324865808400268463e+00
8.236668172657299891e+00
6.128636960739153317e+00
8.057178643908669002e+00
2.735807007643097144e+00
5.098310330040278338e+00
2.003667479865483259e+01
6.020071617675861297e+00
1.078093595343891131e+01
6.425371110111629314e+00
3.203106857226558191e+00
1.681644295062093875e+01
9.048454136790523350e+00
1.213388656573314250e+01
5.979026046922757409e+00
4.603639474307828827e+00
1.304647566695991223e+01
4.434278640635667124e+00
1.032119661813960398e+01
3.312198218603873645e+00
1.028309913342751258e+01
4.607005233447197590e+00
4.504055212364571403e+00
2.857126968155802693e+00
1.781829614841051068e+01
2.180018848244594309e+01
4.227740023532028601e+00
5.737273919614293227e+00
6.453268736622967516e+00
1.851324759894997030e+01
4.230525341858497157e+00
4.903327705147476401e+00
1.036712803470049948e+01
4.291109770200985274e+00
5.587211558647440235e+00
5.227544959068791464e+00
