9.080909523078988244e+00
3.040333451653221442e+00
1.097515016349487027e+01
5.852051651427848000e+00
1.132150181599675776e+01
5.614040871074483796e+00
3.071951837316917011e+00
1.158807269437347109e+01
7.567400417776781296e+00
2.091735929189267651e+01
1.012099188915332704e+01
1.834521099385361254e+01
6.265798949180133803e+00
1.217869808273384891e+01
4.231273537016228659e+00
2.208542641333609069e+01
5.297475758691702730e+00
4.947176881903836865e+00
1.820065727674116118e+01
1.009267285956816451e+01
1.139490327437955486e+01
6.308609117990936710e+00
1.315198132510601603e+01
8.534786123839085192e+00
2.322818899712207497e+01
5.751169398636285734e+00
1.191115927737065228e+01
4.229441695500780973e+00
8.219249583814598026e+00
1.020688298631691993e+01
1.953772628196325556e+01
2.331429298132326977e+01
1.183050547084527970e+01
1.157197632232674600e+01
1.048874086960766405e+01
4.909550492812409850e+00
4.258582134183837020e+00
8.934055790013447407e+00
9.633606128749775621e+00
1.073294227888153429e+01
6.305746933920231889e+00
6.440139452934165121e+00
1.801880723436642029e+01
2.731048488445266376e+00
6.361496757004472258e+00
3.040118779985263586e+00
7.339682652279841513e+00
1.019524470001902472e+01
7.634253875132842815e+00
8.107473386540640092e+00
4.311089252568017116e+00
4.596871885207212571e+00
1.223680028331756198e+01
5.007479826292960290e+00
4.683859274229997816e+00
1.188893304821455565e+01
2.392106500816663228e+01
1.229806973307186091e+01
6.704571465185819257e+00
4.828111805667751000e+00
7.880459665694020011e+00
8.649006167005005352e+00
1.826554973889019351e+01
2.150579713417508998e+01
4.707800711974548413e+00
8.290859577833947114e+00
1.837752842222354133e+01
2.131796413238093990e+01
4.372255433913807998e+00
1.070678036084885143e+01
9.097934209233919489e+00
4.147409949656102768e+00
2.779215716314845874e+00
9.513610342493777239e+00
1.489641128030040385e+01
1.163872508767120806e+01
5.623173863585324561e+00
1.838607162623953428e+01
6.345168554274483341e+00
7.025336284442619039e+00
2.199772504126071482e+01
1.841149377539383281e+01
8.375139714060914287e+00
5.945823486507658018e+00
8.116939694938331229e+00
4.463358432124449493e+00
1.006570602406862669e+01
8.966716673361789347e+00
8.532446416124839672e+00
1.206434913319412239e+01
5.431234278565825413e+00
8.298230293703111826e+00
4.166015266325811872e+00
8.450037983255898055e+00
1.141866466318047024e+01
1.473900656084940231e+01
3.002029778542931737e+00
1.762016412500204154e+01
7.590783153134200489e+00
7.337122924988317862e+00
6.586959032640439027e+00
6.381397025657712163e+00
7.118197832647663148e+00
1.887187502693332419e+01
8.618620645206764408e+00
1.805929751768635327e+01
7.311785301700820305e+00
2.715777048967806362e+00
1.057662515771580303e+01
4.249928477096791113e+00
1.067884929644381842e+01
6.199134269228498972e+00
1.048874086960766405e+01
4.476768929594959090e+00
3.071951837316917011e+00
4.292635784141596744e+00
1.207226523716800060e+01
6.610010135914039964e+00
1.714257206517912735e+01
9.513523227314811592e+00
5.950993250366892973e+00
1.873528328455960335e+01
4.322563627725921620e+00
2.689643928073615964e+00
6.325330672250267128e+00
9.256021297154063632e+00
6.754874416028768813e+00
8.465810563962298474e+00
6.560424327410161460e+00
6.842435330624093481e+00
6.565741429036725307e+00
4.037354816800289292e+00
1.193471597951597829e+01
1.038140078212190787e+01
8.294503090614787411e+00
2.752487977516394846e+00
6.392373844450953690e+00
2.269624630052697256e+01
2.101566351603862515e+01
7.809659007412235177e+00
7.162448708008856357e+00
6.288363611156771782e+00
7.585276757073883935e+00
5.424286317266248325e+00
2.710990511936387737e+00
6.142362410408351181e+00
1.851048708479698135e+01
5.248149330580307748e+00
1.130223794604720133e+01
9.333860241661843915e+00
5.437408018225629469e+00
1.084700242461706310e+01
1.048024147073911116e+01
1.880373784093513834e+01
5.135122260764405588e+00
4.257930388291448764e+00
6.341658874980255156e+00
1.988900098058193322e+01
6.552551774385028338e+00
2.293230091375126278e+01
1.797402172276018462e+01
6.712126741577468358e+00
3.021527721706732894e+00
6.745574702590328542e+00
3.221691539565637363e+00
9.028285133302539123e+00
4.856639384169480600e+00
4.708912442857815961e+00
1.109546995224349608e+01
2.153646407329864942e+01
4.646642476502662156e+00
8.008695603906783589e+00
9.439268562116645001e+00
3.221691539565637363e+00
7.357833500908586899e+00
9.037056145316428868e+00
8.534280229199341150e+00
6.580884963605205584e+00
8.100195250554577342e+00
2.862385635612285650e+00
5.007479826292960290e+00
2.042497675362437448e+01
6.489494952650289861e+00
1.047471921041779375e+01
6.538224336512014290e+00
3.278265729982459131e+00
1.940958525209193652e+01
8.390537039395562502e+00
1.208393507573644854e+01
4.390489152153241648e+00
6.366271306863677815e+00
4.838073493790282953e+00
1.284231715170269617e+01
4.417570456564532400e+00
1.021000519874949042e+01
3.440001505677265481e+00
1.023635138956522006e+01
4.549320913611574646e+00
4.615408962176492658e+00
3.061461729779456409e+00
1.656603874897897555e+01
2.221880774031503591e+01
5.743457172893967844e+00
6.488202491814503148e+00
4.330891886435464855e+00
3.762154077418888409e+00
4.828966159474763487e+00
1.004888260303175862e+01
2.215245171189285145e+01
5.110191485324468097e+00
5.485639546906712738e+00
