6.676612963247280375e-01
4.445581659562680178e-03
2.305461360138711391e-01
2.949938838566192219e-03
3.507664938133601279e-02
2.979549349906320671e-03
1.124157946126076203e-02
2.871176638639005851e-03
8.003856811445194189e-03
4.555230624166909520e-03
3.489196520151655653e-03
3.277992127598883254e-03
3.151637007171197331e-03
3.253275192963069919e-03
8.510547066618021680e-04
1.665175269113664805e-03
1.771392739258374673e-03
4.084995944972885651e-03
4.813815036725794215e-03
3.310470351900380182e-03
