6.575377960526648247e-01
4.558023946758949473e-03
2.134986696489541702e-01
1.714114713429171514e-03
4.436224755840005585e-02
5.631182443916759456e-03
1.842375788375584869e-02
5.830880999564860660e-03
7.612246205578232852e-03
5.474293964728238135e-03
6.206334600250875029e-03
6.072128123700119146e-03
1.973802403532670582e-03
2.579991887734166354e-03
2.101539631542850926e-03
3.449096815348157066e-03
1.548824940167334036e-03
4.738861068223557474e-03
3.071227528842211934e-03
3.614979582907071939e-03
