6.794643853976094494e-01
4.631557937808849362e-03
1.938734597915617308e-01
3.023725845125054684e-03
4.907540693691256339e-02
3.638933129286512930e-03
1.303124083397315912e-02
3.983495747335929343e-03
1.073666403930331574e-02
5.072543782085351012e-03
2.506383933740755771e-03
6.411063603175542330e-03
1.233743243745021598e-03
2.702032781871032806e-03
2.923139179812376739e-03
3.031898518986172499e-03
1.170034435175726535e-03
1.806959685623614215e-03
7.203496601374723661e-03
4.479834575493126490e-03
