6.596269393193896491e-01
5.780743162995718130e-03
2.332403399919249498e-01
1.909143911613607816e-03
2.075342789115764558e-02
5.934944297219317023e-03
1.830555657142916154e-02
3.163509253622532810e-03
8.312984417652739474e-03
4.179649546570404946e-03
5.553068986979738803e-03
2.959245033641645130e-03
2.659685720815133016e-03
6.373369522514175413e-03
1.307285990468670233e-03
5.669702943672458306e-03
2.452785512346464594e-03
3.552645397160210643e-03
4.800568794448015902e-03
3.464403734377567885e-03
