6.521906547283904398e-01
2.875491581072281855e-03
2.412075189305168121e-01
1.436133995952759311e-03
2.084924617320567733e-02
3.993908439313399034e-03
8.728453452741282564e-03
5.266026039213304519e-03
1.208430895857876171e-02
5.125868701395076138e-03
4.552251929390337473e-03
6.328973614003687194e-03
2.804950972762865983e-03
4.789223278364354575e-03
3.563990272816972091e-03
2.234232598789793849e-03
3.162376188192268789e-03
6.792526986437097056e-03
6.459791502665157212e-03
5.554071656197606503e-03
