6.649005744302164400e-01
2.490117609712893913e-03
2.245614396823143732e-01
1.271884107068531810e-03
2.491657817779061035e-02
4.529788831193454213e-03
3.513984328836856907e-02
3.925447319049031429e-03
3.349334154639630780e-03
3.459803492596462329e-03
3.929200584477203495e-03
5.196329709564053746e-03
1.725658198618259783e-03
1.467549848864410688e-03
1.374748395809739657e-03
2.693016485911413436e-03
2.454740869158270489e-03
4.082183910581899458e-03
5.091966776266748651e-03
3.439794127797820428e-03
