6.051769558779696023e-01
5.010868843398333730e-03
2.923690573974019324e-01
1.683800201079130613e-03
2.567057252545988308e-02
2.705287603810297998e-03
1.182532562729956410e-02
3.379105719139553331e-03
4.147937225725711538e-03
5.868496274214959722e-03
4.217773655089904379e-03
7.007046601884010795e-03
1.675464156526038648e-03
3.340078915293442398e-03
2.654039800032501582e-03
2.357234159842894281e-03
2.173669370403180385e-03
4.964575766670727489e-03
6.093564895780850636e-03
7.679145382977422413e-03
