5.545931201349728612e-01
3.632531609289799644e-03
3.321738471735221632e-01
3.893437428883021138e-03
2.326739273656926524e-02
4.593123044918063363e-03
1.317100795408062200e-02
3.536253342490960558e-03
9.224172162776017592e-03
3.158634308805489000e-03
5.704414572107711565e-03
4.248214169205229845e-03
1.901974065944454393e-03
6.245634704076273754e-03
3.862524176363485873e-03
4.205331863287655424e-03
1.726103885812327451e-03
7.125649566147465239e-03
6.527199852163427518e-03
7.209433248583702568e-03
