6.520553136492734936e-01
3.685671903217181342e-03
2.310507825432147055e-01
2.037871502875568137e-03
3.743899079105075800e-02
6.794150340061299101e-03
1.205420365404715616e-02
8.911655331496850033e-03
5.592014856329851832e-03
4.997270752546517994e-03
5.057265754927592685e-03
4.586435038886977657e-03
1.327648887629912563e-03
2.654944692186085153e-03
2.956865715499395336e-03
2.004071113032876959e-03
2.695616637668019153e-03
1.932654653773563944e-03
6.188950216784429303e-03
5.977621965497677270e-03
