6.324608060587670888e-01
6.248248211806468715e-03
2.374130668907167563e-01
2.072518325191634661e-03
3.117602411084069436e-02
3.677001731815027034e-03
1.794304854513211270e-02
4.039957370381513924e-03
1.664602651316650361e-02
9.105867633479151207e-03
3.850586958918005356e-03
6.745175022071722010e-03
1.774980425659950000e-03
4.503183441465772804e-03
2.706496994949849147e-03
2.810682614289277109e-03
2.773325534442783093e-03
5.644761678662425612e-03
4.886754706131572583e-03
3.521487232111740213e-03
