1.320473160021224679e+01
6.362051377082067027e+00
1.639012127862847024e+01
1.527607733398551915e+01
1.874213991398735146e+01
1.629663363472243987e+01
1.537803246701412441e+00
6.567340174053789781e+00
1.490292944338930958e+01
8.014668145729491044e+00
1.229010360053245599e+01
6.634839000541282061e+00
1.653255088170848541e+00
4.397562326809622668e+00
1.294826729662533182e+01
6.857936276049091617e+00
1.123787296453866524e+01
2.013026943833721205e+01
6.239090514403425658e+00
6.615534985330217665e+00
7.215794475023642462e+00
8.547783805990793127e+00
2.344343244029883522e+01
6.327100600261368335e+00
4.354473706864083304e+00
6.469192155764057262e+00
1.451015873920306198e+01
2.096179755733894723e+01
7.414283113056878705e+00
1.351558972976878970e+01
3.999439043716037645e+00
3.725546019489102800e+00
6.284115124822031717e+00
6.349175250106107171e+00
9.427095498229689952e+00
8.749424860252791092e+00
7.753063267547113391e+00
7.218603651202756488e+00
6.301982533382547658e+00
7.024091396477499138e+00
1.520186896783934039e+01
7.204449146014408889e+00
1.852039680167574787e+01
4.203806405500003507e+00
1.312726792642098950e+01
4.012335357382672996e+00
1.707183480449857171e+01
7.638126201105121638e+00
1.528955519422994769e+01
7.250213802679836839e+00
5.017703235592969158e+00
8.269262462033294625e+00
1.235400354947090307e+01
4.901998204234041978e+00
7.003258880887340609e+00
3.948744250253187094e+00
1.014663563364266707e+01
7.232638397379404616e+00
1.022398062906793470e+01
1.182840624443665156e+01
1.149850282071724905e+01
1.517426739989632267e+01
5.450315788369734626e+00
1.185620730219836361e+01
4.611677907404472698e+00
6.695575139187984526e+00
6.185891674921514038e+00
1.814560671331417296e+01
2.035101789711105269e+01
1.285790928292264645e+01
1.793335644001665230e+01
1.515789764350061652e+01
1.242298437579588821e+01
1.202891454883530109e+01
1.436900430953309815e+01
6.187553786534246036e+00
1.260665228677157046e+01
1.097760776041507746e+01
7.514800908247444511e+00
6.233118657521937500e+00
1.265969902819628068e+01
9.722944951100448208e+00
7.700999197978795507e+00
1.806829194857732190e+01
2.036318859119884905e+01
1.606269431350771049e+00
4.522906774085256210e+00
7.178566506210971809e+00
4.198095989597286248e+00
6.829734218315164362e+00
9.100737452302475106e+00
9.972374576255353062e+00
1.130334393061907150e+01
1.550938739677020983e+01
2.161546826434378943e+01
1.520314063898887014e+01
1.454592537712401423e+01
7.719290515917569984e+00
1.999029989661297790e+01
2.210637153024052726e+00
1.131054302187576255e+01
5.843134260691768667e+00
7.580968199716820344e+00
8.613023040237404615e+00
5.146531418270097191e+00
1.555278789889670676e+01
1.259621073621173082e+01
3.900779560656269407e+00
2.164377663897275283e+01
5.144302152044276433e+00
1.294901286279496766e+01
1.569240316361892873e+01
1.088007700661044730e+01
1.707004819597580436e+00
1.457805925956310666e+01
9.401010177507849619e+00
1.651519864963969075e+00
8.855218672229181465e+00
1.105564788854084490e+01
8.610878874883477252e+00
2.002749008128473562e+01
7.089981912981541790e+00
4.562513008997150621e+00
6.635611808668642198e+00
8.445942307334524557e+00
1.831079165919704010e+01
1.638095228832180172e+00
2.126770919010355243e+01
4.096390536866154619e+00
4.723630711399799509e+00
3.463145595346199812e+00
1.843155696489197126e+01
1.722543368745737169e+01
4.702653785929566510e+00
4.482147865486371785e+00
4.400454519893172822e+00
1.902170876505511288e+01
6.185541061828399911e+00
1.932052294254775049e+01
5.307173878928393762e+00
1.349077038402466400e+01
4.679981129294178643e+00
1.553126251326915686e+01
1.648275715090818139e+01
4.251876053325423399e+00
1.170628190904390742e+01
8.000520387702865222e+00
1.345165731886044291e+01
1.908336785326547158e+01
1.779787485118196955e+01
4.913873632838937411e+00
7.504221102362062190e+00
9.788140129216523988e+00
9.365111416472528205e+00
6.613950219456026680e+00
3.014516035526164206e+00
6.455399477721198487e+00
1.803894248218190999e+00
3.688156614317094295e+00
1.024150086008928362e+01
6.903794191841528871e+00
2.577607518182805180e+01
1.743486058753273893e+00
1.987728965735697884e+01
6.693523987200386216e+00
4.039439635059836498e+00
6.101394750233747999e+00
1.484838449941187299e+01
1.374510251366580427e+01
5.328255734674705479e+00
9.126758650291982633e+00
6.433509965087880644e+00
8.706395948259538997e+00
1.940637467903376390e+01
5.021905609249526670e+00
1.142868219658085494e+01
1.206810344632491905e+01
8.936477662972073688e+00
1.702197617355277082e+00
8.494298827007160213e+00
1.656298441838158908e+01
7.390638056075633955e+00
6.953501136624278267e+00
2.080839786736551567e+00
4.720644567424180593e+00
2.086179975335497616e+01
5.177348395836943062e+00
1.278186492353075820e+01
4.058376799854407579e+00
8.085957881109747447e+00
1.404908455360681963e+01
1.144680846610924796e+01
3.465629813130040482e+00
1.596066354165781753e+01
5.241522373241378929e+00
1.073593340706583810e+01
6.869219341603058915e+00
2.056829835086293468e+00
7.601958115347851042e+00
9.900760352311818835e+00
2.031531851207778061e+01
8.991164786911944873e+00
6.443333523560945686e+00
1.334333455155519665e+01
2.098780884619342046e+01
1.165076786973335921e+01
6.525736972552866888e+00
5.209782502198878618e+00
9.555209148057405955e+00
6.493074536131349106e+00
4.091858251093235310e+00
