1.348840066059971221e+01
6.121994275392153462e+00
1.533649719484744267e+01
1.522569176672429592e+01
7.610313943382120527e+00
1.909684050612036188e+01
5.775570150993346807e+00
1.647582207814079069e+01
1.591577729807272634e+00
1.599173520459719944e+00
8.470298608654394101e+00
1.202817338312033613e+01
6.327885635285798394e+00
1.588584489623901863e+00
4.112728057946569926e+00
1.263768875770551858e+01
6.333111722672115640e+00
1.045473298860088285e+01
1.993188495497894408e+01
1.032976837496293143e+01
5.904567612195933179e+00
6.355473537140096774e+00
7.381909739548442317e+00
6.420043227383967377e+00
1.325949686083280454e+01
8.167585180837505732e+00
2.451748483391536126e+01
6.351630010268927151e+00
1.370492135933956668e+01
1.035489622475937566e+01
1.369649820993923406e+01
3.768164185407294919e+00
3.454809645275013441e+00
6.057349594860297337e+00
9.464054163969317202e+00
9.079198423246394256e+00
8.380106142897098209e+00
6.562883922930572211e+00
6.418650570370858510e+00
6.152083993700465214e+00
8.946170893172073590e+00
6.833374772455318436e+00
1.833276025810562260e+01
1.360594771967048899e+01
4.435457225659050984e+00
3.073731032656331408e+00
1.798400997099600218e+01
7.104193775306940850e+00
7.792631948252022767e+00
4.465468411519254666e+00
8.247341911777043677e+00
1.231427654516024894e+01
5.463477771497167623e+00
7.933144814461216221e+00
3.741525630974962269e+00
9.997720305765007254e+00
6.876225611385020642e+00
9.779904102349552986e+00
1.219634249811550930e+01
1.100225366786884251e+01
1.393244186538606222e+01
5.021671474564078252e+00
1.173984593940483556e+01
8.367626215327531369e+00
6.716635866636521790e+00
6.918770743958531533e+00
1.882907922149876256e+01
1.972289586241491577e+01
1.225480409911727264e+01
1.672649836053361838e+01
1.465274615869619268e+01
1.287875075395132107e+01
1.084481842672039598e+01
1.342280154966632999e+01
5.987622137849800907e+00
1.226439747487089704e+01
1.117960631747759592e+01
1.784897447665688475e+01
1.299597467544282381e+01
8.883898641587759215e+00
7.056498198454623783e+00
1.848579070683500447e+01
2.012310743158308668e+01
1.824148263156977867e+00
4.750170641282752015e+00
6.652484194990750055e+00
3.249289134575698679e+00
6.835452149864294391e+00
8.477169828766552229e+00
9.974731954162535885e+00
1.109612224208839315e+01
1.552496695726869724e+01
3.240232444716633520e+00
2.122672883963766211e+01
1.556581300238332943e+01
1.668780134332391185e+01
7.247707586818081360e+00
1.986518648028231127e+01
1.269849534776908762e+01
1.807499668185070973e+01
7.267881913984329145e+00
8.761699426479383490e+00
5.731147986348546830e+00
1.537802510554056390e+01
1.204660723513208964e+01
1.316406682507838966e+01
3.748929761443173803e+00
2.111657740430882413e+01
1.283792251643606264e+01
1.491003782217497431e+01
1.039746038025333696e+01
6.053030536748285506e+00
2.916212488566570116e+00
1.780475649266058724e+00
9.305231797714682784e+00
1.576141381938496400e+00
9.377572655604868856e+00
1.253691272009331392e+01
8.803359006102988715e+00
6.726855925928362012e+00
1.988197698514190037e+00
6.454230078399997517e+00
8.381530169939114927e+00
1.885377107325321688e+01
1.632946610629812945e+00
2.060456817101042404e+01
3.907951881673490835e+00
4.834619188022438507e+00
3.271247255753708227e+00
1.881711982403107797e+01
1.707977012898783542e+01
5.232406851552317661e+00
3.740897512011464254e+00
3.842386851416749849e+00
1.895187311412335873e+01
6.077318727037708257e+00
1.918791687172853244e+01
5.111612646162623008e+00
1.362524231118343465e+01
4.773859940378438083e+00
1.595732019245247102e+01
1.653598749630158693e+01
4.905220855348184195e+00
8.205832244232599493e+00
1.630498019996576176e+01
1.294254934887231911e+01
1.952850495955937760e+01
1.768406531753235811e+01
5.309340117836010009e+00
9.724453800989691032e+00
9.791525481524638863e+00
6.563976660160887988e+00
3.143426292533640254e+00
6.032137015825598247e+00
1.684603895423390174e+00
3.446870274321976346e+00
1.055860549302683538e+01
6.636050693976041082e+00
2.635277918909308426e+01
1.910085917452043480e+00
2.072281018053931234e+01
6.243174949845954558e+00
4.424176591500658340e+00
6.122137094488369513e+00
1.354972039729433675e+01
4.995226827134100489e+00
9.043060748471086541e+00
6.172818379026502988e+00
9.293620402476134856e+00
1.945094932935759502e+01
5.270217379593656659e+00
1.098797066496492825e+01
1.193573000810432561e+01
8.536984326901652764e+00
1.680465860934201805e+00
8.629796318058762239e+00
1.616942643449845107e+01
7.583212789151548172e+00
7.399096787844556822e+00
2.271371621661063323e+00
4.676061942517552694e+00
4.927705279846588127e+00
2.025050887530701260e+01
4.804400374100012527e+00
1.856883404320485909e+01
1.469264249786244392e+01
1.221442100898081407e+01
4.517688952484880005e+00
8.290273844918621293e+00
1.393280566929232478e+01
1.117184927778457748e+01
2.873918918086862284e+00
1.528813667438207169e+01
5.396433115645868028e+00
1.033263378125102427e+01
7.437986036599044226e+00
2.084250931857041778e+01
2.045024621553654498e+00
8.037059902512726950e+00
1.025873318657695421e+01
2.025029216415010325e+01
8.932272928470094797e+00
6.101124803562867349e+00
1.391452190968406022e+01
2.037210853201239757e+01
1.143992427156672242e+01
6.323230680337156073e+00
4.600688555501259103e+00
9.756467263687815361e+00
6.399344778989341620e+00
