1.343638930316889457e+01
6.598503416470578919e+00
1.595856366526517434e+01
1.601982312410977016e+01
7.563900880306629659e+00
1.857851572278168106e+01
5.705919124144820387e+00
1.575260125635563924e+01
1.899573675606213152e+00
6.493352057270315392e+00
1.895364638912907740e+00
1.444364391600537978e+01
8.596485286758481337e+00
1.186972232028005614e+01
6.556283300911026402e+00
1.971493817965617179e+00
3.957230372297854792e+00
6.696563981471150839e+00
1.151524032540558373e+01
1.935236321846733887e+01
9.958880630735773565e+00
6.208519507267740600e+00
6.303339052532877851e+00
7.012598021169179852e+00
6.275956391420165481e+00
1.374432633388348890e+01
8.560737046620388924e+00
2.381740977126711556e+01
7.040693452596458179e+00
4.681517739218893581e+00
6.505530458443510078e+00
1.440986455628984153e+01
9.717096828644661954e+00
2.065245261139671484e+01
8.126205573228318713e+00
1.388769531663795043e+01
3.660505694899303553e+00
3.343503511144895857e+00
6.225826714774605364e+00
6.109904269033763491e+00
9.474111998366135268e+00
6.454384691798741969e+00
6.667269548038392557e+00
6.599781053726205826e+00
6.113964853804069399e+00
8.721567278312745586e+00
1.519653696229106998e+01
6.789913715006503203e+00
1.823999619616833456e+01
3.895512266897466880e+00
1.311992796105614012e+01
4.503959849890820877e+00
2.699527746348031165e+00
1.761758882752087985e+01
7.300101239287723587e+00
1.547449644884110320e+01
7.708452726479073647e+00
8.467122148562101103e+00
1.343313275159961684e+01
5.207177461624996617e+00
7.641684194200004221e+00
3.601077129631355067e+00
1.048585562364798562e+01
6.710977327266882675e+00
1.096774521356444509e+01
1.224093312812360779e+01
1.101326019813675039e+01
1.408180200051588571e+01
1.274608411552454790e+01
4.300425514258964022e+00
8.322002526382235033e+00
1.872616479906653097e+01
2.034127789256291763e+01
1.163595499315194814e+01
1.660255353881250073e+01
1.447817807485663266e+01
1.317557430218065306e+01
1.171597102203701546e+01
1.347278639262337663e+01
6.179552360514338538e+00
1.350557128307888810e+01
1.087900847675296134e+01
6.958399474643137239e+00
1.742765235002865154e+01
5.767223449558172454e+00
1.311584957680115338e+01
9.406801145729874136e+00
7.049546216224228168e+00
1.820546371984056222e+01
2.025439858732528009e+01
1.870242257454770352e+00
4.749940955896014394e+00
6.940121949624541209e+00
3.793143023524932378e+00
6.449867580309127213e+00
8.467204547263095904e+00
1.063138856216737160e+01
1.074546527346633695e+01
3.223876433623160676e+00
2.124555110917997780e+01
1.512649510181960721e+01
7.203791727455908678e+00
1.958006917401344182e+01
2.425288055370063756e+00
1.259979697086068207e+01
1.756363928858049306e+01
5.748796531117247532e+00
6.756659113043019360e+00
8.961556403141864635e+00
5.230896216829628464e+00
1.569252844420353377e+01
1.193673391794762217e+01
1.373365078437266718e+01
3.574984038579039680e+00
2.119147909181885936e+01
5.186509943227609831e+00
1.341093662126688457e+01
1.546912835733731839e+01
1.078310079822220402e+01
5.587919754837989750e+00
2.576484032297437832e+00
2.075803442438920232e+00
1.430011335124773453e+01
9.048672309432721050e+00
2.088790816599796152e+00
8.628703217749210452e+00
1.280018495156684288e+01
8.881607390095689780e+00
1.926402453901582135e+01
6.795062836313359611e+00
4.916673447086603588e+00
2.195671510541910454e+00
6.094621708465649768e+00
8.314765736634900151e+00
1.821137830884171649e+01
1.848681455809396246e+00
2.083399042189129347e+01
3.558700146497556727e+00
4.906700517370637726e+00
2.909465694941399061e+00
1.910038660154184598e+01
1.820146577422228873e+01
4.106802720735451828e+00
1.870192743740611263e+01
5.927195074984256351e+00
5.172324555129510948e+00
1.407491146496875878e+01
1.543205199082465384e+01
1.610698381023744474e+01
4.657395087837761238e+00
1.214004917500475500e+01
7.891083575874151101e+00
1.674348100242768211e+01
1.321735756021352515e+01
1.926154415555741650e+01
1.766626240139569859e+01
5.014795449864807964e+00
7.735218813796291393e+00
1.007082057785137152e+01
9.900454204244741874e+00
2.686121414068091795e+00
6.133789617051983001e+00
2.033692168537259981e+00
3.572832434106540056e+00
1.019185428510848368e+01
2.557960963345976779e+01
1.996615683701378785e+01
6.402336154232107113e+00
4.223050847946744568e+00
5.886828556960565173e+00
1.612669121222123891e+01
1.364492967546341617e+01
4.950767827629686479e+00
9.460910092473866939e+00
1.889914318197650900e+01
4.961704419246530051e+00
1.087327759357108370e+01
9.774267002309363406e+00
8.878382639348673777e+00
1.697312859177350575e+01
7.365462361613317910e+00
8.044023831066750674e+00
2.228345746829928586e+00
5.130242993591980216e+00
4.652913566969679948e+00
2.035149474927916202e+01
4.985503869652323949e+00
1.827084218825473272e+01
1.417766622495648043e+01
1.423075150371737507e+01
4.533141760821546740e+00
8.145052859194828798e+00
1.327655225248561877e+01
2.604877596014541830e+00
1.615422708940898389e+01
5.074113233419478064e+00
7.199203593893356512e+00
2.078014988296821741e+01
8.436014144342962595e+00
1.043870068766623049e+01
2.033821388582897427e+01
8.905238207642774739e+00
1.472199988504913826e+01
2.092326789430275014e+01
1.203696626474835440e+01
6.343475647462406997e+00
4.587907549571072607e+00
1.015152290974291915e+01
6.324277159919274638e+00
4.499514328263266805e+00
