1.206162730754178014e+01
6.600883375267699194e+00
1.538824009175436025e+01
1.542993448869958506e+01
6.886493983833414489e+00
1.924501878002208244e+01
4.834228568591786512e+00
1.597927249499507951e+01
6.778795229525099053e+00
1.668562551642500225e+00
1.495263167272630689e+01
7.226664031952944711e+00
1.075811879119392600e+01
6.591950937578544334e+00
1.806348522290311287e+00
4.334868911821650350e+00
1.351815163245471041e+01
1.109435274028319185e+01
1.926189250874191572e+01
9.060918195718356216e+00
6.228638076845036231e+00
6.512890398696791650e+00
6.805256637383249263e+00
6.372395498172503281e+00
1.410516485809844056e+01
7.740860463882879294e+00
2.475818545749143240e+01
5.867586889603631839e+00
4.188559517170859614e+00
6.628742052574262189e+00
1.492488220298371360e+01
9.514159031868208771e+00
2.055726790128900916e+01
6.850583678316630731e+00
3.646820936136094371e+00
6.352648682564044691e+00
6.345658431708036673e+00
9.779541809408662800e+00
8.997644724946296080e+00
7.072753752614266531e+00
6.533438448586784020e+00
6.438450897964432151e+00
6.736895870470700487e+00
6.159645014563327692e+00
8.120442235873657211e+00
1.494269678583803618e+01
6.735890573188728858e+00
1.835130524417112241e+01
4.173701794886948591e+00
1.280361684259663058e+01
4.041757818760213894e+00
3.144961760227501291e+00
1.769679669709192993e+01
7.395545379815774645e+00
1.552231639712647571e+01
7.481946298358755243e+00
4.559885556366145565e+00
7.879828339842207541e+00
1.263833944091443051e+01
5.564840507138748116e+00
5.959704932979146719e+00
3.522338560959806131e+00
9.020275743019354309e+00
1.069950668556220030e+01
1.261794520048079704e+01
1.002544377361198435e+01
1.511654087558096471e+01
4.965599605879549294e+00
1.229993959310451856e+01
4.311423584689333843e+00
7.381641767298026124e+00
6.711615080354423668e+00
6.315840338641020679e+00
1.762485585908023822e+01
2.001753291990034000e+01
1.332885548408101428e+01
1.681720761431632738e+01
1.542601633831235652e+01
1.318378266446351788e+01
1.041202602113758502e+01
1.485840961825453910e+01
6.218905115598086120e+00
1.256713502416458184e+01
1.312727531863619745e+01
7.248369569984355110e+00
1.636966168282554079e+01
6.011410739151902938e+00
1.321350698180724592e+01
7.543756947844109106e+00
7.298401267530799430e+00
1.778337611740621327e+01
1.977273596913085640e+01
1.728645341745980391e+00
4.592600972810875426e+00
6.450237667733863312e+00
3.414393850483929072e+00
6.640087206138774789e+00
7.525908538819971128e+00
1.599755594099433864e+01
3.682109871525546030e+00
2.097403518343131168e+01
1.517470284144397041e+01
1.497871690811956036e+01
7.412354008698514463e+00
2.085568301742294572e+00
1.224131126435457162e+01
1.676363174605447171e+01
6.230062922464870034e+00
8.104350728754031508e+00
5.815517289200188067e+00
1.570499214474220651e+01
1.345594012705587517e+01
3.556385269069238575e+00
5.511454089487262564e+00
1.361719262901404548e+01
1.549843693674847422e+01
1.126867729167055643e+01
5.992584085664185878e+00
2.752888066914080056e+00
1.976197142221860714e+00
1.390540849229163811e+01
1.770448024957762545e+00
9.370973474863431463e+00
1.392666132699906001e+01
8.618838555742291518e+00
2.079662958654736826e+01
6.745823868353102881e+00
4.452560896603538154e+00
2.050264888701213817e+00
6.076773318613470920e+00
8.497624089852932272e+00
1.858194184617098443e+01
1.662669677991162276e+00
2.096909997704897322e+01
3.853059574093729012e+00
4.550720842974985914e+00
3.363140811549566678e+00
1.785787732748274692e+01
4.650531959534975890e+00
3.987049973010059034e+00
1.808812410703739104e+01
6.050804460239804783e+00
1.712914892936836964e+01
4.828596142815069214e+00
1.353168263601793875e+01
4.391284727719722447e+00
1.629091059504886374e+01
1.606916857962812628e+01
4.165902917195563049e+00
1.344055871402686009e+01
8.391928593721196705e+00
1.673673892086296888e+01
1.805158966415392641e+01
1.721111010986843581e+01
5.562931288420442932e+00
7.652380413901471279e+00
9.935009404389747445e+00
1.000124190881416197e+01
6.388397272665973681e+00
2.924940396579447821e+00
6.006968745741349203e+00
3.678747582331837851e+00
1.000487074530318310e+01
6.304172684248275260e+00
2.668783883669657087e+01
1.666330770520477067e+00
1.959237462671276475e+01
6.428324534949519276e+00
5.107788475519369875e+00
1.511816230261869798e+01
9.108782928017255642e+00
6.275016071621484670e+00
8.698480349727356398e+00
1.804267325933751209e+01
5.577545107782921896e+00
1.013606258247363989e+01
1.147341397243920724e+01
7.566322665157382943e+00
1.891855239173226177e+00
1.650357009979294531e+01
6.736456123580325084e+00
2.384907856208989152e+00
4.715054338291657210e+00
4.663372402332625732e+00
4.377193392223527546e+00
1.799467476483941653e+01
1.486087501602545835e+01
1.310372280549322710e+01
4.160930819381431611e+00
8.480101657776655699e+00
1.294577747974385318e+01
1.230612650836043898e+01
3.065617213506407701e+00
1.586890659165470119e+01
5.430103094789270557e+00
1.078163489769299588e+01
6.312827286923988979e+00
2.061749712252102640e+01
1.879949606752300717e+00
7.567065225220277469e+00
1.085616246398050322e+01
1.976263709726851658e+01
6.267833382304558221e+00
1.402920888349710893e+01
1.996906265442624928e+01
1.193285694485560988e+01
6.548555471270078421e+00
4.962199509077599657e+00
6.430588601983222574e+00
4.137621764725220253e+00
