1.422051598665126981e+01
6.426407878656053008e+00
1.596280106195672666e+01
1.733647841418242308e+01
7.275624492219461281e+00
1.949525814007195379e+01
5.187811042014299545e+00
1.583677711407838373e+01
1.595051863473027076e+00
6.436600890176887191e+00
1.698717743543818326e+00
1.465849425421073171e+01
8.571147604672333387e+00
6.569177681051945328e+00
1.860300258281793573e+00
4.471209458951438620e+00
1.228347876353696932e+01
6.822892480191128151e+00
1.131479084965986814e+01
9.558400896829420290e+00
6.317770747513518081e+00
7.177954308014821372e+00
6.532333625495916785e+00
1.464606734316900116e+01
7.891649320819735358e+00
2.518173869632425621e+01
6.547847259331246228e+00
4.617536799507934830e+00
6.497815149071629826e+00
1.420770842944654788e+01
9.553016756025261458e+00
2.102556357542515286e+01
7.406965590578499459e+00
1.317409743225652541e+01
3.620753959557916790e+00
3.643910274669606153e+00
6.399363789385771106e+00
6.057342624956654653e+00
9.693481627441462578e+00
9.233871038255587749e+00
7.505982902606588958e+00
6.663952100059051809e+00
6.219770850379705784e+00
6.342952251230496330e+00
5.740312364114029897e+00
8.442871262952561295e+00
1.505598449857322052e+01
6.546410211970436599e+00
1.818716528137020916e+01
4.180219142122025389e+00
4.602702010364448704e+00
3.067702921230670565e+00
6.905542388412163390e+00
1.539157404651928118e+01
8.366538617689029067e+00
4.641119066572659158e+00
5.535435875142878714e+00
7.452996189030352880e+00
1.087287595143382468e+01
6.619365505570665498e+00
1.047688522659143295e+01
1.306380068167324460e+01
1.471721408972327083e+01
5.152455032178751004e+00
1.156140129540066930e+01
4.766338210262758501e+00
7.936443667737080432e+00
6.840181998471694058e+00
6.680232570895604738e+00
1.882957835608711505e+01
2.012716088016259874e+01
1.150052191653773015e+01
1.722580810482593350e+01
1.459264543623609178e+01
1.248944455862146441e+01
1.138869602039808093e+01
1.295235857725698203e+01
6.143675993172593053e+00
1.248735815988728248e+01
1.088569666586985640e+01
6.904343932645497617e+00
1.724228412622415263e+01
6.346004847805611249e+00
8.833681542814140641e+00
6.907718829164927854e+00
1.824714746042842251e+01
2.040534589246475505e+01
1.697322548390320707e+00
4.967690747093310044e+00
6.479351373977724649e+00
3.595257784453064431e+00
6.460285005140130821e+00
8.418966315827031366e+00
1.050763969296852274e+01
1.074196818694260713e+01
1.584743203473767537e+01
3.264487195599218072e+00
2.186947929416675507e+01
1.537591600085377941e+01
1.704317889779023076e+01
7.027998579095393161e+00
2.008199947349708125e+01
2.232410009916938165e+00
1.394581296634024703e+01
1.820515642324621552e+01
6.536883171900517375e+00
6.766627239720570230e+00
8.246104641704382843e+00
1.591479330321896413e+01
1.205752536288469656e+01
1.270620027649965955e+01
2.091749859304492887e+01
5.522730137337919842e+00
1.303845201391509789e+01
1.523357772113593178e+01
6.062445018258490137e+00
2.912206899462682852e+00
1.464737916387319494e+01
8.168910969682938727e+00
9.209057957657856619e+00
1.207335189894084593e+01
8.943996025971104658e+00
1.930155680891916248e+01
6.655564217765759238e+00
4.835042663121361883e+00
2.232099587429325460e+00
6.109174684922404452e+00
8.855140943146723842e+00
1.848451498002851778e+01
1.778445829651318810e+00
2.114002166266730143e+01
4.141050642291091322e+00
5.048745567000299417e+00
3.407006370795262917e+00
1.890833853711822599e+01
1.769920421542205347e+01
4.787833863278417645e+00
3.863856477599227901e+00
3.955182066574013167e+00
5.942474273593517431e+00
1.805882670294602477e+01
4.972294975488140700e+00
1.379989547471852518e+01
4.546307876970314688e+00
1.627964997537589298e+01
1.638575036472980528e+01
4.484964728609161178e+00
1.254292200251616052e+01
8.615216004562334717e+00
1.726245934952784111e+01
1.369808060994906818e+01
1.991393446605025375e+01
1.800185284186284562e+01
5.352160168232273918e+00
7.353458320205674248e+00
1.012912571248816462e+01
9.729430372477779088e+00
6.257294845207338696e+00
3.180043330398398371e+00
6.316662430546337248e+00
1.886871293229568813e+00
3.684422032780366507e+00
9.242421953466468665e+00
6.682806717981608635e+00
2.616244281300555841e+01
1.791491887227182556e+00
6.203874749472134020e+00
4.453883045738422197e+00
5.495956972560764875e+00
1.616666168962681738e+01
1.405064460530748249e+01
5.039580176529992350e+00
6.073897240799069230e+00
8.980334847036468560e+00
1.866880557056511947e+01
5.296395120252157973e+00
1.067819781243427713e+01
1.227516657349487161e+01
9.002634693538135835e+00
2.075221494842903525e+00
9.099826804686376391e+00
1.686304814417977838e+01
7.441855689385037387e+00
7.803740215362925170e+00
2.359051756325977411e+00
5.273599598056215143e+00
4.776951945101099994e+00
2.089739879768881892e+01
4.893532894615329809e+00
1.847840167852399063e+01
1.510969526075124492e+01
8.756450083185322697e+00
1.130250639800975954e+01
1.550419689907682574e+01
5.414921774796686016e+00
1.023716374423277919e+01
7.624338300254604128e+00
2.139286996857441991e+01
1.846744902194094706e+00
7.841550183745758851e+00
1.007938351958532941e+01
2.037625679210817253e+01
9.940434039518930120e+00
6.265101445890101317e+00
1.331445918855442123e+01
2.156733883270601737e+01
1.168797410359830025e+01
4.552845362197642132e+00
9.814725077585814361e+00
6.215255087943623913e+00
4.490590098273641750e+00
