1.303170296112604021e+01
6.174314329127805756e+00
1.590774691915555472e+01
7.246289999594565323e+00
1.849388945974039444e+01
5.367752634491132824e+00
1.618538075859652636e+01
1.393058703330436465e+00
6.476526908194451870e+00
1.481213883581598445e+00
1.424801921529873283e+01
8.562223172133654359e+00
1.193796806963260160e+01
1.628849230587767316e+00
4.400435236652207927e+00
1.378842510322424531e+01
6.873622763715633965e+00
1.103661731492982412e+01
1.996132473849421274e+01
1.028526455150017860e+01
5.952222948471405317e+00
6.253142114431391008e+00
7.165670672675537034e+00
6.211220922157243862e+00
1.396538861790734387e+01
7.879205761217779269e+00
6.787794016752546788e+00
4.451766210237026122e+00
1.424517170187753656e+01
9.601215500311525375e+00
2.055667372571758378e+01
7.181371114646013076e+00
1.285523847142829723e+01
3.484861264749504972e+00
3.629128084157449585e+00
6.126770360702747276e+00
5.943983123916034117e+00
9.446917424471694247e+00
9.542086943489405115e+00
7.284846114693078079e+00
6.028120969003530227e+00
6.777822393566955483e+00
5.831290976365487211e+00
9.283201123717894632e+00
1.474572184353673876e+01
6.857396503477151128e+00
1.744196775381651321e+01
4.329606711205076230e+00
1.235192590561038983e+01
4.365170991095478570e+00
3.257847966750367252e+00
1.698149909956801196e+01
7.056713560519176198e+00
1.534654093065774383e+01
8.148045943433707805e+00
4.706611577950318370e+00
7.999799368822777978e+00
1.288671322470668024e+01
5.365219961809339466e+00
7.363712631182818491e+00
3.606902235602467588e+00
1.057808997668180773e+01
6.768725100990590882e+00
1.045419798662277877e+01
1.258668413478176973e+01
1.130556476628928309e+01
1.439549072423268150e+01
5.216731347468448909e+00
1.229081906635102683e+01
4.865278396333163613e+00
7.862020496413317794e+00
6.675478011457637528e+00
6.433721624973804509e+00
1.889434554459039362e+01
1.213162178243647560e+01
1.738809573025320176e+01
1.499823840691821886e+01
1.187016610126223526e+01
1.258902019617670476e+01
1.105594202164418682e+01
6.973303456374643439e+00
1.569096690648462911e+01
6.242250978962252006e+00
1.312758626332949952e+01
8.861960461860196148e+00
1.814729281797065497e+01
2.073038577790627812e+01
1.499198390227264976e+00
6.515951284124656517e+00
3.248667332762203763e+00
6.522277913316887776e+00
8.454143984477804352e+00
1.065126710604497973e+01
1.125520013585490986e+01
1.534018843287742051e+01
2.914867084505254446e+00
2.147413587870685348e+01
1.455510730161657840e+01
7.110879845382240383e+00
1.997711680624112063e+01
2.153600263867844422e+00
1.198799607589016958e+01
1.606162043405046091e+01
6.207858981868906056e+00
7.146097136540253025e+00
5.549608410097151001e+00
1.532724587575825836e+01
1.154865427704323366e+01
1.303464617787827606e+01
3.961281343708965341e+00
2.070199332702879147e+01
5.371242340343653332e+00
1.336624528098825593e+01
1.538523303436876155e+01
1.131052669762278740e+01
5.715591892389695339e+00
3.020282502556003834e+00
1.721469618491704878e+00
1.461350710285285004e+01
8.593994828324401425e+00
1.585339965032293241e+00
9.126927594852567438e+00
1.244274494137867748e+01
1.927225500867191954e+01
6.647050697056362090e+00
4.864753147745801698e+00
2.108852445456308899e+00
6.183196673459264936e+00
8.015695765113505900e+00
1.554968397338106767e+00
4.115910107208881286e+00
4.618789387534297575e+00
3.192662652035860305e+00
1.848591935041442724e+01
4.838541782648196232e+00
3.777014759649027997e+00
3.602379017648039028e+00
1.880319749263995988e+01
5.935934118603267251e+00
1.885778027020545977e+01
5.014895570261669100e+00
1.341368777964044590e+01
4.516821193131133505e+00
1.504208985507146323e+01
1.606746301301850011e+01
4.388854525872959655e+00
1.200830096742778785e+01
8.263017589720707434e+00
1.624018356468285518e+01
1.363807004157927416e+01
1.747887037385811837e+01
7.535292815519495591e+00
9.520256368725133811e+00
1.023698476342122454e+01
6.230539640861724848e+00
6.324719368902330885e+00
1.668814899029371857e+00
3.407123711831888890e+00
9.481345795167731794e+00
6.558340507368723316e+00
2.597399856669838414e+01
1.465003739887223544e+00
2.002052880276316316e+01
6.287631023854548751e+00
4.484752539321941178e+00
5.756906992225218289e+00
1.407337436797034158e+01
1.365229269412627922e+01
5.022703355950338455e+00
9.417865384114666227e+00
6.143424710357678897e+00
9.907750051136696712e+00
1.884834688110375112e+01
5.294909574322868018e+00
1.075229563243770414e+01
1.154645867524130587e+01
1.744164809687051676e+00
8.056780770124873925e+00
1.650372110354506106e+01
7.310569839802842473e+00
2.225215579883839112e+00
5.236990514561569832e+00
4.554415496988634793e+00
2.082035134011379895e+01
4.784134369467519576e+00
1.743129754155694755e+01
1.449241255218267455e+01
1.343130283124942004e+01
4.274810603123524899e+00
8.347198224011837198e+00
1.367190891146810650e+01
1.168864996532615663e+01
2.815456713540439360e+00
5.260510803319390583e+00
1.063623464847423961e+01
7.053055302888250999e+00
2.095631920209850563e+01
1.584704305643587441e+00
8.463467905934908941e+00
1.084655720390281353e+01
2.004602593583638992e+01
9.346486331356047117e+00
6.215730736993799965e+00
1.434280057834384969e+01
2.026922674315579087e+01
1.182971968470320157e+01
6.388807376436851371e+00
4.828678196168345593e+00
1.005189718918395769e+01
6.265262684508019930e+00
4.365380104435071296e+00
