1.269270448897535708e+01
6.236435538840231274e+00
1.577549986106018665e+01
1.510790464821314494e+01
7.162972458566322587e+00
5.843640342596973625e+00
1.581571863655841526e+01
1.462067352387198538e+00
6.498705515390100551e+00
1.616734860476161328e+00
1.426126744029397919e+01
9.021959301361112793e+00
1.194511489463324239e+01
6.741774124093338649e+00
4.284882743591769128e+00
1.342335190258437549e+01
7.071949612651564188e+00
9.675784427488574480e+00
2.006263252621917914e+01
9.839699887270903389e+00
6.073575990776300060e+00
6.330259752505793536e+00
7.292053005843209590e+00
6.684143765031659967e+00
1.513795486803739543e+01
8.326440150293381137e+00
2.349843460319226907e+01
6.634022372333451933e+00
4.403063311870733187e+00
6.362743683377470205e+00
1.440198629637993477e+01
9.653606301416322921e+00
2.047553247735015347e+01
7.637254727484555694e+00
1.398804724432735647e+01
3.750312994475988315e+00
3.368600533833476796e+00
6.132084875389636203e+00
5.954149141442964144e+00
8.710745736109055670e+00
8.640617659025689790e+00
7.325787642962620971e+00
6.981870376155467461e+00
6.200685113321863895e+00
6.822261687631729465e+00
5.866840237265400049e+00
8.748959071128252774e+00
1.479075750438405734e+01
1.812938901455040863e+01
4.146135180647633867e+00
1.191770844008050112e+01
4.326828778251978314e+00
2.971355979201357300e+00
1.705120058413671202e+01
7.188465789154292018e+00
1.478651358545417871e+01
4.807815770882493567e+00
8.134811985518489053e+00
1.200227543404922237e+01
5.218626591992364006e+00
3.409913872500936804e+00
1.015448410590818185e+01
7.080908467861439348e+00
9.443987886960158562e+00
1.093402440094705597e+01
1.510884380465718024e+01
5.110866626790144807e+00
1.127942502835544758e+01
4.763629024901138820e+00
8.307036744595606592e+00
6.879568829835567279e+00
6.493343314462122429e+00
1.774410476519664570e+01
1.913818151962037462e+01
1.741900193701907185e+01
1.505124843312025362e+01
1.279528902550809555e+01
1.119343006304626975e+01
1.393535911120653736e+01
6.028588104452040852e+00
1.188805782912541353e+01
1.209288038479749083e+01
7.231773612192031742e+00
1.663893416303959327e+01
6.512679753299436491e+00
1.354897807302195112e+01
8.856773394529222188e+00
7.418722127537970223e+00
1.786914088172010295e+01
4.655369623495889009e+00
3.136467395707052574e+00
8.635577252910810131e+00
1.072620481559657257e+01
1.064139080541684557e+01
1.567776198272069266e+01
3.022753006160245892e+00
2.140021877348770118e+01
1.569114703973033542e+01
1.438837328718364894e+01
7.676276185262219443e+00
1.994228878757673940e+01
2.109882797960802137e+00
1.114122335890605342e+01
1.653397572973262086e+01
6.126096467722585537e+00
7.253707697922569864e+00
8.378410826099788267e+00
5.364655822149437370e+00
1.572087686123884431e+01
1.233807973103708910e+01
1.325786044973379063e+01
3.691343014059045302e+00
2.152282426900513812e+01
5.320210647645041036e+00
1.280682784890141157e+01
1.536564461511161817e+01
1.065576819537419162e+01
5.589990396878130596e+00
3.099812502830894267e+00
1.774259336400142439e+00
1.518180450441567686e+01
8.967859810212166494e+00
1.697551922437726901e+00
1.253581454368177894e+01
8.348584926848285903e+00
1.968072461829929409e+01
6.853266018497946810e+00
4.599590506639787968e+00
1.907964222512207098e+00
6.354476248603233124e+00
7.952918644731183484e+00
1.806739412184066040e+01
1.626195360601957240e+00
2.059854547121796742e+01
4.068395810314563654e+00
4.635917436103456524e+00
1.840670495010819963e+01
1.732006192751342155e+01
4.650766981491027963e+00
3.451442977674544554e+00
3.547452402885525213e+00
1.856429935937346798e+01
6.093087892068503209e+00
1.867838224426638760e+01
4.676470444934444082e+00
1.606726400812434719e+01
4.338208179127894581e+00
1.255584239399986046e+01
8.227772072077117471e+00
1.605359875404271719e+01
1.320529354059903859e+01
1.930843853995390447e+01
1.717964237337471189e+01
5.086518476444422454e+00
7.858125449842430221e+00
9.061131146599585406e+00
9.574286748891772447e+00
6.399841558425313437e+00
3.118821592519549935e+00
1.703170225389816217e+00
3.171146813244164253e+00
6.838797824205511411e+00
2.692818724384630613e+01
1.675819639296340702e+00
2.081956564242535990e+01
6.444160481000277940e+00
4.242563691919389868e+00
5.932243233304506091e+00
1.506859292479765422e+01
1.369005471978816857e+01
4.987203936895147294e+00
8.539194130850113140e+00
6.082876001712257619e+00
8.587000665072002548e+00
1.911063919551773438e+01
5.176346767966855111e+00
1.063113625137677154e+01
1.229723060692929337e+01
8.802806444499323035e+00
1.840345310219537289e+00
7.921973849680078672e+00
7.155782138498053335e+00
7.033423311132603217e+00
2.149385582626946789e+00
5.218621775370096749e+00
4.750959219408514400e+00
2.017584361884188127e+01
4.872376337531576951e+00
1.794105676087717782e+01
1.537945089165258139e+01
1.299958284056100588e+01
4.490944042022981364e+00
8.264467992522286366e+00
1.386588115091458384e+01
1.123680523046388480e+01
2.801955491606644255e+00
1.566805196722529914e+01
5.116643869380656184e+00
1.024390752230701018e+01
7.132927176957133852e+00
2.087350584059715075e+01
1.797175017857803647e+00
1.033020404749232668e+01
2.032116597992168749e+01
8.705276113369988522e+00
6.256025354824263474e+00
1.385992209428745348e+01
6.337810620742185819e+00
9.794302498973623372e+00
6.418301707219496777e+00
4.358584558941843490e+00
