6.472649855448421086e+00
1.596575791922037801e+01
1.631170578947718042e+01
7.877419571377222596e+00
1.851220078782358769e+01
6.416288218327938608e+00
1.537979644871457552e+01
1.558763096267312021e+00
7.050913441965155570e+00
1.589754337813680030e+00
1.435561404618779058e+01
8.137453010421488386e+00
1.279810852049041436e+01
6.618729987230276279e+00
1.881596204775360270e+00
4.142471002556556314e+00
1.391122951837778743e+01
7.658542970653956949e+00
1.959870206088643130e+01
9.421651503325547239e+00
6.778248558374359689e+00
6.855426320614609104e+00
1.404737068502881314e+01
7.972995282612304280e+00
2.463240678816451990e+01
6.074466683573547243e+00
4.231242268109754789e+00
6.770956161615750979e+00
1.417234667616795640e+01
1.025851149949511232e+01
1.985899966198125810e+01
6.697620747639333239e+00
1.334599360414031111e+01
3.598521818670296302e+00
3.423894227625354336e+00
6.430558564899212293e+00
6.414072691610061661e+00
8.972544318151166820e+00
8.320086728025149370e+00
7.377618773472929270e+00
7.453148031196637824e+00
7.201490589360977523e+00
5.996951737055365328e+00
8.090685004814863746e+00
1.479253817488191025e+01
7.287105267579957690e+00
1.786462481507654587e+01
3.869202299183226224e+00
1.307030516774377027e+01
2.917808938256392981e+00
1.804372851910571995e+01
7.818090195419435950e+00
1.552976278071887606e+01
8.015391934842039490e+00
5.043466939982296893e+00
8.595650577686924976e+00
1.325523892439880491e+01
5.276630041423061357e+00
6.447599832463600578e+00
3.410068538919480474e+00
1.044918274594808238e+01
7.108526866834606217e+00
1.245953500135991554e+01
1.170977050812837383e+01
1.509955355435151425e+01
5.476595407033792107e+00
1.148007333819648501e+01
4.417423906456156679e+00
8.943727962339750093e+00
6.543448602992026686e+00
5.790933461366534196e+00
1.764695954068470485e+01
1.945234493715517488e+01
1.200398544160585601e+01
1.434371452138394432e+01
1.300072196019590898e+01
1.190378437397146882e+01
1.423660431997180531e+01
6.181803118765397009e+00
1.072579012799421427e+01
7.461546467115022452e+00
1.679015539899712550e+01
6.385144969961966233e+00
1.247565231202619174e+01
9.387279263687140940e+00
7.730586886137640334e+00
1.796728022615386777e+01
2.016429968143582130e+01
1.570362433033669403e+00
4.492846095966121389e+00
7.585421566370356139e+00
3.902355321226822937e+00
7.299635617007020016e+00
1.054412119488976707e+01
1.089089102669535514e+01
1.622987608044115504e+01
2.900870014475276371e+00
1.521180902458583439e+01
1.472092400498327436e+01
1.928209919397810523e+01
2.169912284911394096e+00
1.678673086263229663e+01
6.010298760523330230e+00
7.342180398267729835e+00
8.162868043073530089e+00
5.286999094914461850e+00
1.557855595191251119e+01
1.304118278037496736e+01
1.310892543491158158e+01
3.657794232251820876e+00
2.022378052721441577e+01
5.179713691460409386e+00
1.308175442809411848e+01
1.508492746031512510e+01
1.039680775372646693e+01
5.885801383804260212e+00
2.622283443057112695e+00
1.851050485271574342e+00
1.448879862892341208e+01
8.556695728612533358e+00
1.769534816682912348e+00
8.148512931040542639e+00
8.297395993391425861e+00
2.038777687594203414e+01
7.133739549180096340e+00
4.723776304105109958e+00
2.105410707007144833e+00
9.168605402944278282e+00
1.881453698682025077e+01
2.059165127202406964e+01
3.650886936265797633e+00
4.534839900513299327e+00
3.191431789902702931e+00
1.817198160793105544e+01
1.768983753167722739e+01
4.616731993404740386e+00
3.946985986312757433e+00
4.571219574599083124e+00
1.899531993064079316e+01
1.826317198130992026e+01
5.300498212854838798e+00
1.370604844946853440e+01
4.724329685137397483e+00
1.626618425872482732e+01
1.601885415962651393e+01
4.106350911102223833e+00
1.206558491265639788e+01
1.739036798480749724e+01
1.337977136607907980e+01
1.897512894991369237e+01
5.169569556790693632e+00
7.191669723142588566e+00
9.369716077204415683e+00
9.402577954024058826e+00
6.917010667836673399e+00
2.823670494735524006e+00
6.640592151326295323e+00
1.807563749655429319e+00
3.329200293369673158e+00
9.230794678930280384e+00
7.024793011163783518e+00
2.619208619494702717e+01
1.564244392664874361e+00
1.977130657987802564e+01
6.791699427709162684e+00
4.193483269580977613e+00
6.817156994788880375e+00
1.549401877183064258e+01
1.457181269327496054e+01
5.033869874215912255e+00
8.684946343151512593e+00
6.271707366120755189e+00
8.258714317833328877e+00
5.070285659331084105e+00
1.100230755995746890e+01
1.285815237253121701e+01
9.477635968253311560e+00
1.846303227643590228e+00
9.024200713588516720e+00
1.674568592302916059e+01
7.614731515169556708e+00
6.598309391298985638e+00
2.072041765038274086e+00
5.197032943955106177e+00
2.021537378517906802e+01
5.152775636232994394e+00
1.850363253190446855e+01
1.518843688700385641e+01
1.348715931504054844e+01
3.939483455334239270e+00
1.440240317736263975e+01
1.279434806148498716e+01
2.818724598956445782e+00
1.633313183925168843e+01
5.027975112222694776e+00
1.011117900122497915e+01
7.475259711696104148e+00
2.033127295546265145e+01
1.738670227262835599e+00
7.171476344573076922e+00
9.958332313959562754e+00
2.013045686162556080e+01
9.527153080048583078e+00
6.586601625036794694e+00
1.378164004678270516e+01
2.026518858177226079e+01
1.114459628741639641e+01
6.764762827544630319e+00
4.773698074132814995e+00
9.510271865196957108e+00
4.144379415878947981e+00
