1.357136291024486496e+01
6.353183436383337934e+00
1.616708085289375063e+01
1.555358932925395088e+01
7.529826074059184471e+00
1.888470985037362482e+01
5.491437125471133385e+00
1.590116756461412884e+01
1.346198879703429219e+00
6.840587252847695865e+00
1.436129846934682375e+00
1.445270900163702876e+01
8.106312135218404435e+00
1.230149158517021135e+01
6.486862938627046660e+00
1.505433458066978814e+00
1.388703633545914329e+01
7.153105902675855887e+00
1.066266940400837271e+01
1.947329013825320843e+01
9.945199450959790965e+00
6.138548493525024519e+00
6.597639136585983444e+00
7.327939377117339781e+00
6.649955093818785912e+00
1.440511546384808916e+01
2.221731826104303309e+01
6.414325508572173540e+00
4.511727645267897380e+00
6.556921063546980122e+00
1.015620514208484870e+01
2.051966422547381796e+01
7.683360375188104996e+00
1.389389907184582107e+01
3.488636209511519759e+00
6.292137137598786900e+00
6.423056662655467264e+00
8.932514958735353616e+00
8.484435284583105030e+00
7.883965392206111922e+00
6.895191290222275171e+00
6.349659963628020876e+00
6.760475097268454192e+00
6.097100223506064509e+00
8.683161089470370797e+00
1.397911715017872503e+01
6.933798854889237084e+00
4.527424155497708824e+00
1.314231927899561470e+01
4.513825423514005841e+00
3.184328014786302674e+00
1.692421199624007500e+01
1.559324262271030115e+01
7.935001958238395936e+00
4.768313896477470948e+00
8.429897392090072827e+00
1.195946524810791978e+01
5.726245954412698680e+00
7.328261716298390738e+00
3.477918384175759048e+00
6.891311191270999892e+00
9.958496418011881346e+00
1.278323585824043462e+01
1.161811264389339193e+01
1.517807098536365373e+01
5.179670123053261577e+00
4.983854977106878081e+00
8.915901854148909678e+00
6.810516222485672344e+00
6.096348633013850105e+00
1.829541208483038162e+01
2.014326451313156596e+01
1.257927047230651318e+01
1.698987543947853140e+01
1.427304990879170887e+01
1.226008569699631856e+01
1.393362997798588054e+01
6.112898616951797592e+00
1.345288675920953914e+01
6.942783732584265621e+00
1.644604856567790563e+01
6.470827646260589816e+00
1.288153816097914905e+01
7.231903415779806998e+00
1.790047551756874711e+01
2.076885846228907084e+01
1.430462971065150857e+00
4.700968230626635602e+00
6.982677473328421591e+00
6.729355010243124546e+00
8.739390826552078551e+00
1.012241304078108861e+01
1.146309573273389937e+01
1.535182260290640244e+01
2.598075035101737207e+00
2.114905845065992551e+01
1.565892759125400069e+01
1.601321888104530089e+01
7.650013994727085098e+00
1.969976317003141375e+01
1.592706986908297706e+00
1.265162597161065072e+01
1.664194332579711144e+01
6.360369031209590851e+00
6.944296785156222285e+00
8.786602224863644395e+00
5.715860185902109869e+00
1.487764151726392647e+01
1.229107714076999791e+01
1.269071489525315144e+01
3.960957580508252640e+00
2.077959586677631876e+01
5.688588575653446000e+00
1.248055791420467742e+01
9.897774810881223573e+00
6.085918301633074456e+00
3.255143081266846039e+00
1.717404100963925151e+00
1.407124923612925826e+01
9.426841935916309367e+00
1.399346183590185255e+00
8.672087300203980220e+00
1.236209771868912810e+01
8.391770370698679926e+00
1.981024824900850589e+01
6.908952158715983671e+00
4.826949584190828979e+00
1.886901423510003895e+00
6.477668705257660697e+00
8.496009713304474076e+00
1.828743250717544555e+01
1.452913503649744253e+00
2.099531101217030127e+01
4.677128543192699439e+00
2.895107876398441249e+00
1.835224166495792275e+01
1.744812349685804165e+01
4.814350697481322605e+00
3.759504538419975450e+00
3.788446209166642653e+00
1.849014871760222078e+01
6.304416314632947937e+00
1.852957721098623978e+01
5.087536084412291437e+00
1.423370750190826151e+01
4.708096593002002450e+00
1.570754839047651963e+01
1.189660112166107453e+01
8.642221855629685479e+00
1.670436701501513710e+01
1.293668932065838106e+01
1.911438674643983049e+01
1.721373959334317760e+01
5.424158827639510072e+00
7.683162074937745167e+00
9.449310207252509031e+00
9.527555259712277902e+00
6.620314408075433477e+00
3.526940362926520578e+00
6.521752993351758398e+00
1.490835945920343297e+00
9.612416955218957781e+00
6.651050721038251012e+00
1.488969071680917855e+00
1.980374102096751798e+01
4.465297929801350207e+00
5.973448699825595121e+00
1.571995197932798050e+01
1.384493536787706880e+01
5.690381158159495634e+00
9.195991021101532326e+00
6.466032886993085427e+00
9.448344000819368205e+00
1.873281376679546995e+01
1.253518862754362573e+01
9.551200595065541421e+00
1.547514006075433990e+00
8.666294530062396362e+00
1.665629307802209169e+01
7.591084860220397523e+00
7.486488712144405255e+00
2.658419626145942516e+00
5.422323728389865316e+00
4.699222968009554080e+00
2.010542410437904337e+01
5.384867436521934891e+00
1.817956734365914784e+01
1.504087797420590711e+01
1.385626596632686791e+01
4.369271475824223927e+00
8.479594594305266853e+00
1.402155361324514438e+01
1.279823796456280149e+01
2.333918342694634163e+00
1.649354849229754194e+01
9.968661682654753164e+00
7.331517093512916361e+00
2.094548559989787861e+01
1.551072205970922102e+00
7.695245244048111388e+00
9.956319637314292592e+00
9.403456302097664476e+00
6.517370914238473034e+00
2.063211544268467179e+01
1.138240639318641989e+01
6.544515083363512176e+00
5.079508066713642300e+00
9.608252623682863813e+00
6.781153721152874070e+00
4.446373362267836526e+00
