1.394378983406748596e+01
1.593495906354988456e+01
7.680569847309618225e+00
1.889273790227522909e+01
5.268671346593906790e+00
1.506625100239798787e+00
6.819319943729234446e+00
1.519135336817269533e+00
1.479578262048431725e+01
1.219200843694811276e+01
6.686356461976060039e+00
1.731044260000866419e+00
4.199482861903643283e+00
1.396028315503449946e+01
7.108639144653601250e+00
1.119464134369027164e+01
2.012024262014521980e+01
9.983598961261181515e+00
6.031851221996951118e+00
6.606761156837641202e+00
7.725394793481184408e+00
6.740585650311563981e+00
1.348365522033394370e+01
7.821703578380045485e+00
2.355456643539713113e+01
6.879646676420895446e+00
4.272094101034329405e+00
6.595578806740003408e+00
1.459728753406899848e+01
9.954909715863594855e+00
2.020332084533660577e+01
7.331112591755130303e+00
1.302466425506578673e+01
3.519220595046331113e+00
3.645575803138813686e+00
6.302171011127598810e+00
8.772285099349803161e+00
7.393211664236950753e+00
6.877890219580262254e+00
6.456438377291765285e+00
7.016256871683347995e+00
6.066213404148043331e+00
8.735157979014264384e+00
1.571356201529845897e+01
7.133315494469709250e+00
1.816049467731891198e+01
4.112039349336542138e+00
1.340842516771497728e+01
3.953042329781721875e+00
3.235950428278916213e+00
1.714128506797100115e+01
7.587979090497254830e+00
1.583182459819650667e+01
8.029833316511117758e+00
4.841110677588011058e+00
8.478646441253948396e+00
1.285432724905436075e+01
6.598162844568874696e+00
3.725432966678345892e+00
9.888997954071175656e+00
7.126907133389135396e+00
1.072443878483465873e+01
1.276984516437742201e+01
1.177800642358583261e+01
5.609470679923797221e+00
1.204328151561174032e+01
4.605850823227678248e+00
7.969944160427230528e+00
6.725961128697337976e+00
6.228298319980209108e+00
1.960236572923406584e+01
1.183475433940812849e+01
1.777971646750879131e+01
1.355542390771936923e+01
1.132045256159638669e+01
1.319903684943418654e+01
6.359077171793188654e+00
1.301460752486666195e+01
1.109788700318839538e+01
7.295821575448806051e+00
1.623367694893859792e+01
6.254223086316141433e+00
1.221129498221007026e+01
8.560876843556878057e+00
7.701149280603113212e+00
2.066913019496383086e+01
1.583889031446967799e+00
4.298728704040708060e+00
6.915819441930051603e+00
3.445764954582005490e+00
7.087365356184031739e+00
8.033419187531304573e+00
1.011638482399088446e+01
1.066484012953476146e+01
1.616767784661047358e+01
3.225799348308632908e+00
2.119994366715238243e+01
1.463083054944558548e+01
1.567561142003903996e+01
7.858450048497400253e+00
1.931044820136760265e+01
2.125127627654667339e+00
1.170445904672381410e+01
1.670914386058206702e+01
6.281820284934709342e+00
7.589523349200615776e+00
8.299135639509414020e+00
5.374483755480163438e+00
1.202027082022878446e+01
1.268406792473797573e+01
3.728681035113053710e+00
2.078499712470263106e+01
4.871976982144223811e+00
1.600669776474820338e+01
1.121620719067677285e+01
5.823302852218907866e+00
2.960375834940247586e+00
1.847270962860957599e+00
1.416068253797612719e+01
8.527428708969473803e+00
1.772143692420249605e+00
8.660965340917982758e+00
1.177552875184041881e+01
8.877489161674864349e+00
2.093104467015286829e+01
4.729778824567984152e+00
2.147912125288161445e+00
6.455646613040848969e+00
1.762739356052516015e+01
1.705201080343457853e+00
2.121833499454245242e+01
3.910902316847886695e+00
3.059900395860879474e+00
1.837675494482451199e+01
1.831809191447264595e+01
4.443109394163792025e+00
3.836677011204016718e+00
3.868782547732489085e+00
1.829367078406714953e+01
6.058283047387535980e+00
1.839641719489177163e+01
4.930719805233745312e+00
1.429775346719343787e+01
4.628227132106609076e+00
1.561870935648175340e+01
1.655724557415079801e+01
4.244718724148905054e+00
1.247174778339846846e+01
8.651086204229342158e+00
1.695247335235999486e+01
1.308031950792300258e+01
1.984613967448889937e+01
1.728968052083416751e+01
5.009989302668111044e+00
7.272916499501774545e+00
6.544748736002542699e+00
3.233174187627476659e+00
6.578488942700447595e+00
1.837036302547861988e+00
3.311010219801929555e+00
9.289054171127981263e+00
6.854069343305996931e+00
2.692989303924319699e+01
1.724128166553654085e+00
2.031476517836334850e+01
6.705884516369914117e+00
4.078501505677317951e+00
1.414243691955091720e+01
1.408361089881161909e+01
5.390924996051989382e+00
9.188087404294821070e+00
6.194879903015347189e+00
8.578360617757862627e+00
1.882214304911524039e+01
5.051344267479341177e+00
1.069782358547436907e+01
1.288495747059436525e+01
8.831141880389745680e+00
1.785769781295878378e+00
9.104736619575772849e+00
1.740960706818217929e+01
7.667337863539432696e+00
6.932189313137972597e+00
5.127791297099508760e+00
4.350778400024063686e+00
2.034575039241712702e+01
1.841777326514017687e+01
1.513207118371534321e+01
1.290400090782554621e+01
3.938688321940447157e+00
8.320488747380641925e+00
1.370377411763167252e+01
1.214684105890657762e+01
2.641230809169292648e+00
1.674798102481850393e+01
4.798058862244315215e+00
1.074126713467981098e+01
2.084762291064696882e+01
1.970018107434288401e+00
7.646774238545258839e+00
2.046805566031184398e+01
9.619056632826952224e+00
6.603747948746230279e+00
1.419458788798473670e+01
2.116475334901224059e+01
1.181808013399920121e+01
6.710694190617326527e+00
5.262959175958666691e+00
9.557670460229159559e+00
6.939561063562667442e+00
4.140761968809040461e+00
