9.205702756273961285e+00
3.891146916861844662e+00
1.390995277614171144e+01
1.265766522265887950e+01
4.491002196341498554e+00
4.173083226794049416e+00
3.628489720254238549e+00
1.014527848800006282e+01
7.540179407324963279e+00
3.995948604536353699e+00
2.273551162717229701e+01
1.009611905221437134e+01
1.819313010522936125e+01
5.714747749032990320e+00
1.122474415692306771e+01
4.121558368426796015e+00
2.185874582277703126e+01
5.592531500715833381e+00
5.829417938280567313e+00
1.675596316554163678e+01
1.013728092871641095e+01
1.101098168212893746e+01
4.077000707663704482e+00
5.968878854066535844e+00
1.599016964821372966e+01
3.276198003277587478e+00
5.753017059994046889e+00
1.236800914865031231e+01
8.356386292331370313e+00
4.727719682469058604e+00
9.669160157850271275e+00
2.152898269545232424e+01
2.301403668342233289e+01
1.171689884386397118e+01
1.137413016683661837e+01
1.045283110904844293e+01
5.269371591256557075e+00
3.237920881614285928e+00
8.765206590182504698e+00
9.990225444970338486e+00
1.015245181141695952e+01
5.496035583303913619e+00
5.383033887227334446e+00
1.778826939717706779e+01
3.145753709255578734e+00
1.664813392887039356e+01
7.753912239337088508e+00
9.718724596345067468e+00
7.897758543121204511e+00
8.834695958327337451e+00
7.457433168928186973e+00
4.640319620829632896e+00
3.850911382970550800e+00
1.123745026011763315e+01
5.355594525761696367e+00
4.706438335357818303e+00
1.030561087366131900e+01
2.438791494634587664e+01
1.175451742722160731e+01
7.537851665958688940e+00
7.834670255967386865e+00
4.815058152466519026e+00
8.726558897705038120e+00
8.626827991401219364e+00
1.634622950802744867e+01
2.048182977776309599e+01
5.372519619603288277e+00
5.315071773905564179e+00
8.785615562355241437e+00
1.741136141538444804e+01
2.427175046621185928e+01
4.794401178210808467e+00
9.558177237136458615e+00
3.716438674188312863e+00
3.320990047830889580e+00
3.952057944497567643e+00
1.075208380409485187e+01
1.352222791313525718e+01
1.015062404037683486e+01
7.006496706050033829e+00
6.096886642149534907e+00
2.145980919915021445e+01
1.940479550058467595e+01
8.283980186284781055e+00
5.174603858457422767e+00
9.682931349741412674e+00
4.917776604697494669e+00
1.146890973584254603e+01
8.860286623355975166e+00
9.261121414529249307e+00
1.089366553373360880e+01
5.526729224825730036e+00
8.245498273769529263e+00
3.211965406617089069e+00
9.214784231014917282e+00
1.148778443308080277e+01
1.594716496866002942e+01
3.858585756277912449e+00
1.643506886677663559e+01
8.832348815222204053e+00
7.834978167986987430e+00
8.354107588967721654e+00
8.987996400848917489e+00
7.847576739370615506e+00
8.382543571411256167e+00
1.948263616830742251e+01
1.028216873237443174e+01
1.725698581577460189e+01
8.059147592592976750e+00
3.213198626860386042e+00
1.076512088525149480e+01
1.057423351639827658e+01
8.049006255225428674e+00
1.048972628498638926e+01
4.708857046330549245e+00
4.500753987847982529e+00
3.382435635918702221e+00
1.144395455183359012e+01
5.844187301233356280e+00
1.789159115061731598e+01
9.476610993269684258e+00
5.086196830633737953e+00
2.310323766760399877e+01
3.943244580637592200e+00
3.081235366593046976e+00
5.257284160968437980e+00
9.439432869887145472e+00
6.130672611212519385e+00
8.580850678484717164e+00
8.110116969518836427e+00
8.743759479046453009e+00
5.785034796768975696e+00
4.779142619829827687e+00
1.019169389848620177e+01
9.899413456856558824e+00
1.288103510848172562e+01
8.829351251397953959e+00
3.119629901102793479e+00
5.762083687192422587e+00
1.937346079743107907e+01
1.923879372571017399e+01
8.674521198579338233e+00
7.888912364894901330e+00
7.935569309659796566e+00
5.094219827453375871e+00
8.922472332898982117e+00
3.378873956482980834e+00
1.167240109953739946e+01
3.103425484431958647e+00
2.020238844094191322e+01
1.160605552156905773e+01
1.141144591371999972e+01
1.059589921843961235e+01
9.512751106638290821e+00
1.868731190663279307e+01
5.518495893293334120e+00
5.593486710627742831e+00
7.424956638515348928e+00
1.821208713799060774e+01
5.754073032567268875e+00
2.029980665066382528e+01
7.550908403988811024e+00
4.201648323548485386e+00
7.293888766067201601e+00
4.757302362906486337e+00
9.693249065696036837e+00
1.028583794544490893e+01
3.207832693409766733e+00
4.635275561579896397e+00
1.067654415949919233e+01
2.018990750801783918e+01
5.477429795921647582e+00
9.070125923060597728e+00
9.439553132932370971e+00
4.614019690039107502e+00
8.478881787828322913e+00
9.019113933800230853e+00
9.115268608623569691e+00
8.861983749296753032e+00
5.637951258558310030e+00
9.974107525104265903e+00
3.237076302790737437e+00
1.887562337147982916e+01
5.477984917444155499e+00
9.888520727252084086e+00
5.925340668757351992e+00
4.725677559143282913e+00
1.511340875076385792e+01
9.909666544625762796e+00
1.491212228251612260e+01
4.179506936417380025e+00
3.915264461780864291e+00
1.314875381104795871e+01
4.531897938233412582e+00
9.588592732258319984e+00
3.357108763851785582e+00
9.067923175963306548e+00
5.344754224237203921e+00
3.266776429779102209e+00
4.395740616415491964e+00
1.966393410806440301e+01
2.254773267211870902e+01
4.036975517066463404e+00
7.452182282595267715e+00
6.092736889120787147e+00
5.760961325014792855e+00
2.137267458265745645e+01
4.350396923792572146e+00
5.295440866646725198e+00
3.732894420853604789e+00
