8.735931331541234357e+00
1.166078448266172174e+01
3.571635387425490471e+00
1.353077558163849758e+01
5.978572145952098182e+00
1.231988634122080839e+01
4.709723830465324390e+00
4.528926064208287805e+00
6.821064834737438076e+00
4.531712634207193169e+00
2.255788580089271989e+01
9.760542906703795651e+00
1.791289192898772598e+01
5.683305475728990253e+00
1.058434880533221012e+01
4.249518045040682424e+00
2.129457968544576829e+01
5.573648031004352355e+00
5.601725306374429891e+00
8.847505867683745251e+00
1.175781014841204275e+01
6.323116591250867558e+00
1.551919990369615476e+01
8.399339115747771700e+00
3.469856071903399730e+00
2.256181405095974313e+01
5.753680060293675957e+00
1.307103507684242061e+01
4.912549858578467266e+00
8.410495185351813063e+00
5.333800943103259584e+00
9.123534785653518497e+00
2.126948090472292563e+01
2.125383596996652713e+01
1.241584592523665620e+01
1.168006006549864928e+01
1.027524983331970176e+01
3.427505971331525014e+00
9.009928582322446644e+00
1.020642473885678392e+01
5.581899534796678886e+00
1.742846819130343761e+01
3.249738302697336767e+00
6.037511765121641005e+00
4.615276952873433203e+00
1.625242805312575811e+01
7.391639503921793697e+00
9.131041664650535239e+00
7.271144053989233136e+00
8.387862821844027650e+00
6.381332147256105536e+00
4.499730462899494299e+00
5.592245271539975526e+00
5.383762934889631424e+00
1.081903030766499185e+01
2.390300117628978072e+01
7.278958960278252732e+00
6.799885699193025879e+00
5.150924352321498034e+00
9.019504650349427166e+00
8.813483581433562364e+00
1.730622756077087487e+01
5.404101584480478948e+00
5.318148004034543241e+00
7.980129235524294984e+00
1.771509332043115492e+01
2.357041165032337560e+01
5.086683979839346392e+00
1.127118908154666599e+01
9.698968955713372253e+00
4.137379301664532605e+00
3.364561105130835728e+00
4.219994949009029384e+00
1.086451052455021760e+01
1.356375110894608760e+01
1.041011293761760470e+01
6.119451958669871239e+00
1.798278469019298598e+01
6.260839735453802568e+00
7.399052708385348787e+00
2.244061818897862537e+01
1.811144394675695324e+01
8.554737693487208361e+00
5.226097759237774198e+00
8.969785690267976008e+00
5.619446952960653441e+00
7.427858731536903569e+00
9.350315692844972659e+00
1.195381366888877395e+01
5.545094573229337520e+00
8.097708132741850307e+00
3.321103536978982529e+00
9.873053016570668916e+00
1.221416405147730266e+01
1.496940791460017195e+01
4.181442767832945329e+00
1.613413102619125539e+01
8.560879946304908117e+00
6.793231954811189688e+00
7.796383966817465705e+00
7.827318118312758699e+00
6.947141941090746897e+00
1.879090109189071711e+01
1.690845961978077128e+01
6.693348163044340993e+00
3.185657790980561010e+00
1.189413325605209870e+01
4.195850795984322090e+00
1.061421030639255214e+01
7.443088296825575156e+00
1.010166373936106154e+01
5.047063923851239586e+00
4.353384364310347365e+00
3.450469161837143695e+00
1.110262290278288511e+01
6.854866452076031180e+00
5.929697358198989576e+00
1.770567199884821008e+01
9.607164749055074893e+00
5.069122040431200737e+00
1.837702555809780591e+01
2.187292045822065489e+01
4.056153729753862791e+00
3.284771346594796082e+00
5.434719019341810231e+00
8.683761741962314318e+00
6.407490080043987568e+00
8.290243597849661583e+00
7.355357353566939871e+00
8.611214171941867335e+00
5.767068589625688801e+00
5.018255025986271711e+00
9.942339413777405710e+00
9.189545296902087657e+00
1.232944817564465367e+01
9.304672579838577207e+00
3.205715870447205962e+00
5.995747562172531353e+00
1.979451554930263768e+01
1.962740971626847397e+01
8.591559176391481145e+00
6.535154789871225667e+00
7.045909218195036239e+00
5.369624640604273580e+00
8.853473509241618800e+00
1.154178228342274615e+01
5.233380303821524748e+00
2.090282741842299785e+01
5.942558233058969464e+00
1.143915478538426278e+01
6.477773487922299900e+00
1.067901031765438802e+01
9.367618453012283908e+00
1.793510777655025024e+01
4.135519306831892727e+00
5.718862342565824264e+00
6.661331946395259607e+00
1.792445083537905148e+01
5.799588195760794207e+00
1.956412402583787369e+01
1.528719205315766061e+01
6.955107009384487782e+00
4.561169918869981466e+00
6.687410765714361105e+00
5.364197893791777361e+00
1.002190445187997803e+01
1.020628745243501356e+01
3.260104711695033242e+00
4.952264059376271454e+00
1.060422046390362283e+01
1.996608434042809321e+01
5.711632903722094312e+00
6.974610030579794007e+00
9.648368457222336048e+00
4.966588034825792697e+00
7.084639952138287455e+00
9.293842685750338006e+00
8.652506768634372847e+00
5.747565002930815403e+00
9.104683889095358751e+00
4.483700012390429812e+00
1.927505651522046293e+01
5.450147641553054534e+00
9.551304106056626608e+00
6.039663557106873526e+00
5.026569789332870464e+00
1.521944148586763568e+01
9.285044549799829738e+00
1.423721334236291547e+01
4.301868390320884750e+00
5.898183713204056211e+00
3.922950216363074283e+00
4.708548456049652664e+00
9.000268192046227966e+00
3.460108102551873177e+00
8.335127526158423450e+00
5.485068040586001281e+00
3.252459231395626649e+00
1.950189343021570210e+01
2.224943385086153214e+01
4.276094201283894947e+00
7.232547964569934429e+00
6.792847968561672722e+00
1.737503007713180025e+01
4.483781674953945640e+00
5.953880683911124017e+00
5.846855522673752859e+00
1.011759719328005325e+01
2.161475957043116125e+01
5.464556280637867580e+00
3.743221252562417334e+00
