1.034708228072926239e+01
1.179785099646112201e+01
3.558834845146661596e+00
1.249698970450368662e+01
6.023094778748995459e+00
1.255823745498959454e+01
4.355366347969144236e+00
4.523138404010265567e+00
4.063114738890838851e+00
1.012204548940967719e+01
6.804051120073346226e+00
2.270716455709721515e+01
1.060174815984006713e+01
1.764903018967399717e+01
5.309786452188688166e+00
1.162580647766167807e+01
3.944994477782350017e+00
2.138557932812002349e+01
5.440888360542252222e+00
5.321295314701323775e+00
1.658206133160848239e+01
1.125899629828624882e+01
4.171156306780098078e+00
6.040389494165289364e+00
1.526479751800650320e+01
8.729082561389107653e+00
3.479199117931967233e+00
2.112869204170118920e+01
5.283037049499912818e+00
1.302601705678880961e+01
4.566312682328732997e+00
8.213692478406599662e+00
9.521141433546267407e+00
2.097411818608106771e+01
1.269766345308827304e+01
1.155864848987030591e+01
1.020006664412035668e+01
4.998704936707367708e+00
3.312390891194219922e+00
8.741112986098737991e+00
1.004878878735787318e+01
9.742995707200519107e+00
5.186935606965068501e+00
4.986032941970184318e+00
1.596309815529816412e+01
3.216715203169637327e+00
5.747010265323853062e+00
4.704580148964261355e+00
1.504331027669691601e+01
8.833175288437979944e+00
7.231604105060931431e+00
1.032590248599399274e+01
4.649554096603794484e+00
4.689787756071870817e+00
1.165226621926940709e+01
5.380118748381407912e+00
5.246507687242436546e+00
1.094886238613908347e+01
2.269122837701187123e+01
1.177325897629239115e+01
7.345724054212131371e+00
7.171641594590981050e+00
4.698365140125666528e+00
8.886830253522632006e+00
8.866020039178369672e+00
1.691270489963183365e+01
2.043218934105027174e+01
5.164994338647627359e+00
8.197966401065256647e+00
2.314688610871121455e+01
5.026765150995251119e+00
1.186123286121053511e+01
9.746063631500922142e+00
4.339906406026858399e+00
3.293013817530488829e+00
4.641246899894905020e+00
1.255780723589074199e+01
1.033207475889848403e+01
6.814945181171457200e+00
1.756759287136549474e+01
6.920454492459920282e+00
7.460503202176678172e+00
1.851645254490163239e+01
8.582532316874230460e+00
5.005412557897005676e+00
5.550614796285533004e+00
1.040991400023240843e+01
7.972142912667711911e+00
9.534890574213839898e+00
5.122933427700220754e+00
8.071723458235849691e+00
3.287605551623054012e+00
1.017735227750012328e+01
1.371400929739191099e+01
1.331919561597068480e+01
4.323071945007279204e+00
1.568395373450293917e+01
8.161898000042336676e+00
8.414760206381238561e+00
8.434827854199390629e+00
7.518266491848445199e+00
7.503229975089136694e+00
1.769988828657076141e+01
1.017775175746023919e+01
1.671797111279562031e+01
7.111258706956574471e+00
3.122942174222351319e+00
4.586403331194600419e+00
1.098677557426568541e+01
7.857061297246866971e+00
1.020119891530524647e+01
4.773245744547380376e+00
4.082726521634511663e+00
3.387341868363381359e+00
7.139499317670655820e+00
5.299724393387688082e+00
1.614360255501629737e+01
9.755689419337205237e+00
4.603129656342303200e+00
1.802862128049963886e+01
2.340935842619397889e+01
4.472504964040929565e+00
3.190980296518096893e+00
5.054527483327824200e+00
8.923601076364963802e+00
6.416537296831049453e+00
8.141533834587491469e+00
7.605460130621089831e+00
8.740499744975874563e+00
5.274043025211795133e+00
4.722871608074337146e+00
9.904466311806981338e+00
9.618284823404822603e+00
1.234735168835128682e+01
9.819899186927511181e+00
3.122494564284129304e+00
1.690035270871680595e+01
7.137053276612070007e+00
7.288573294962974458e+00
5.240371925955657595e+00
3.456712899768066727e+00
1.172517865098712520e+01
3.260934247376573669e+00
4.884432674098015958e+00
2.040337156856761069e+01
5.772271675365386656e+00
1.217533454848281593e+01
1.231471483721137972e+01
6.684552841192188843e+00
1.143556469751973204e+01
9.005374255673439521e+00
1.691505840468056476e+01
5.079664436353644064e+00
4.502136501648450029e+00
5.207705488621529710e+00
1.699141431036934335e+01
1.922400681832790781e+01
1.571289240898119033e+01
7.170929215146311542e+00
4.566601455380435048e+00
7.186064467296684910e+00
5.260697417214977634e+00
9.938845202268266732e+00
1.030405189617878037e+01
3.271953801471010337e+00
4.681992818620348551e+00
1.197291686169109681e+01
1.873176491421813239e+01
5.248564387571544643e+00
1.055774309706762537e+01
4.678878307880212084e+00
7.642224679867690718e+00
9.343460111775756971e+00
9.558967990709600571e+00
8.329183538084709681e+00
5.297711690364544701e+00
9.650141234110190425e+00
3.169390486165900800e+00
4.295863737337696442e+00
1.840752898990434261e+01
4.810089689150370162e+00
9.288876817389867924e+00
5.741137193584526344e+00
4.684316403334926271e+00
1.316320171596129818e+01
1.185092931478836320e+01
1.389057888165965515e+01
4.074528257076225124e+00
5.597205850988358655e+00
3.860458027056826058e+00
1.483590750846510531e+01
4.174281548177349421e+00
8.923187671033986135e+00
3.249031299236729620e+00
8.329708988987462703e+00
5.212736255772670191e+00
3.305475784714218435e+00
4.249502586928204373e+00
4.550278467309841091e+00
7.903857258442681832e+00
7.497284343234371207e+00
1.639184955704349989e+01
4.487568498757634750e+00
5.845217359307525840e+00
5.764827484755086218e+00
1.047696789657191019e+01
2.006821276053141290e+01
4.717661283656156890e+00
5.170096155845206098e+00
3.696026090335968739e+00
