9.449693294147479605e+00
1.190691942720909502e+01
3.747496813237132240e+00
1.337479791703684384e+01
6.919344707533197081e+00
1.251008769926163922e+01
4.430460624921818358e+00
4.423580038870997377e+00
4.049706783199104265e+00
1.055535395118584319e+01
7.571529415337977298e+00
4.397564494766071697e+00
2.232110991564625380e+01
1.060921012402043040e+01
1.898852539750841117e+01
5.537392464375349377e+00
4.089116480888550065e+00
5.451856013874969875e+00
6.360531840159080907e+00
1.610949014132331669e+01
9.561727445743178677e+00
1.121728597522573345e+01
4.096949874439997252e+00
1.513009826899817512e+01
8.470356958268929759e+00
2.125545123035251294e+01
1.299506796571553480e+01
4.458981767935364715e+00
8.290054939956448266e+00
5.354273312969677789e+00
9.693114518323595163e+00
2.140560737012443582e+01
2.144593851451451272e+01
1.240599563466488320e+01
1.071390252441905666e+01
5.111199331085245490e+00
3.378951050732615258e+00
8.264381485867222210e+00
1.043961995597981129e+01
1.041399481533796312e+01
5.009789158097176731e+00
1.719719160308179440e+01
3.269934698263154527e+00
5.778649295852050116e+00
4.593029756621296755e+00
1.665319322891772202e+01
7.105487943873295187e+00
9.459545408910127406e+00
8.185247754293008882e+00
9.989751821640293628e+00
7.453259372099804381e+00
4.682608908416275639e+00
4.127100991670298313e+00
1.163238906651262816e+01
5.358397908798443687e+00
5.321099953601403421e+00
1.057027465344618555e+01
2.422435614364938061e+01
1.242696072169773025e+01
7.348019988168172034e+00
7.545309064606295912e+00
5.168955872642431615e+00
8.247166161698768150e+00
8.651073622209851877e+00
1.592050929684726945e+01
2.027165819935914470e+01
5.118323718359752306e+00
5.147587413015000557e+00
8.311768545660831009e+00
1.726146268820397012e+01
2.372038551772347859e+01
4.926546187138770350e+00
1.195844869647999786e+01
9.541791628831775895e+00
4.106992586729785621e+00
3.318477010459174981e+00
1.115485660007702506e+01
1.276976985644379958e+01
6.802010860001079351e+00
1.736831335157712530e+01
6.519172799487039427e+00
7.566851710485032356e+00
2.149024992520899247e+01
1.790377406185728759e+01
8.864290832000186526e+00
4.986335732656186792e+00
9.958408369305578489e+00
5.496568295136791349e+00
1.081079751863240723e+01
8.568585458150700163e+00
8.974699501531851809e+00
1.232401048179587910e+01
5.360648063834478450e+00
8.024283250237447263e+00
3.270964363566887911e+00
1.018254071463589661e+01
1.216869760744266316e+01
1.515596491307192473e+01
4.205987777790729076e+00
1.571960316836365124e+01
7.424292754361089486e+00
7.937770686409431953e+00
8.795030673871089277e+00
7.363134654613897823e+00
7.509552590412045703e+00
1.920716395428496526e+01
9.671429112885881807e+00
7.820978750217003395e+00
3.196697345456680051e+00
1.228789466628825799e+01
4.547865720624921337e+00
1.094458158340023779e+01
7.616274997307775685e+00
1.065172087673083290e+01
4.903169593705064777e+00
4.165867599901289076e+00
3.473432710850766547e+00
1.185298619492351868e+01
6.990720739991783006e+00
5.749648002821461823e+00
1.687871050544653428e+01
9.694492686476481325e+00
4.551995513948494221e+00
1.823932593487786491e+01
2.255824114079910458e+01
4.400259897633002737e+00
3.199688309249995033e+00
4.972360223380521305e+00
8.861975391288744675e+00
6.372662402683041627e+00
8.672736780896963538e+00
7.758024315141591742e+00
9.155591669121019294e+00
5.825832046297030331e+00
4.761352386326297648e+00
1.095678711503805758e+01
1.016364305316036010e+01
1.292406389672683709e+01
1.012746047705332408e+01
3.317286989960194887e+00
5.642622805215625093e+00
1.926480422428103623e+01
9.216764895053898954e+00
7.591916308170960193e+00
5.310220654381351046e+00
8.538532695285500296e+00
3.420990811097770035e+00
1.188690797622649775e+01
3.312417575923086499e+00
4.769875142947356927e+00
2.206609813798803899e+01
5.632700740266572303e+00
1.186737711165260833e+01
1.132597280655168248e+01
6.854629231110743959e+00
9.264843653039056548e+00
1.847979766634959731e+01
5.230239409112640736e+00
4.343943758239742436e+00
5.455407714341130365e+00
7.630802812519085876e+00
1.855565222212596765e+01
5.699447807220018092e+00
1.940641578610892282e+01
1.526338308377113862e+01
7.711675710632443170e+00
5.172764674735842227e+00
9.932181108695793625e+00
1.096299051629447519e+01
3.379894434819304294e+00
4.949231182306034427e+00
1.110306215990821244e+01
1.963520942477501663e+01
5.330132794086114068e+00
8.392298632522008361e+00
1.035510058393750832e+01
9.448437916010631099e+00
9.417106437972339705e+00
8.482739138839704651e+00
5.566527526050146335e+00
3.298214941090413799e+00
4.253605472636614593e+00
9.743943548037689695e+00
5.782620896819593348e+00
5.131866296985927889e+00
1.487045189086465768e+01
1.006400405321809721e+01
1.425297679395144357e+01
4.199161765865613738e+00
5.697755548858648211e+00
3.771362745551998685e+00
1.363125067385668920e+01
4.475582229908678045e+00
9.310777022543849313e+00
3.386280541708146075e+00
8.650192501856725613e+00
5.067778493578688703e+00
3.289168255329029122e+00
4.423891394370421892e+00
1.984086685869079858e+01
2.191525285648849675e+01
4.364406466443880639e+00
7.603462267485825876e+00
1.631892218137821970e+01
4.207902222959756244e+00
5.685464721155165435e+00
1.062693453924536691e+01
2.249997625863989370e+01
4.555883919603378907e+00
4.969076952631982458e+00
3.674183130210311621e+00
