9.967964169530308283e+00
1.172486679808835852e+01
3.357764886580765662e+00
1.491142081109650874e+01
6.600499965477109043e+00
1.229272942490768905e+01
4.325969092380328007e+00
4.245387689815162346e+00
4.071151836999231222e+00
1.054440220958493235e+01
7.442871025445761290e+00
4.334725145159380233e+00
2.199331897215184028e+01
1.025294146057124678e+01
1.749400714947818614e+01
5.647465572345430118e+00
1.121745322835428205e+01
3.810788568518755248e+00
2.074556059057005797e+01
5.481981279929418527e+00
1.680898223893228760e+01
9.381952643738232567e+00
1.112837201443089263e+01
4.154219830283089721e+00
6.089695000709773431e+00
8.308832797167466921e+00
3.380183167012629664e+00
2.158005482503607197e+01
5.704343756193082982e+00
4.713894419593342100e+00
8.462633032164028180e+00
4.994264070241517750e+00
9.722512478335902486e+00
2.097843770379430239e+01
2.241138482878938731e+01
1.144722138937751588e+01
1.113364500477936225e+01
9.570725687731078679e+00
5.227738025101616337e+00
3.498592898934862916e+00
8.675500481857655544e+00
1.042054818986911258e+01
5.408170695143970974e+00
5.271910038800232456e+00
1.818359604862614276e+01
3.415668984421594168e+00
5.867097432217402542e+00
4.283145930991416606e+00
1.649795698274483513e+01
7.451440614915298966e+00
9.296908699380255214e+00
7.792954748097637108e+00
7.499029998662543939e+00
4.616112348952939648e+00
4.337597024217942909e+00
1.081553513022750579e+01
1.036649161417887477e+01
2.402124585232459708e+01
1.175465620656164489e+01
7.729100251614861250e+00
7.656635703974551177e+00
4.971762234157786509e+00
8.231560829135728952e+00
9.020534855777221139e+00
1.648527082070444649e+01
2.054746418705640565e+01
5.293169940041862809e+00
5.411707813168302295e+00
8.000232513088912256e+00
1.753710260216878680e+01
2.312900893912772915e+01
1.176702216930251055e+01
9.753350979203990079e+00
4.004489121626659376e+00
4.055925783646511462e+00
1.159368118619943466e+01
1.352429452481098870e+01
1.066119697878850303e+01
7.132646487381256506e+00
1.792266115280740735e+01
6.191375698514351988e+00
7.558290647371378235e+00
2.224063331930069509e+01
1.909942073149706587e+01
4.438897374596700196e+00
9.967865175231535702e+00
1.079215315528875685e+01
8.439070520069583026e+00
9.241100598231559715e+00
1.109814040770277010e+01
5.482810252632060788e+00
7.571093978068859975e+00
3.374089313424844416e+00
9.766597607494940547e+00
1.173711902453818823e+01
1.350844632433316050e+01
3.861591915965600919e+00
1.605522395002560643e+01
8.289941720592709729e+00
7.869477348727961008e+00
7.599237351738903357e+00
8.552586679574458728e+00
7.645923431167578777e+00
1.986715070777559333e+01
9.801816067823516221e+00
1.658371229036891847e+01
7.765164154777836281e+00
1.291394572432061949e+01
4.092041422798414096e+00
9.990591252881900530e+00
7.412776850229716885e+00
1.012431640024623114e+01
4.686863628402031523e+00
4.041713237155123650e+00
3.502899813258604222e+00
1.124503135419967670e+01
6.773467224229778871e+00
5.764867894184940056e+00
1.759180206172616323e+01
4.527034916496465833e+00
1.963499265639991620e+01
2.215098912943800613e+01
4.007890012944165470e+00
3.261576870055697519e+00
4.999156661683983316e+00
9.091675674106904026e+00
6.137402954345165362e+00
7.837509236665644252e+00
9.180927453323109333e+00
5.948482514463297122e+00
4.208099496054534150e+00
9.474227309331777036e+00
1.227273720297904980e+01
9.311895008557376840e+00
3.148411635023485200e+00
5.721845090441012971e+00
1.923647540689800195e+01
1.918347193675772644e+01
1.024919334334045296e+01
7.562210483724516763e+00
7.548942450164755513e+00
4.935243414375276139e+00
8.364996794594716789e+00
3.504294275810860171e+00
1.176549476950286355e+01
3.395365620783122651e+00
4.736510042099569162e+00
2.074624084480268138e+01
5.675856340850950588e+00
1.220109591926521198e+01
1.114785359340532445e+01
6.536238611056994330e+00
1.091433186979811154e+01
9.071742652923864725e+00
1.888264293951001349e+01
5.361980646368653680e+00
4.013882580246957765e+00
7.331409524354363327e+00
5.737035692515363827e+00
1.901973766708838909e+01
1.551737578768732106e+01
7.570258794080133136e+00
4.009866928700050792e+00
6.859126565695440547e+00
4.981324188898953231e+00
9.671274806269586577e+00
3.507212176104928414e+00
1.149260125667166932e+01
5.420456877170453325e+00
8.499640418008613807e+00
9.995249901534213777e+00
4.438407096132285901e+00
7.955618316572858006e+00
9.272069014903014050e+00
9.714064416578661820e+00
8.326401346193451403e+00
5.607034195802413912e+00
9.577242923773239269e+00
3.142281171208460400e+00
4.336640126890854319e+00
1.856520994489257603e+01
5.036822892479499103e+00
9.533046800132829901e+00
5.475601939907343230e+00
4.757303105925066333e+00
1.511680781024539399e+01
1.014659830749468128e+01
1.605711685114193443e+01
3.770139552015006057e+00
5.422712980007251993e+00
3.817686214168922287e+00
1.376201605734609679e+01
4.277944913302981433e+00
3.323448408471588067e+00
8.765561184809980588e+00
5.117492033253695283e+00
4.142511910806302211e+00
2.083881973467721593e+01
2.204762127785066284e+01
4.093044811052733323e+00
7.382007660993982867e+00
8.007007259091198037e+00
1.716696036510847634e+01
4.179007973866153414e+00
6.267133223560831468e+00
5.732113963366590070e+00
1.002516030728395258e+01
2.168066643762634982e+01
4.350771107999070964e+00
5.094271270256275130e+00
