1.207305290031672662e+01
3.533604030825600706e+00
1.313168597320504460e+01
6.340901644509117752e+00
1.288326929216911587e+01
4.596389689450558258e+00
4.099581221630163697e+00
1.049557029594137170e+01
7.299875369559948979e+00
4.331672801617727941e+00
2.231043309007351638e+01
1.147807760119624021e+01
1.754404328747519060e+01
5.875129464395643986e+00
1.115858657718097469e+01
4.215219046540975789e+00
2.132769909514223272e+01
5.665840975557720149e+00
5.872306383247182460e+00
1.675853591621468297e+01
9.404236587546037640e+00
1.194279795112341347e+01
4.175772645588315513e+00
5.865546374604154956e+00
1.501986115824002077e+01
8.051335621041783241e+00
3.486446527198518108e+00
2.163796866218969583e+01
5.819482571000179405e+00
1.291816995526500556e+01
4.838786777212674473e+00
5.281399895553857249e+00
2.167358950743418688e+01
2.250199677855670544e+01
1.259288928634389926e+01
1.187128935248136763e+01
1.051344468907340257e+01
5.420547710655029050e+00
3.353301814143285764e+00
8.985936037858264669e+00
1.065789970559950284e+01
1.023019415888082229e+01
5.665231164151652621e+00
5.547323303076805878e+00
1.721222786241799341e+01
3.350931562596743074e+00
5.935620390702053051e+00
4.307121434159437712e+00
1.587426819241350273e+01
7.335679051259811345e+00
9.077732733389851205e+00
7.601403882929329114e+00
1.024178895644181253e+01
6.888886014238907229e+00
5.026208579823727263e+00
4.241409918022725378e+00
1.205056040424865138e+01
5.056826196448791499e+00
5.293560985427657961e+00
1.110798821902140610e+01
2.426840877674056784e+01
1.214675551624521432e+01
7.534549135479391424e+00
7.119304919961258804e+00
5.373768533603346498e+00
8.074514701100763858e+00
9.381205805917888441e+00
1.663190719375019100e+01
2.046919620253848393e+01
5.556939473104457683e+00
5.524664044936925755e+00
8.029439541583920814e+00
1.690635720405251874e+01
2.355007711969060935e+01
4.433470472510588678e+00
1.228280064405604044e+01
3.932276630401927431e+00
3.413690431444926343e+00
4.122531372397453708e+00
1.119206522101828760e+01
1.324550668418626209e+01
1.064735045880588338e+01
6.677174471276466683e+00
1.797296053705407815e+01
6.643201933616719401e+00
7.274023297874950167e+00
2.097584775805169954e+01
1.834001113169864183e+01
8.833329050302316077e+00
1.164994109449566650e+01
5.576375174626361009e+00
1.161754305181829316e+01
8.301711598630543421e+00
1.177091010488017275e+01
5.664459942048019059e+00
7.559029956452580912e+00
1.405367149230364276e+01
3.966923886448968428e+00
1.540106030410537841e+01
7.945567947825668220e+00
7.202050446724857835e+00
8.377445857738871737e+00
7.381904754892677722e+00
7.476568434182349954e+00
1.898104784169061787e+01
1.047342516650575206e+01
1.697248461321232682e+01
7.319005533025894294e+00
3.417030804833976809e+00
1.280894688655916269e+01
4.167513195171166807e+00
1.042513813364201525e+01
7.552260256858796872e+00
1.083261965795717785e+01
4.324052272303170241e+00
3.558828350774937643e+00
1.188457610325331437e+01
7.092947973287372143e+00
6.090975990984812682e+00
1.649304233249258189e+01
9.640619415848670215e+00
4.737555033691220885e+00
1.921219010202504762e+01
2.308007671807111905e+01
4.004164792357848057e+00
3.321892244209938561e+00
5.242720517148478976e+00
9.126472910140289940e+00
6.401483078203992427e+00
8.115216776325532066e+00
7.433913537884460965e+00
6.080616502422156344e+00
4.449401441192864404e+00
1.061004883346980421e+01
9.547648411530607504e+00
1.302242583237944906e+01
1.014747097886846028e+01
3.244379438175493569e+00
5.948679746517943734e+00
1.851566600596945733e+01
1.901503514621436253e+01
1.036374994555296603e+01
7.717114418280172750e+00
5.008991149730767312e+00
8.301803406485618098e+00
3.608431854359549273e+00
1.265975441161582182e+01
3.308788565615117694e+00
4.866216958008697802e+00
1.975145130678795269e+01
5.727878405439327025e+00
1.245524767115582421e+01
1.149829589241949002e+01
6.793602566249331787e+00
1.155231283682266330e+01
9.089650075948592090e+00
5.602430675820141204e+00
4.019810779242435572e+00
5.781795468179670827e+00
7.118310764308068528e+00
1.672391402737591548e+01
5.949539631923361327e+00
1.994530531304688026e+01
1.573890601583184434e+01
4.234873001893991074e+00
7.077658049749104840e+00
5.126066882586702178e+00
1.042227897395574487e+01
1.092746398340879743e+01
5.140323413045934764e+00
1.155946194356044820e+01
2.018177027258658995e+01
5.702210991441102550e+00
8.555787413156020094e+00
1.000624889516796934e+01
5.272361111170365433e+00
7.401917119728560479e+00
9.547651317724330511e+00
9.601259248763055254e+00
8.047184161520595680e+00
9.458371654042831977e+00
3.371783271511508140e+00
4.403694393984345368e+00
1.891009956940234460e+01
5.310604097305182236e+00
5.768282200799603743e+00
1.364542979478828499e+01
1.434465698706133097e+01
4.302630210593070714e+00
5.546919268913800494e+00
3.775142737406373517e+00
1.443880814769405596e+01
8.794307185663791770e+00
3.423466891889601627e+00
5.229300450413404633e+00
3.333232207348508336e+00
4.736759006800220995e+00
1.931829844310707855e+01
2.225271909043399887e+01
4.184843819621376859e+00
7.976873266131628171e+00
7.320346852931606918e+00
1.685013688762528616e+01
4.234860618872125393e+00
6.039838682013360938e+00
5.709750138125899710e+00
1.063974229660981941e+01
2.154907722029049566e+01
4.431838261364572595e+00
5.129533674092995987e+00
3.467505744584213456e+00
