9.515688019814682264e+00
1.203495810963219270e+01
3.593874541044637105e+00
1.426569850557820551e+01
6.107824195803209122e+00
1.209791174147401271e+01
4.619660216800673069e+00
4.647165408578704415e+00
4.126930164258241440e+00
1.052852514561423725e+01
6.428764735882744219e+00
4.909541804025531420e+00
2.209346559675089949e+01
9.856408969205279647e+00
1.867614583370921011e+01
5.807445738880925745e+00
1.138194898529749644e+01
4.227684953377224275e+00
2.054120200105513661e+01
5.513121199479972923e+00
5.345422684275083824e+00
1.711275312825271300e+01
9.436774726740408070e+00
1.106129819415610704e+01
4.539628051529477126e+00
6.059434596383258764e+00
1.565268255960415011e+01
8.459884513188770327e+00
3.535244411975442258e+00
2.159955408950510147e+01
5.690396921702932431e+00
1.292438965430795683e+01
4.832944245653912674e+00
7.830939806843888462e+00
5.035020412704809267e+00
9.521312453446897806e+00
2.100214849275414153e+01
2.205666169278386235e+01
1.146973037977890542e+01
5.241367977750711837e+00
8.737568935098410705e+00
1.068333775608975422e+01
1.002964944117584167e+01
5.503312087780460438e+00
5.219730917975635265e+00
1.738380763635833048e+01
3.165098979129075119e+00
5.787025808253052794e+00
4.627643207721632734e+00
1.708425458279808140e+01
6.903597673603531604e+00
9.542432813422513149e+00
7.197153463022972097e+00
4.874884533811198573e+00
1.226231665283848926e+01
5.389732221345863827e+00
5.139864338191927118e+00
2.306126906218808870e+01
1.221081304615200303e+01
7.871033007108378499e+00
4.991527117038328853e+00
8.233803658390222324e+00
8.691963741810173616e+00
1.634285802640288310e+01
2.065863839737216523e+01
5.291964204583024411e+00
5.579051666125084630e+00
1.748017668694689419e+01
2.388079499336978984e+01
4.706290367025062871e+00
1.162418360129999684e+01
1.012554097220485971e+01
4.135378275678070814e+00
3.182829487144776426e+00
4.349499740419689786e+00
1.048135420541599316e+01
1.357909415309212342e+01
1.088669389333292692e+01
6.962738335367099296e+00
1.807735876264764485e+01
6.163762744476888322e+00
7.626774579359169692e+00
2.138338017888978371e+01
1.797394160339303681e+01
8.503663181287244299e+00
5.044971366331235885e+00
9.560566746759102230e+00
5.024359240774501245e+00
1.084270462764242460e+01
8.312626365730654499e+00
9.068608185527597954e+00
1.155164817879987105e+01
3.214002006560728653e+00
9.120123395530686849e+00
1.202065023974548907e+01
1.501419659095587633e+01
4.190206592399708718e+00
1.638111025048101510e+01
8.452509648195890790e+00
7.727653421354784946e+00
7.667691350010144014e+00
8.672116453682665593e+00
7.463231471158502828e+00
8.095925395252226764e+00
1.952648164777026096e+01
9.492748363008194801e+00
1.695707970123961772e+01
7.304482659112109033e+00
3.150132313417616459e+00
1.149030060164816014e+01
4.384045474304961942e+00
1.007744631633128662e+01
7.792301612138494704e+00
1.026197898224643090e+01
4.983325896460136128e+00
3.347500177827047896e+00
1.172997330942898131e+01
6.940999839910208635e+00
5.805852657187087651e+00
1.765108758161291291e+01
9.780334059810426695e+00
1.909207188886927398e+01
2.232465556354093295e+01
3.172039881226362379e+00
5.319969629968938740e+00
8.700175180799424979e+00
6.462564309297908594e+00
8.418919021785233880e+00
8.198898224840078797e+00
5.792000108436706540e+00
4.613955972233440228e+00
1.047355733336113204e+01
9.173019798838776495e+00
1.213898340261474473e+01
9.514348216919302104e+00
3.157463566136115229e+00
5.834113178070150951e+00
1.918623398154677417e+01
1.964420917445187698e+01
8.974305132423104681e+00
7.441643085720275330e+00
7.515579262509314518e+00
5.369575863860606368e+00
8.299484706192384209e+00
3.366448372502286457e+00
3.199574181059039901e+00
5.236854510803722995e+00
2.087384480954588639e+01
5.793217277270899856e+00
1.185034074893506784e+01
1.180689132540893915e+01
6.527254208844998296e+00
1.068471677301602618e+01
1.834568232068006566e+01
5.320402347096692353e+00
4.442221455643065475e+00
5.689159351277323751e+00
6.535357167093134301e+00
1.864137247346173609e+01
5.760693625729309097e+00
2.084871723668195997e+01
1.536952302496267819e+01
6.666186923093250449e+00
4.510264950814091733e+00
6.851907630129833393e+00
4.942213361733191590e+00
9.185877881370187126e+00
1.001319392863765678e+01
3.259955161396031809e+00
4.867698007460719900e+00
2.010586237421704325e+01
5.657686211510704055e+00
8.778179061832549479e+00
4.824530619455726033e+00
7.732001774831242180e+00
8.860167459716178584e+00
9.211290261242817579e+00
8.328930104244072652e+00
5.682595950052360401e+00
9.085697596730970105e+00
3.170553798575858728e+00
4.541809007056456515e+00
1.921696577067145029e+01
5.225999382428245355e+00
9.162551708970337216e+00
5.841201341838807792e+00
4.821560808516816010e+00
1.573760138871680425e+01
1.053325730588046305e+01
1.491565135137239828e+01
5.906510405330692492e+00
1.387802152684483481e+01
4.531817737256727874e+00
8.816648987580210317e+00
3.305281790729541758e+00
8.183560609254763918e+00
5.225834446790632803e+00
3.210209103218976345e+00
4.541240480667426027e+00
2.082796669967251901e+01
2.219406216693387179e+01
7.412683558160090058e+00
7.746866046529460981e+00
1.759269179017794826e+01
4.436673986397583036e+00
5.590979788541046602e+00
5.572112866655794861e+00
1.088551466125815281e+01
2.172677748089756733e+01
4.659201222483818405e+00
3.811131353075684292e+00
