9.278456907730500802e+00
1.222561774419495606e+01
6.267799008278121420e+00
1.242520864874830444e+01
4.045597475477621607e+00
3.872214425837485319e+00
1.027065182134089127e+01
4.267777067380547074e+00
2.113458815789624268e+01
9.919961876858181427e+00
1.805360740389103213e+01
1.208076385584075041e+01
3.997603753106667934e+00
2.001719765187915456e+01
5.751785118167846100e+00
5.739638349936388551e+00
1.718639184626663408e+01
9.938871045157783968e+00
3.999421634295062145e+00
6.354630167272809160e+00
1.613565008526729372e+01
8.310504805218553059e+00
3.483115769276873941e+00
2.084697711334024461e+01
5.571456845435435845e+00
1.295380048072015633e+01
4.534948918712241372e+00
8.148096039152374459e+00
5.486846371221969498e+00
9.824748220516873687e+00
1.979121594509412319e+01
2.215519125141412715e+01
1.214132113503670318e+01
1.175413396370923458e+01
9.907111002783993925e+00
5.258101962470065338e+00
3.344199920024026884e+00
8.800869343125580002e+00
1.046982848047521841e+01
1.036577745018544050e+01
5.440427938836416288e+00
5.268357295918364436e+00
3.346777873582415186e+00
6.128929469604030622e+00
4.296153079126205476e+00
7.472787425380301052e+00
9.638656025966533036e+00
7.362174449247432584e+00
9.477438302958491434e+00
7.133804234740652284e+00
4.820014840599854189e+00
4.498304139206940278e+00
1.207034027394935194e+01
5.284011931661385830e+00
5.563532951893352063e+00
1.067148260330421650e+01
1.326508235818662129e+01
7.186048299821778507e+00
5.225182531767610605e+00
8.879762273156007524e+00
8.928532541056140914e+00
1.656705872694881165e+01
2.044758491782092591e+01
5.311655853272281291e+00
8.080277305193495962e+00
1.731074927962093923e+01
2.379094086532903773e+01
4.809750231984105895e+00
1.183831488757832595e+01
9.908689865974677602e+00
4.170519046382856310e+00
3.482345419068889392e+00
4.325705703153112758e+00
1.116226634769593140e+01
1.418148559233677197e+01
1.058909949802934847e+01
6.790677028505461621e+00
1.760275447963008943e+01
6.644001868887836615e+00
7.513691229834563501e+00
2.163997248543776664e+01
8.585640355740544294e+00
4.830580402962331377e+00
9.716560072853708263e+00
5.683733135143671511e+00
1.127228191380580569e+01
9.274374335883093678e+00
1.179647119699496294e+01
5.448444304999451759e+00
8.292718055271723898e+00
3.335166871808417088e+00
9.340341668453039148e+00
1.222311172221735909e+01
1.476073491980955588e+01
1.722040090757698039e+01
8.301268021990455992e+00
7.671639263250705554e+00
7.902142450052130229e+00
7.301021766933432744e+00
7.816561033150690285e+00
2.088882103988186856e+01
1.014607045459283263e+01
1.811309768560525058e+01
7.226183476937659833e+00
3.308175101812541374e+00
1.108682213351244172e+01
4.417590890372004253e+00
1.076139541299502334e+01
7.613891365097228636e+00
5.000462329815455575e+00
4.183348672679546354e+00
1.172642341680795219e+01
6.959701877565254158e+00
5.653222952800919465e+00
1.730280834059676920e+01
1.018659984354940207e+01
4.377168168893520672e+00
1.868922164368251160e+01
2.313984740177392396e+01
4.327261444156219383e+00
5.147774511748485438e+00
6.421136303538832912e+00
8.183284620371681584e+00
7.664352972453437829e+00
8.418029347236874571e+00
5.470694726831101029e+00
4.712894035791792113e+00
1.067385756566893562e+01
9.152574721415923875e+00
1.209704981382031441e+01
9.639033165830756644e+00
3.300472361065017513e+00
5.600115557483198891e+00
1.898136851731375074e+01
1.922546049015815584e+01
9.023592561642635346e+00
7.168519563511495996e+00
7.299763862543830584e+00
4.956857878544496998e+00
8.498802060853398288e+00
3.595609884439967985e+00
1.154511968320044701e+01
3.349754012057668540e+00
4.438446396867838928e+00
6.003736919008673567e+00
1.251966777790286045e+01
1.225566263746313922e+01
6.698697332163382256e+00
1.108034290024252400e+01
9.553697749835386333e+00
1.866391414306159646e+01
5.299606961675857875e+00
4.261331934774681862e+00
5.485803057480185707e+00
6.709698759363817544e+00
1.759338671159117951e+01
5.517562822032738623e+00
2.059090939049726288e+01
1.526514941113388169e+01
7.076439939593544004e+00
4.456177874366127334e+00
7.495723073076335119e+00
9.335558451913961164e+00
1.034121005357306800e+01
3.345381217641164362e+00
4.989704726209746255e+00
1.049663346644837958e+01
2.041476624084597802e+01
5.554371008407246180e+00
8.663524280220894269e+00
9.799138414350496262e+00
4.991378418016508611e+00
7.745191842039920616e+00
9.045504487703031060e+00
8.620635711184640115e+00
5.527663671137764467e+00
9.180087370861413021e+00
3.334565592149599578e+00
4.078887397726814079e+00
1.833064122117279382e+01
4.856440564056777376e+00
9.097041513011063785e+00
5.852252363687046710e+00
5.151134165156594058e+00
1.540859490348673333e+01
1.064356246221064417e+01
1.553968211427338453e+01
4.131670941269448782e+00
5.712060221043137709e+00
3.833469244536639842e+00
1.321269986422479548e+01
4.451672733029274909e+00
9.152533142799860855e+00
3.623956385770648048e+00
8.663847074327829745e+00
3.410197665871513628e+00
4.388087172381522905e+00
1.991603301698672013e+01
2.163408032483481591e+01
4.366708085611014312e+00
7.130293658171616755e+00
7.606014727733967362e+00
1.688213500567756142e+01
4.314592929350321349e+00
5.902380897358669998e+00
6.087777022486074330e+00
1.063589110293733064e+01
2.058067959845402584e+01
4.376648774516450402e+00
5.119366782723369980e+00
3.531984262526618235e+00
