9.287096952976266806e+00
1.209597407878479380e+01
3.712513782498473969e+00
1.468549966004411722e+01
6.353138154944730331e+00
1.180593620215498696e+01
4.404988306334320036e+00
4.091428304168934105e+00
3.938237792067352139e+00
1.043137821727457926e+01
7.342347948672411029e+00
4.544556840862093772e+00
1.912526610193243926e+01
5.602197070761492093e+00
1.090859793482509943e+01
4.003566165981561120e+00
2.097000629595249421e+01
5.800324609350158589e+00
1.758607838343457530e+01
8.966329898537118481e+00
1.136730418298033030e+01
4.360313360245074321e+00
5.875561054863116084e+00
1.646288725583471546e+01
8.395526029258521206e+00
3.487757615578140236e+00
2.065482748760835108e+01
5.639998787587967577e+00
1.289313037601784728e+01
4.330364190708093197e+00
8.696477123910330675e+00
4.960614162235846614e+00
8.833371251385427669e+00
2.188258947283837230e+01
2.298620797323575005e+01
1.202361293365545158e+01
1.124920336242907482e+01
9.772973584304844863e+00
5.097873279030727289e+00
3.454955066206164993e+00
8.824348549698513011e+00
1.050178729689605284e+01
1.025682370703647628e+01
5.509452812622588347e+00
5.100597742190297268e+00
1.791158711957670846e+01
5.888208293122775494e+00
4.099428275474564565e+00
1.759519027730491203e+01
7.592922993491852957e+00
8.958055698819325841e+00
7.596880987015850906e+00
8.965591003302622042e+00
7.222189521139240398e+00
4.554310525299940515e+00
4.552855117248102879e+00
1.147606506977967911e+01
4.921042844653985782e+00
4.966622521130005907e+00
1.050633512508103884e+01
2.364963068554675019e+01
1.286296409849982680e+01
7.667746799281218273e+00
7.264162901190337251e+00
1.637002238206181914e+01
2.146298870894429101e+01
5.009114627255091712e+00
5.222917219442114956e+00
8.218691723091762213e+00
1.745178863952861192e+01
4.786166131556802483e+00
1.143736458794823108e+01
9.981131435987002476e+00
4.114346482179279008e+00
3.673864149188165840e+00
4.150011958230963138e+00
1.102970833680167928e+01
1.054948383757540853e+01
6.757429555226749152e+00
1.763641802493662425e+01
6.182024495379070395e+00
7.649564478481856611e+00
2.287130148955672126e+01
1.914256622466454161e+01
8.885704908449062245e+00
5.009301606411274754e+00
8.993998172235304622e+00
4.938397916641537932e+00
1.119496971236266525e+01
8.232564101730018180e+00
9.322808297343543771e+00
1.187676127360235334e+01
5.522713860649377970e+00
8.026799475913019677e+00
3.526447169010755722e+00
9.485714635266480954e+00
1.186191581395821970e+01
3.954941014021167600e+00
1.721405900220726792e+01
8.270434143820558859e+00
7.747725358779138816e+00
8.210096920576580359e+00
8.830697670149387335e+00
7.962364911328624117e+00
7.520776125309510896e+00
1.004749532659457678e+01
1.695257801136649789e+01
3.393236036388544985e+00
1.171151943039147980e+01
4.180009335696730943e+00
1.028022465986800427e+01
1.000897299564881848e+01
4.858969350651515029e+00
4.052128317898680443e+00
3.697363634357003104e+00
1.158054223710797537e+01
7.026063436857243438e+00
5.836639008516242733e+00
1.826613178961306971e+01
9.799426841000643762e+00
4.755893131200406465e+00
2.021826420211958109e+01
2.295172102794905555e+01
3.990374411995648352e+00
3.384918971794297793e+00
5.047369887197081795e+00
9.223523884536549033e+00
5.956105069102950011e+00
7.886486803727280837e+00
7.761224247356846462e+00
8.467108180155078045e+00
5.756434947068706620e+00
4.871474790229778584e+00
1.023202219226878285e+01
9.473912908201512550e+00
5.796475237877778852e+00
2.066482750819742265e+01
1.814236861982182347e+01
8.816261493486916123e+00
7.179452678618352124e+00
7.680092579106753803e+00
5.047230614378893421e+00
8.040851068422357528e+00
3.705207259487067972e+00
1.136192945091629269e+01
3.365249635162649522e+00
4.569817573742713357e+00
2.242559033790631773e+01
5.590246572431481376e+00
1.160526816607795375e+01
1.171246223425673882e+01
6.541197352896127803e+00
1.047097607145058795e+01
9.150370131456655898e+00
1.857774924544347428e+01
5.392485157624642866e+00
4.074540896149873248e+00
5.617718792625458590e+00
7.364560173986250291e+00
1.905766613486322569e+01
5.766722509480350922e+00
1.503187704502630773e+01
7.437175043548318598e+00
4.111957143847797980e+00
6.635601057834516148e+00
4.624701793969036245e+00
9.975948148040091112e+00
3.562388512888613690e+00
4.745533492012668830e+00
1.055939762645530422e+01
1.975365793964165917e+01
8.535564191865978145e+00
8.938059288288609849e+00
4.818374765886789923e+00
8.035316706830338163e+00
9.853728762664351493e+00
9.499890265733522909e+00
8.599091190675716589e+00
5.587304446340590758e+00
9.312812551437124498e+00
3.402869776835067306e+00
4.317936464541515029e+00
1.938558209623696627e+01
4.900085827712446829e+00
9.247390983760654493e+00
4.802899513589829361e+00
9.713466298953115086e+00
4.123224667590650760e+00
5.124649688887902066e+00
4.091771348737293756e+00
1.377557371606548742e+01
4.391808828689735655e+00
8.901151512426908496e+00
8.820471955207899839e+00
4.956753352132188262e+00
3.521800566336320770e+00
4.218558154081921252e+00
2.130319221635345883e+01
2.159157667463865948e+01
4.321022761172949700e+00
7.176484156931707936e+00
7.819594493070813002e+00
1.767160083893309164e+01
4.462766363308428907e+00
6.095510487466119898e+00
5.408244510598932742e+00
1.050359815028144972e+01
4.232022270009495379e+00
4.976989601861892432e+00
3.704704580724323737e+00
