9.952494291455897368e+00
1.291290793661377911e+01
3.469033325217837582e+00
1.202912534369641584e+01
6.795112440251561914e+00
4.095245309528878330e+00
3.946735674348214484e+00
3.962722358809869672e+00
1.090183446756203445e+01
7.100741411050441876e+00
3.911992363751175095e+00
2.292959537385602431e+01
1.023164171140494894e+01
5.537694788901672993e+00
1.198534985642554318e+01
2.206593040927074156e+01
5.687207582358650093e+00
5.771844347443947143e+00
1.645185406062869049e+01
9.332820491553230013e+00
1.185453625152137036e+01
3.955348574415952445e+00
6.036950063732958505e+00
1.351206623659925476e+01
8.375916183207245069e+00
3.489536855258809300e+00
2.303508127117752835e+01
5.647774369054867627e+00
1.326105130980298341e+01
4.180674355095375994e+00
8.531307431925316820e+00
5.130238855378319585e+00
9.345890783896601661e+00
2.214781183675340515e+01
1.202674573300246053e+01
1.273633594358316046e+01
9.866354640729390724e+00
5.100516160864827953e+00
3.131433369046137116e+00
1.060850573900970595e+01
1.109986807710286882e+01
5.559468485911176927e+00
5.202079414453741890e+00
1.586130229707771377e+01
3.125203566140133393e+00
5.837307499279874357e+00
4.062190263343241625e+00
1.503489690495450226e+01
7.159296900923928675e+00
9.184780998982223110e+00
7.466269785609474852e+00
8.771868161747322645e+00
7.555765354212245377e+00
4.622149209313520579e+00
3.688897537588975872e+00
1.241306535622607043e+01
5.140299400419905851e+00
5.227494549666830359e+00
1.138480280247858190e+01
2.416021134256133251e+01
1.255458570880898428e+01
7.720002948382136410e+00
7.319735707103887989e+00
4.927189008785818558e+00
8.225301517097527437e+00
8.767203768988823143e+00
1.869152820426117501e+01
5.439438820366856220e+00
5.398905800141730715e+00
8.333000413241203219e+00
1.692274570409145795e+01
2.430488808493339548e+01
4.552956706659471386e+00
1.153716149196346130e+01
1.004905064847564944e+01
3.185079664867891847e+00
4.024396444884786206e+00
1.147837499012246809e+01
1.283664702132017688e+01
1.112868903365253992e+01
1.689806379969075678e+01
6.829001659516029221e+00
2.183875566277275126e+01
1.843368984896745744e+01
8.574243322903702946e+00
4.820540690628335234e+00
9.405692591418562287e+00
5.463416429663291218e+00
1.128421531481344964e+01
8.263018761069156781e+00
9.196158467898378319e+00
1.180527923404270041e+01
5.535549686322423391e+00
7.872183581820661580e+00
3.215097841612385210e+00
9.732053432260014958e+00
1.145298082769833670e+01
1.348379314276589014e+01
3.846529599258035503e+00
8.051087636409285153e+00
7.726324331353657371e+00
7.993972717343301504e+00
8.378250128527771068e+00
7.663876209557448860e+00
7.619873732372656860e+00
1.882083881895835376e+01
1.083089718513085309e+01
1.684740788590359983e+01
7.576553965035397908e+00
3.127383767881533938e+00
1.307409101734935142e+01
4.089902118660663000e+00
7.533079791478157539e+00
1.007031576725635880e+01
4.971563368616130241e+00
4.042983261291219321e+00
3.537957051744438530e+00
1.158273892335988897e+01
6.708329973122448386e+00
9.935481916785747103e+00
4.164996948262495557e+00
1.831628011054101535e+01
3.845140733082027307e+00
3.098880347956975534e+00
8.507788361599672555e+00
8.035630939018012953e+00
7.869135173685267937e+00
8.853830340545378874e+00
1.051319489587757339e+01
9.288037899984681545e+00
1.283690312416330670e+01
3.072318031869982757e+00
5.649385666153490249e+00
1.782508358020358585e+01
1.750511460196499769e+01
8.837064708047215333e+00
7.398832461786193804e+00
7.407500453550607489e+00
7.929303297449425969e+00
3.573371760520219098e+00
1.144484122727408959e+01
3.167343480295607971e+00
4.361081809909700624e+00
2.044725603645786549e+01
5.892875610032847433e+00
1.217260442921022801e+01
6.504017336023846241e+00
1.084513364217359843e+01
8.559553555053696527e+00
1.584006057866609396e+01
5.227600959891367083e+00
3.873264185316156905e+00
5.654077504652132546e+00
7.208508464216201617e+00
1.790019161675460069e+01
5.617728468868583569e+00
1.902270128144921202e+01
1.534295854993596819e+01
7.382365118876870191e+00
4.316900415268503544e+00
7.215955201390488405e+00
5.086602259350789801e+00
1.011089730054695224e+01
9.851951655576932865e+00
3.226352313419117213e+00
4.927056483625626981e+00
1.009221503703830258e+01
1.828297104270973605e+01
5.605143751553107734e+00
8.623255521632612997e+00
9.998959460490464579e+00
4.974515471846799208e+00
7.785698559630169768e+00
9.356948510291283938e+00
9.956508126606889775e+00
5.555251280182591067e+00
9.431373806281289518e+00
3.171834074311584484e+00
3.980316300102302751e+00
2.003539673796401388e+01
4.624304995218260217e+00
9.034200381981685624e+00
5.315139820007490634e+00
5.021353447518710489e+00
1.450164514179736130e+01
9.485232072398233072e+00
1.357453487996770569e+01
3.948419948318705242e+00
4.881198484882661504e+00
3.741454871775524715e+00
1.372281236064262622e+01
4.110448652062618002e+00
8.518850966460338014e+00
3.177573355695582080e+00
8.349258627123127496e+00
4.700757889885661456e+00
3.281528346205026203e+00
4.081067369138402512e+00
1.806587763189538620e+01
2.219515598894836828e+01
3.658661532644261083e+00
8.215510411098158272e+00
7.917617731528745040e+00
1.710063338843062297e+01
3.953800867547743625e+00
6.145174303612138900e+00
1.074359157291587685e+01
2.122740190589821907e+01
3.997019022045094072e+00
4.774623866162222896e+00
3.538110810464270894e+00
