1.062153665713934103e+01
5.672120551676028910e+00
1.739231690456288959e+01
1.315952787821927572e+01
1.078899381981395500e+01
1.481999266398835147e+01
6.962409527988903335e+00
2.028601612536601095e+00
1.672438669824553514e+01
9.659370255605379540e+00
5.694734252860715884e+00
2.509632415413984852e+00
4.482872407731856690e+00
1.570212162303151615e+01
5.771571639179898128e+00
1.262743680509213107e+01
1.876896162725461181e+01
7.115235292314561200e+00
5.672120551676028910e+00
6.962409527988903335e+00
1.087395308933233018e+01
1.009248014760053636e+01
9.737587690905339599e+00
8.756977902764681687e+00
2.728653292529227770e+01
3.945095873220493932e+00
6.877387018305941346e+00
6.403665257562156654e+00
1.672438669824553514e+01
9.512673468737949278e+00
1.714281044570660129e+01
1.035874369792958305e+01
2.610786516257183720e+00
5.671926580227693471e+00
7.442120190534658342e+00
1.251923913573773461e+01
1.288214424223634502e+01
7.204221261452118164e+00
8.720984708324614587e+00
6.870032938586591698e+00
9.426428644720228789e+00
6.752024849396510930e+00
7.031642243536452064e+00
1.831938926105918597e+01
9.659370255605379540e+00
1.842284618978634469e+01
4.227375928104629033e+00
1.303808694082373876e+01
5.468478126269944894e+00
4.028175729462040167e+00
1.258561442517250661e+01
9.512673468737949278e+00
1.714281044570660129e+01
1.119560002061072268e+01
4.200437037485510672e+00
1.058167570484559761e+01
3.725702030802481968e+00
4.004218021898266144e+00
9.426428644720228789e+00
9.433948279205752740e+00
1.256296115573959682e+01
1.071770241698432535e+01
1.058661830299296547e+01
1.084384908876766751e+01
4.220713881728506145e+00
1.265368145754933238e+01
5.364631703312529254e+00
9.133270227989498835e+00
1.995531312746951169e+00
1.437637232799506215e+01
9.426428644720228789e+00
1.847837783087307884e+01
1.739231690456288959e+01
1.472984750744959292e+01
1.013930203273721631e+01
1.018838916396905425e+01
5.659146694693085067e+00
1.258561442517250661e+01
8.546950526870409348e+00
9.433948279205752740e+00
1.319045150666667077e+01
5.779706565885660119e+00
9.813461708513530724e+00
9.165492304807399293e+00
1.404552895536305179e+01
1.834027575504589080e+01
5.660576182562135905e+00
9.537317268911113644e+00
2.082727159969591568e+00
8.770079512660819532e+00
9.133270227989498835e+00
1.395360806023206202e+01
9.536680291338644366e+00
1.134376287128235639e+01
1.678550662321261155e+00
1.925434591290037289e+01
1.139152888522527007e+01
1.276258704423456436e+01
9.433948279205752740e+00
1.616689423396659464e+01
2.509632415413984852e+00
1.135509226739437949e+01
1.312333851224180847e+01
5.632871827350410143e+00
9.433948279205752740e+00
5.739743312728065483e+00
6.807955058740957632e+00
1.871448881481577331e+01
9.584855027625208024e+00
1.463773145285297161e+01
4.227375928104629033e+00
1.876896162725461181e+01
5.468478126269944894e+00
1.469437803567501000e+01
1.739231690456288959e+01
1.287761384401191123e+01
7.031642243536452064e+00
4.181378209856939421e+00
2.860730376906044370e+00
1.028313238115604200e+01
8.756977902764681687e+00
2.505499283695515889e+00
7.009427061870525222e+00
8.627420029829478310e+00
1.254257810431479747e+01
2.457177041428654007e+01
9.683467586799507032e+00
7.134602018354774700e+00
1.069801341295936226e+01
1.463773145285297161e+01
2.195760369580475491e+00
4.198638232551525462e+00
5.632871827350410143e+00
2.631701056637396174e+00
1.407819174111348026e+01
2.119621090299955668e+01
2.204884751061092718e+00
2.548171098714938854e+00
1.423409976644276576e+01
9.133270227989498835e+00
1.494844881595805575e+01
1.276976577313855543e+01
8.558428644665523777e+00
1.079452553488282796e+01
1.883607692717546911e+01
6.610583446804787044e+00
7.481374174388795595e+00
1.127417038838366103e+01
1.205906692779980816e+01
1.094783246849072178e+01
1.739231690456288959e+01
1.282386294354046363e+01
6.403665257562156654e+00
5.423599038221031954e+00
1.251923913573773461e+01
1.265368145754933238e+01
1.030011123037721710e+01
4.198638232551525462e+00
5.473208389771408555e+00
2.631701056637396174e+00
7.115235292314561200e+00
9.584855027625208024e+00
2.627555138812191160e+01
1.835210174443847464e+01
9.059877379279305032e+00
5.383806561047169481e+00
8.717332435380573230e+00
1.270340277596976364e+01
1.089850014320769844e+01
4.228214032958989677e+00
1.272393806900459445e+01
6.858554818187010405e+00
6.876836530425079808e+00
1.839655504144675646e+01
1.058609511539944137e+01
9.506268018437252110e+00
2.625496692701194235e+00
1.094783246849072178e+01
1.853658551238022767e+01
1.058167570484559761e+01
4.045138860701357864e+00
3.815298942981272035e+00
5.521299554720880742e+00
6.385675851797936176e+00
1.925434591290037289e+01
4.227375928104629033e+00
1.341871688132761697e+01
1.050992801843398894e+01
1.406752085474163927e+01
5.641972448269760854e+00
1.157436642852066910e+01
9.659370255605379540e+00
1.258561442517250661e+01
2.326950243536532348e+00
1.769459459251246258e+01
5.468478126269944894e+00
1.307100337601317364e+01
1.072310312659969611e+01
1.871374941910690026e+01
1.685929410178985455e+00
1.267828834047592856e+01
1.765891506045023718e+01
1.127417038838366103e+01
5.505761254936062166e+00
1.494844881595805575e+01
1.851258603115616808e+01
1.391744628905111014e+01
6.807955058740957632e+00
1.310063049643948752e+01
9.248896970462284983e+00
6.813687593615220806e+00
