1.103316981302721089e+01
5.817070304015685700e+00
1.747830537902136427e+01
1.327158547013458012e+01
1.077691117505871787e+01
1.506856143948554916e+01
1.035018476128467846e+01
1.747830537902136427e+01
1.011986183989139976e+00
6.784891760379142767e+00
1.417471000041123030e+00
1.746993273752602605e+01
5.929753140259737876e+00
9.767226596040535114e+00
5.806932762256269420e+00
2.370766129529890964e+00
4.245097722475901669e+00
1.418610548021061923e+01
5.474979291846373108e+00
1.350204121745702857e+01
1.971419522970410299e+01
6.653528806126534079e+00
6.784891760379142767e+00
1.092879772393930971e+01
9.767226596040535114e+00
8.167437720692598546e+00
2.711864827066850836e+01
4.172963248277048010e+00
6.752266505799582319e+00
1.746993273752602605e+01
9.551501120345903928e+00
1.795401454686050258e+01
6.749257289374146040e+00
1.060958969035683452e+01
2.577828172748811042e+00
4.051188653479782964e+00
5.806932762256269420e+00
6.993807013015331364e+00
1.403825681609841070e+01
6.960218031748448553e+00
8.076813544857094129e+00
6.513097047942011386e+00
9.570040844608080022e+00
6.509205042989234080e+00
1.797191934749871933e+01
9.767226596040535114e+00
1.782610488502577439e+01
4.245097722475901669e+00
1.323591498964437108e+01
3.964266371437162650e+00
1.315773604586270906e+01
9.551501120345903928e+00
1.783970399017020725e+01
1.141875667327437860e+01
4.216475480039182600e+00
1.081482202043086005e+01
1.312597060630602819e+01
5.564136426192907159e+00
3.739029885833799138e+00
3.917975409888061478e+00
9.570040844608080022e+00
9.527306747896238548e+00
1.297071735702779094e+01
1.094329573329955352e+01
1.053811127437874262e+01
9.967621472915976000e+00
4.363587730933744524e+00
1.315773604586270906e+01
5.230871581326019815e+00
9.085879356888769465e+00
6.804104585606430611e+00
1.409189523655431486e+01
1.507855737288963383e+01
9.709788433257592999e+00
1.958586082594356270e+01
1.747830537902136427e+01
1.421038241297692117e+01
1.188521127125701504e+01
1.180704175009272916e+01
5.806932762256269420e+00
1.312597060630602819e+01
8.122305640953781491e+00
9.527306747896238548e+00
1.356511939457579885e+01
9.265562465070575016e+00
9.129173542833644461e+00
9.620027021144574420e+00
1.495944762741971168e+01
1.912870979361666457e+01
1.081025231149883359e+00
5.817070304015685700e+00
9.204747373189997361e+00
1.854967982247691438e+00
9.289808116010091155e+00
9.085879356888769465e+00
1.390597228262343421e+01
9.570040844608080022e+00
1.156721738276523581e+01
1.033539173693285740e+00
1.872436629515951623e+01
1.212913772275505586e+01
1.342738238815955754e+01
9.527306747896238548e+00
2.370766129529890964e+00
1.165786911239048251e+01
1.345707127996156061e+01
5.755701007515901857e+00
9.527306747896238548e+00
6.008048996655270813e+00
6.564790876862669045e+00
1.841072793044162736e+01
9.719724956781824687e+00
1.417607670762009597e+01
4.245097722475901669e+00
1.973141044690908430e+01
5.564136426192907159e+00
1.409047361194352632e+01
1.747830537902136427e+01
1.326056403867715794e+01
6.749257289374146040e+00
4.332846076189575513e+00
2.950169068355733781e+00
1.188521127125701504e+01
8.167437720692598546e+00
2.442703155701537288e+00
6.804104585606430611e+00
7.929753400465026303e+00
1.297071735702779094e+01
2.458406463373090389e+01
1.042962119922448672e+01
7.225585662487677752e+00
2.383441514486017709e+00
9.310344506565440881e+00
1.077917252673766590e+01
1.417607670762009597e+01
1.952293611238295057e+01
4.245097722475901669e+00
5.755701007515901857e+00
2.616372542987736693e+00
1.471413832444405756e+01
2.130411654039567182e+01
6.618264350339512880e+00
2.266479952867918701e+00
2.455184396142902958e+00
1.406536709786947803e+01
1.439343897363265512e+01
7.939447884773086273e+00
1.368774262013012333e+01
7.969254864545312067e+00
1.103666113893792655e+01
1.831485000153062259e+01
6.402389876425523596e+00
7.679733112506938575e+00
1.251799513139796360e+01
1.081973938467053742e+01
1.747830537902136427e+01
1.342770949103811340e+01
6.511408900980373282e+00
5.259987624168882547e+00
1.342738238815955754e+01
1.312182113808341732e+01
4.245097722475901669e+00
5.668262501336418069e+00
2.370766129529890964e+00
2.616372542987736693e+00
6.647728240827024848e+00
2.637420300023621067e+01
1.011986183989139976e+00
1.796522719304218185e+01
8.421301257584444144e+00
5.335715998173546026e+00
9.272357525800218880e+00
1.322650365762348379e+01
1.098936292929586678e+01
4.373970385574816433e+00
1.332117638709602225e+01
6.606752908093457499e+00
6.606752908093457499e+00
6.584956365450940652e+00
9.620027021144574420e+00
1.041630034199861932e+01
9.310344506565440881e+00
2.383441514486017709e+00
1.078334624541358444e+01
1.805229569840926729e+01
1.070258558557943829e+01
3.927396651862141486e+00
1.847184392568350120e+01
1.029973964709998668e+01
1.388601782338500534e+01
5.770542700264857494e+00
1.188335469737510053e+01
9.837265786252427091e+00
1.312597060630602819e+01
2.351021714363836779e+00
5.564136426192907159e+00
1.345707127996156061e+01
1.100780716940317427e+00
4.328387609772267552e+00
1.312597060630602819e+01
1.887148276725872975e+01
1.166230363349798438e+01
5.792996416577293139e+00
1.438443996975801653e+01
1.804037651154846600e+01
6.564790876862669045e+00
4.051188653479782964e+00
1.353542786085877125e+01
9.528194166443817892e+00
6.513097047942011386e+00
