5.964160330900235785e+00
1.738839045182078991e+01
1.387810439511832072e+01
1.453163389009536743e+01
9.495100697445185034e+00
1.738839045182078991e+01
1.455047072209421977e+00
6.588281906747603500e+00
1.795967094930307928e+00
1.649322883468632384e+01
5.813533445363583851e+00
5.904143913057685822e+00
2.223324183273087229e+00
4.672399050300201750e+00
1.531449379613370354e+01
5.579130784477785987e+00
1.316166161110739274e+01
1.994793217078075642e+01
5.933002845527380664e+00
6.588281906747603500e+00
1.129502085585803428e+01
8.984962746020256574e+00
9.057377946946624903e+00
8.095147505851725711e+00
2.552529044971193883e+01
4.253332684345327408e+00
6.107013865831042665e+00
6.295357376681108619e+00
1.649322883468632384e+01
9.017221516501294332e+00
6.608856219361151751e+00
1.053475222262824396e+01
2.439230788933299365e+00
4.212939141818327293e+00
5.933002845527380664e+00
7.357257318483013897e+00
1.285722352961419723e+01
1.286340423080479667e+01
6.044312277867615713e+00
8.031958370082044496e+00
6.293687128760386607e+00
9.273433026721658479e+00
6.044312277867615713e+00
6.626483828034379187e+00
1.807547252392334514e+01
9.057377946946624903e+00
1.805273552258994130e+01
4.378733166455255343e+00
1.379535823319464249e+01
5.709870079359148143e+00
4.409715091802225650e+00
1.308010086020794915e+01
9.017221516501294332e+00
1.617335184395463088e+01
4.545508734807190088e+00
1.306410503285007074e+01
5.709870079359148143e+00
3.585069718427854379e+00
9.273433026721658479e+00
8.864549252828906489e+00
1.212602676050365957e+01
1.154559236094143415e+01
9.385174594662265335e+00
4.654515869057429533e+00
1.313624148901456934e+01
5.381861247358262546e+00
8.356412107434834979e+00
6.608856219361151751e+00
1.507584015040975389e+00
1.459251119047675083e+01
1.602770572639311553e+01
9.634908145519453626e+00
1.938964563526233675e+01
1.738839045182078991e+01
1.434127327630533877e+01
9.051550627037949326e+00
5.933002845527380664e+00
1.308010086020794915e+01
8.932444754709106149e+00
5.156033967182773736e+00
9.611855689159620297e+00
8.356412107434834979e+00
9.388775423426430677e+00
1.520914399966035901e+01
1.899631863221816985e+01
1.373660859997168693e+00
5.960128186791931348e+00
9.648454423872403041e+00
1.976390833354379817e+00
9.369529712260804999e+00
8.356412107434834979e+00
1.435221609135667364e+01
9.273433026721658479e+00
1.206729125576690009e+01
1.357711596179226099e+00
1.910394298819288750e+01
1.010462615585926827e+01
1.294473657965779978e+01
8.840294474325565588e+00
1.598560265467657260e+01
2.223324183273087229e+00
1.225955541750635192e+01
1.407115170261632997e+01
5.904143913057685822e+00
8.864549252828906489e+00
6.001812853345779075e+00
6.193267195088001387e+00
1.870813827420889197e+01
1.454933976231660075e+01
4.389637549955369700e+00
2.011432293668939408e+01
5.709870079359148143e+00
1.425446539453166217e+01
1.738839045182078991e+01
1.338080044518339662e+01
6.626483828034379187e+00
4.591684731747083248e+00
2.669704636052785407e+00
8.095147505851725711e+00
2.370165260814857788e+00
6.608856219361151751e+00
8.074412942624443090e+00
1.212602676050365957e+01
2.332757074951951282e+01
8.929393001575627764e+00
6.799440243648883886e+00
2.342494145975980047e+00
8.787723227433655637e+00
1.157533424305416325e+01
1.454933976231660075e+01
2.254017662603343908e+00
1.924435471588898494e+01
4.389637549955369700e+00
5.904143913057685822e+00
2.514292342761301313e+00
1.490620618699059818e+01
1.861056512936772123e+01
6.168295155076112479e+00
2.273605040940687161e+00
2.370165260814857788e+00
1.430791157160811089e+01
8.356412107434834979e+00
8.239055424317918153e+00
1.329281536219188098e+01
7.248852232253796934e+00
1.172690820868423600e+01
1.861056512936772123e+01
6.057587611759647217e+00
7.130459969192814995e+00
1.187850101912783707e+01
1.244108192507180277e+01
1.257261492355790011e+01
1.738839045182078991e+01
1.247828627772840449e+01
6.295357376681108619e+00
5.431616397662266671e+00
1.295336499754999338e+01
1.313624148901456934e+01
9.378227215190317878e+00
4.389637549955369700e+00
5.767847212355640352e+00
2.223324183273087229e+00
2.514292342761301313e+00
6.321493467924750753e+00
9.004255182612086017e+00
1.455047072209421977e+00
1.809634505084162370e+01
5.492902878554328794e+00
1.313130326866929032e+01
1.236547595546850253e+01
4.618078917873036815e+00
1.204538247316017774e+01
6.304211729142180864e+00
6.287228161065159249e+00
1.806174082337658859e+01
6.193267195088001387e+00
9.462328688851485481e+00
1.141304337152276460e+01
8.787723227433655637e+00
2.342494145975980047e+00
1.236547595546850253e+01
1.846641136984772302e+01
4.376287774057006530e+00
4.225816377895228015e+00
5.292744082281006790e+00
6.295357376681108619e+00
1.900847035454825118e+01
4.378733166455255343e+00
1.539919340723143470e+01
1.138105693082212433e+01
5.793255420667456690e+00
1.221703195002756814e+01
1.306410503285007074e+01
1.772228063157190192e+01
5.709870079359148143e+00
1.407115170261632997e+01
1.166490859426551374e+01
1.875241042046620876e+01
4.633907293975782160e+00
1.306410503285007074e+01
1.777090008701360091e+01
1.187850101912783707e+01
5.731223538996647271e+00
1.454933976231660075e+01
1.809634505084162370e+01
1.520914399966035901e+01
6.189541468710971550e+00
4.264291460380989385e+00
9.714799264589103700e+00
6.356951437175053066e+00
