9.781353066339450564e+00
5.644146817697983209e+00
1.693767808048937340e+01
1.276694052791165035e+01
1.041066750769428850e+01
1.471083271607311183e+01
1.008641610079813944e+01
1.691568429646870797e+01
1.467158300983608887e+00
7.088733530773724034e+00
1.688657655374497413e+00
1.737266264894655166e+01
5.859232797288054684e+00
1.013630457737034973e+01
4.590180913718366895e+00
1.602733358089745153e+01
5.474509548456703456e+00
1.231041332914601760e+01
7.024821353821327108e+00
5.618733262221910607e+00
7.088733530773724034e+00
1.022285666374088109e+01
1.048125106083558933e+01
7.874698193370424093e+00
4.305626718546085030e+00
7.009589573047523281e+00
7.206695752131277999e+00
1.737266264894655166e+01
9.881370447056697870e+00
1.778116655888531383e+01
7.245352477084339604e+00
1.110815149261466495e+01
2.407224562934779044e+00
4.142897933129528809e+00
5.618733262221910607e+00
1.236499398685861628e+01
1.367913263721367656e+01
7.025865399319019211e+00
7.874698193370424093e+00
9.908455736271641001e+00
7.269887276307198221e+00
1.839910844630573195e+01
1.013630457737034973e+01
1.846593968709214195e+01
4.399296575974504186e+00
1.276694052791165035e+01
5.436696071269726538e+00
4.315719920867287840e+00
1.277667363578818183e+01
1.782855678355915074e+01
9.894868076212395280e+00
4.444231494545420880e+00
9.781353066339450564e+00
1.278887519000311812e+01
5.436696071269726538e+00
3.869167695999944367e+00
4.289351177224352440e+00
9.908455736271641001e+00
1.215868484288392004e+01
1.017082142190854555e+01
1.029013402010650502e+01
1.025284941073534384e+01
4.481872731924794628e+00
1.274947642820955096e+01
5.277075460990446665e+00
7.245352477084339604e+00
1.518877832063344702e+00
1.471632285262558604e+01
1.628433318561394927e+01
9.908455736271641001e+00
1.857563514019084394e+01
1.693767808048937340e+01
1.517426551180426486e+01
1.071340824525266022e+01
1.093207569698854442e+01
5.618733262221910607e+00
1.277667363578818183e+01
8.090174710157119975e+00
1.349096120517727826e+01
5.308913544096943937e+00
8.345096384427179714e+00
8.489121893555502396e+00
9.908455736271641001e+00
1.504602469381888419e+01
1.840368236505841182e+01
1.552031838847607315e+00
1.918326752616292152e+00
9.781001128121912913e+00
8.433484940574002664e+00
1.441670336341773151e+01
9.881370447056697870e+00
1.931703014287917952e+01
1.111522614853515556e+01
1.256127984548547083e+01
1.023761200661411763e+01
1.635607413790953046e+01
2.451991876035755968e+00
9.739345079799228699e+00
1.350190188458168983e+01
5.598467041094612462e+00
1.013630457737034973e+01
6.793722040616863467e+00
1.878740179276035249e+01
9.979434248814452957e+00
1.523948651006373822e+01
4.399296575974504186e+00
1.868846556957280569e+01
5.436696071269726538e+00
1.517426551180426486e+01
1.691568429646870797e+01
1.301151076139620955e+01
7.269887276307198221e+00
4.424793196655727456e+00
2.951240872699569806e+00
1.096288405073045702e+01
7.874698193370424093e+00
2.483838892754247851e+00
7.245352477084339604e+00
8.467809160914461231e+00
1.215868484288392004e+01
2.380775364989837684e+01
7.407431929916713287e+00
2.451991876035755968e+00
8.921218099931364165e+00
9.858596015820358716e+00
1.523948651006373822e+01
2.138229007350562760e+00
1.846948592037197656e+01
4.399296575974504186e+00
5.570358480774888932e+00
2.547844217632603936e+00
1.459750136410131027e+01
2.120086905076713180e+01
6.893605168249993476e+00
2.161617528648122288e+00
2.490323191968944805e+00
1.440781435039195912e+01
8.433484940574002664e+00
1.544610301817059295e+01
7.796135407518039351e+00
1.241550160576069928e+01
7.837104395431216730e+00
1.023351698736276028e+01
1.884645066547622605e+01
6.887296743155933321e+00
8.086605623533957399e+00
9.739345079799228699e+00
1.044076589352813045e+01
1.691568429646870797e+01
1.350906319767505970e+01
1.231041332914601760e+01
1.264395329049139960e+01
1.069410677335879178e+01
4.399296575974504186e+00
5.599595569964889386e+00
2.442674528822298186e+00
2.547844217632603936e+00
6.927156676139999192e+00
9.979434248814452957e+00
2.669583607118310198e+01
1.467158300983608887e+00
1.839910844630573195e+01
7.830394762340514347e+00
5.399900585414169285e+00
9.781001128121912913e+00
1.280339391417858863e+01
1.043331539114395312e+01
4.451457582837084814e+00
6.937117586862711960e+00
6.937117586862711960e+00
1.839910844630573195e+01
6.793722040616863467e+00
9.908455736271641001e+00
1.025199689353519084e+01
8.921218099931364165e+00
2.451991876035755968e+00
1.044076589352813045e+01
1.859084371530279256e+01
9.738914688697606792e+00
4.329968709986265374e+00
4.143822484430415010e+00
5.264987200422697633e+00
7.187749980208771206e+00
1.897641027164745964e+01
4.436979315925205114e+00
1.570559635703782497e+01
1.009252883889129748e+01
1.442205190956980054e+01
5.620689735082510907e+00
9.739345079799228699e+00
1.018278580061715921e+01
1.276414914703556036e+01
2.183125128930472503e+00
1.734702222005075711e+01
5.436696071269726538e+00
1.337726836472930536e+01
9.703622186718508402e+00
1.883444377647639811e+01
1.554584285536223520e+00
4.468929652986659562e+00
1.276414914703556036e+01
9.739345079799228699e+00
5.729284215025743698e+00
1.544610301817059295e+01
1.839910844630573195e+01
1.504602469381888419e+01
6.922642961115854199e+00
4.183999934511631658e+00
1.344692465767406730e+01
9.814115095047446502e+00
6.863016934897256505e+00
