1.022923016389254691e+01
5.982040012480769775e+00
1.685124965894553029e+01
1.113852564827118208e+01
1.012347976044497422e+01
1.006249683810138329e+01
1.694188767873395207e+01
1.382336147584874775e+00
6.848175352890711665e+00
1.606387777519206805e+00
1.732323457330550553e+01
5.828528309753059133e+00
9.862670992386705748e+00
5.879041627708960327e+00
2.110801437619608034e+00
4.359490192452406987e+00
1.587676979434301217e+01
5.664386838701311433e+00
1.133433940744115986e+01
1.815771885315335865e+01
7.106023680068444648e+00
5.982040012480769775e+00
1.027569577575889959e+01
1.002250555775758301e+01
9.862670992386705748e+00
7.864205149587508714e+00
2.667335823015230645e+01
4.227431193563258027e+00
6.518921829977552207e+00
1.732323457330550553e+01
1.712793869166126726e+01
6.899618565643575785e+00
9.693945037681352517e+00
2.261243867703652821e+00
4.090831094051435635e+00
5.926568605719300109e+00
7.136749583976979672e+00
1.127709401365826380e+01
1.340897841526308554e+01
7.178892358762369419e+00
7.835239068080540825e+00
6.719394492997078139e+00
9.826196451083070826e+00
6.642731520201041739e+00
6.899618565643575785e+00
9.831281574461385731e+00
1.874189356417655006e+01
4.118322398139687479e+00
1.121211099839096192e+01
5.650718559404879215e+00
4.142639917931923321e+00
1.318195259661342966e+01
9.855705534349421981e+00
1.712793869166126726e+01
1.051189490972164720e+01
4.221027122706990653e+00
1.022923016389254691e+01
1.318195259661342966e+01
5.650718559404879215e+00
3.640776959126370560e+00
4.141772169684498905e+00
9.826196451083070826e+00
9.741300707018734073e+00
1.132357722688915658e+01
1.032514442296589863e+01
1.018442398211739786e+01
9.925104690088877746e+00
5.431870254244187457e+00
8.276296835984089384e+00
6.929596565136597164e+00
1.500387454529847453e+00
1.726708593418581472e+01
9.826196451083070826e+00
1.678832658717445270e+01
1.529235133617707554e+01
1.035640693821550862e+01
1.053300343627051738e+01
5.911481184452411775e+00
1.318195259661342966e+01
8.405544182065145975e+00
9.741300707018734073e+00
1.341570222714719129e+01
5.240058057973768335e+00
9.225069093859403324e+00
8.276296835984089384e+00
9.826196451083070826e+00
1.570418809669071081e+01
1.811712243047354320e+01
1.298884619572966193e+00
5.982040012480769775e+00
8.289957574782265581e+00
1.840638274286686693e+00
9.535492434917644644e+00
8.276296835984089384e+00
1.446544833214639247e+01
9.826196451083070826e+00
1.085253403312584908e+01
1.287052390504270338e+00
1.924399850831735037e+01
1.123178975067114571e+01
1.147712125998873667e+01
1.589556926198309661e+01
2.110801437619608034e+00
1.338620017368827497e+01
9.741300707018734073e+00
6.385587965372973684e+00
6.614535340766304117e+00
1.875784308625117447e+01
9.855705534349421981e+00
1.523648004129911371e+01
4.131315517458649111e+00
5.650718559404879215e+00
1.682844334944102371e+01
4.179296188426792291e+00
2.692340704998492651e+00
1.053300343627051738e+01
7.864205149587508714e+00
2.233231361224862432e+00
6.929596565136597164e+00
7.938820122383387634e+00
1.123714907804082941e+01
2.413560143465521435e+01
1.009122038561735835e+01
6.931108492122660891e+00
2.279320759780700811e+00
8.480398311133869882e+00
1.025986150688218146e+01
1.523648004129911371e+01
2.028238344958953832e+00
1.810497342129012566e+01
4.131315517458649111e+00
5.669173244309831716e+00
2.255125649539832189e+00
1.548138659435984010e+01
2.117600126548592954e+01
7.028310179386659584e+00
2.028238344958953832e+00
2.233231361224862432e+00
1.439997375331957841e+01
8.276296835984089384e+00
1.543469430737085091e+01
7.737827363924266955e+00
8.157915814367695972e+00
1.038082221444539677e+01
1.851325547832784579e+01
7.013129587750497329e+00
7.736410555197340777e+00
1.087767880094308026e+01
1.167131158158734650e+01
1.278973064244759072e+01
6.518921829977552207e+00
5.431870254244187457e+00
1.133433940744115986e+01
1.317606924987251737e+01
1.013296705786324559e+01
4.131315517458649111e+00
5.698602048825462951e+00
2.110801437619608034e+00
7.089530464959796774e+00
9.855705534349421981e+00
2.630116868886963033e+01
1.382336147584874775e+00
1.889637412387035198e+01
8.092320624598103862e+00
5.566306547188035303e+00
9.535492434917644644e+00
1.344378305695475539e+01
1.029309780494957138e+01
4.191467756639065456e+00
1.287711996449936969e+01
6.661884908861914312e+00
6.698613512642754841e+00
1.874189356417655006e+01
6.614535340766304117e+00
9.826196451083070826e+00
1.024498721650916444e+01
8.480398311133869882e+00
2.279320759780700811e+00
1.023529302953591191e+01
1.016438549999860896e+01
4.174616559453933284e+00
3.970150876274417318e+00
5.214875815332093545e+00
6.518921829977552207e+00
4.125010027517439504e+00
1.620652507376521356e+01
1.036347062319638823e+01
1.432220067081284398e+01
1.093359045134848628e+01
9.855705534349421981e+00
1.318195259661342966e+01
2.177267843510134249e+00
1.742259944326236720e+01
5.650718559404879215e+00
1.336264644027994564e+01
1.028447231096054537e+01
1.867295633587780301e+01
1.318935254731013806e+00
4.249001243646543635e+00
1.319903560686231891e+01
1.742259944326236720e+01
1.087767880094308026e+01
5.733206296430370053e+00
1.543071921475449848e+01
1.903174567355020486e+01
1.561473578185543154e+01
6.642731520201041739e+00
4.073467982990176317e+00
1.330669848395964827e+01
9.629308997515337865e+00
6.717393524620064227e+00
