1.071411062911636414e+01
1.701966756974928430e+01
1.353321375093132950e+01
1.066848884522923946e+01
1.481373150662184557e+01
9.979970579156601573e+00
1.703390175733503042e+01
1.300502426614162710e+00
1.660361832789778225e+00
1.706746234203448864e+01
6.038769300408046270e+00
9.659078804679669616e+00
5.963680198721403869e+00
2.111887635200947244e+00
4.820196945603965055e+00
1.618652418470698962e+01
5.760687548696202143e+00
1.321847133204765612e+01
1.825835073211455040e+01
6.885430002331379029e+00
5.950067797121739943e+00
7.059582644398424200e+00
1.075066195889384346e+01
1.007696979714851793e+01
9.709044484235779038e+00
7.978905032636274264e+00
2.694588019957893721e+01
4.482467067125855742e+00
6.937599537649245640e+00
6.616988100868396394e+00
1.706746234203448864e+01
9.416750737935341675e+00
1.758395298157726572e+01
7.059582644398424200e+00
9.167632744620238583e+00
2.303396480103199195e+00
4.380621260224187630e+00
5.963680198721403869e+00
7.372567243797415237e+00
1.284723676374752799e+01
1.337535656705979115e+01
7.940091443194722487e+00
6.989143120057909719e+00
9.365833495664219299e+00
6.807033731292071010e+00
7.059582644398424200e+00
1.754998694747499854e+01
9.639699493155449161e+00
4.607840365156687490e+00
1.353321375093132950e+01
5.947335786032559746e+00
4.452790398964093121e+00
1.333360432203784463e+01
9.416750737935341675e+00
1.758395298157726572e+01
1.266221332396757582e+01
4.549080165116972552e+00
1.058841538293825657e+01
1.333360432203784463e+01
5.947335786032559746e+00
3.924707490305205049e+00
4.488726647690379323e+00
9.365833495664219299e+00
9.626762005554910573e+00
1.270544157165429411e+01
1.081389425772995061e+01
1.052363175381042915e+01
1.063001933716941672e+01
4.712024195166895524e+00
1.330655085706027485e+01
5.569546363058185179e+00
8.211300963687172327e+00
7.059582644398424200e+00
1.425997720407765401e+00
1.464233475662826045e+01
1.567099255525030621e+01
9.461055915926255722e+00
1.816104789913358530e+01
1.701966756974928430e+01
1.495674591356822525e+01
1.032931007270058643e+01
1.042050985217296954e+01
5.950067797121739943e+00
1.333360432203784463e+01
7.882464049575028220e+00
9.683446802195858183e+00
1.355358356398810393e+01
5.655698961279983727e+00
8.398897341354659929e+00
8.226927019085280790e+00
9.365833495664219299e+00
1.327326179450537103e+00
6.056894843449198262e+00
8.728544072180474345e+00
1.886210698845366629e+00
8.977405085576055654e+00
8.211300963687172327e+00
1.433216915247533940e+01
1.194976151926396568e+01
1.308727295302041460e+00
1.898166844433020728e+01
1.136763369995637873e+01
1.301307029974410590e+01
9.649402132610545024e+00
1.646883084272856479e+01
2.133387281066410512e+00
1.281761222507327780e+01
5.974398931157896442e+00
9.626762005554910573e+00
6.154041585395535030e+00
6.795504662254930217e+00
1.867261506869196097e+01
9.584848410827600418e+00
1.503982075905818938e+01
4.607840365156687490e+00
1.828472055077993375e+01
1.495674591356822525e+01
1.701966756974928430e+01
1.332265237983122041e+01
7.043954303273264550e+00
4.680258850716001895e+00
2.762763108953250057e+00
1.045641645535118336e+01
7.978905032636274264e+00
2.137664534804134320e+00
8.686866084840666247e+00
1.270544157165429411e+01
9.896256581494780491e+00
7.029790873873995594e+00
2.392490733198086250e+00
8.541929814501692420e+00
1.057056655091476927e+01
1.503982075905818938e+01
2.033509756598195661e+00
1.798519089439857765e+01
4.607840365156687490e+00
5.963680198721403869e+00
1.440935466419596445e+01
2.059851894981551013e+01
6.885430002331379029e+00
2.049130664877578223e+00
1.473859539622830006e+01
8.211300963687172327e+00
1.520864576747572272e+01
7.868340755737205150e+00
1.358282086696365099e+01
7.528645196992986399e+00
1.108853501525307905e+01
1.868781334140059158e+01
6.625396550723970712e+00
7.326788821365906479e+00
1.190969439837225785e+01
1.319713009464983600e+01
1.094316807898405663e+01
1.701966756974928430e+01
1.310043933968685437e+01
6.554640821962080643e+00
5.690197463781208498e+00
1.295487937983281235e+01
1.323843488279860559e+01
1.053890652845552545e+01
5.827647676754753370e+00
2.118374263426269888e+00
2.270176205655789037e+00
6.999740593020735702e+00
9.584848410827600418e+00
2.557019951828274884e+01
1.300502426614162710e+00
1.739372281724452307e+01
7.954637655894771342e+00
5.600034676442403381e+00
8.977405085576055654e+00
1.322489594104009036e+01
1.101065174307679229e+01
4.695468608064201632e+00
1.294988869785210639e+01
6.895583887800075473e+00
1.733223175033227648e+01
6.849015051195669557e+00
9.461055915926255722e+00
1.056941219745865013e+01
8.541929814501692420e+00
1.799867289958871552e+01
1.057056655091476927e+01
4.488726647690379323e+00
4.277496745747892959e+00
5.562071222553592875e+00
6.554640821962080643e+00
1.884194941680007673e+01
4.607840365156687490e+00
1.496321394679417693e+01
1.065628863323873254e+01
1.429325508417731250e+01
5.947985808958076603e+00
9.639699493155449161e+00
2.120393431220222613e+00
1.729691967624519933e+01
1.084985477110912910e+01
1.844102818328698845e+01
1.339232670708885298e+00
4.712024195166895524e+00
1.323909608332711230e+01
1.729691967624519933e+01
1.190969439837225785e+01
6.007315913958032105e+00
1.520864576747572272e+01
1.754998694747499854e+01
1.450737160949771543e+01
6.837821453320723109e+00
4.353651315360276719e+00
1.355358356398810393e+01
