1.037739212598644123e+01
6.014352273804377980e+00
1.758167692109827840e+01
1.265889591989226659e+01
1.040582492232294420e+01
1.412808418393338350e+01
1.022083133466488825e+01
1.753419168587276999e+01
1.374553334920045611e+00
6.571065152591092584e+00
1.464200560813015306e+00
5.518068939624620306e+00
9.401331959501202817e+00
5.955022057972449545e+00
2.310742754510645813e+00
4.705110267506444899e+00
5.521711951414607356e+00
1.243998047864092982e+01
2.020716590383537792e+01
6.428573306193885450e+00
5.969561534686031123e+00
6.571065152591092584e+00
1.043591953124933092e+01
9.420446587660091353e+00
9.401331959501202817e+00
8.078479406728053647e+00
2.680674459419585176e+01
4.370372869378536862e+00
6.673783984916875411e+00
6.315640418959173275e+00
9.445977311853212655e+00
2.032480756002231814e+01
6.674191440902273342e+00
1.048248208114603841e+01
2.221429201923143193e+00
4.432802651869997668e+00
5.955022057972449545e+00
7.035416805854275424e+00
1.186076606001988765e+01
1.229730289700949264e+01
6.999245529945377520e+00
6.303349010283382015e+00
9.445977311853212655e+00
6.485368973471087983e+00
6.674191440902273342e+00
1.787815632432351620e+01
9.401331959501202817e+00
1.790469874685306806e+01
1.262169345091430017e+01
5.512135193564308366e+00
4.593831553780093557e+00
1.317642073358250165e+01
9.445977311853212655e+00
2.019330119917398036e+01
1.124248072213954863e+01
4.621049424293349084e+00
1.032476981494147061e+01
1.312988694199741069e+01
5.475427955204278163e+00
3.743424775914860447e+00
4.593831553780093557e+00
9.445977311853212655e+00
9.270011831529407331e+00
1.084999431061864783e+01
1.048106007331719880e+01
1.068099263975532942e+01
1.044841914186774368e+01
4.695197696359671546e+00
1.316046400764021129e+01
5.327273124977557117e+00
8.996029422326868641e+00
6.674191440902273342e+00
1.485816441771641516e+00
1.474210163261212259e+01
1.695801348623164984e+01
9.495230516069248949e+00
1.995436680187708234e+01
1.758167692109827840e+01
1.571283941832496645e+01
9.514119425592316048e+00
5.955022057972449545e+00
7.992791899592691429e+00
9.270011831529407331e+00
1.356570097538756947e+01
5.345979960888970872e+00
9.369128682410686082e+00
8.996029422326868641e+00
9.445977311853212655e+00
1.502352829634883591e+01
2.033341039618881396e+01
1.434159387321388923e+00
6.011607004076260807e+00
8.904540545333015089e+00
1.574354595715583338e+00
8.702451882566219155e+00
1.456316471631427234e+01
9.445977311853212655e+00
1.135273888815167531e+01
1.427701340333143776e+00
1.876382088335582310e+01
1.100368679917053250e+01
1.186076606001988765e+01
9.270011831529407331e+00
1.904552880632305545e+01
1.125832959022537594e+01
1.351337555017775749e+01
5.945803161362857914e+00
9.270011831529407331e+00
6.073654603264753149e+00
6.485368973471087983e+00
1.848670081474836024e+01
9.488444764255362429e+00
4.484257091589876509e+00
2.029465486864760138e+01
5.475427955204278163e+00
1.571283941832496645e+01
1.753419168587276999e+01
1.341456696350921440e+01
6.674191440902273342e+00
4.634847338847187359e+00
2.674942322293864194e+00
9.661800451872089468e+00
8.078479406728053647e+00
2.324253845413683628e+00
6.674191440902273342e+00
7.723264427986396008e+00
1.084036322950620779e+01
2.479772836323655127e+01
9.345966168678685904e+00
6.795327716664936624e+00
2.395694353320516612e+00
9.765305129393436090e+00
1.036040683123000505e+01
1.599380082242497281e+01
1.574354595715583338e+00
1.957859209283892454e+01
4.484257091589876509e+00
2.422415391607554369e+00
1.485410161122496930e+01
2.179085144277253150e+01
6.303349010283382015e+00
2.353900042961521333e+00
1.440052651069214562e+01
8.996029422326868641e+00
1.599380082242497281e+01
8.032035087388454286e+00
1.272168148423202005e+01
7.928527507666586871e+00
1.048106007331719880e+01
6.353383035758750630e+00
7.289897565035346361e+00
1.130204244781821465e+01
1.199288591870534226e+01
1.091151599002455974e+01
1.758167692109827840e+01
6.292292790624552268e+00
5.385118755032875626e+00
1.206005472495368558e+01
1.305356724221454456e+01
1.000249464111517206e+01
4.484257091589876509e+00
2.310742754510645813e+00
2.422415391607554369e+00
9.439207865503313144e+00
2.655626363257151468e+01
1.374553334920045611e+00
8.284904032239099436e+00
5.312752936140284099e+00
8.685001292356348657e+00
4.655672237380000134e+00
1.103942682097231653e+01
6.545941779523019477e+00
6.545941779523019477e+00
1.790469874685306806e+01
6.514718520632746035e+00
9.445977311853212655e+00
2.395694353320516612e+00
1.081964086203582376e+01
1.801346808747527461e+01
1.030536845619532826e+01
4.593831553780093557e+00
5.310839429182327542e+00
6.278410805209770018e+00
1.843325417306449054e+01
4.484257091589876509e+00
1.565436211858990845e+01
1.066408069248923596e+01
1.453590030154678026e+01
5.993467075612881168e+00
1.158958871649721623e+01
9.512639099041086510e+00
1.303053899228561185e+01
1.923825399559959459e+00
1.808733916321718738e+01
5.475427955204278163e+00
1.347002914365440773e+01
1.062856183537786592e+01
1.856286845776123329e+01
1.434159387321388923e+00
4.695197696359671546e+00
1.298319011771131315e+01
1.808733916321718738e+01
1.127637870697464528e+01
1.599380082242497281e+01
1.794226068777836147e+01
1.492580191672464274e+01
4.542602054493295682e+00
1.354722307493045719e+01
8.930663410739281716e+00
6.341721298755135017e+00
