1.079984712743986464e+01
5.935414501597091608e+00
1.765374930351437044e+01
1.271521171351129098e+01
1.147880237343907517e+01
1.397341724955302666e+01
7.358158424393731245e+00
1.765374930351437044e+01
1.388525040520651066e+00
6.830237232515389501e+00
1.576095526634381461e+00
1.705609795873180801e+01
5.751407226107098758e+00
1.036582635503037686e+01
5.935414501597091608e+00
2.507737550639564716e+00
1.640017540844366550e+01
5.708653372213019495e+00
1.287681997259617184e+01
1.928832628169795171e+01
6.959207370021418981e+00
5.935414501597091608e+00
6.830237232515389501e+00
9.004778944005765950e+00
1.041178643886302702e+01
7.623411280416938496e+00
2.719814299645768685e+01
4.451875793308449403e+00
6.941229477235982159e+00
6.287609293304403657e+00
1.705609795873180801e+01
1.007921142101155709e+01
1.756224677143626423e+01
6.818229207673808467e+00
8.820072654507754351e+00
2.713746199448523466e+00
4.275976363465905372e+00
5.935414501597091608e+00
7.182424887466220653e+00
1.277689729856017742e+01
1.310957340467104615e+01
7.015881464947772095e+00
7.562175954456793470e+00
6.720948561867746029e+00
6.674069453919767803e+00
6.818229207673808467e+00
1.775268458017835016e+01
1.781090394904918739e+01
4.428238466712375754e+00
1.258891792903584239e+01
5.548282795186940675e+00
4.250721026267040514e+00
1.335576666087638387e+01
1.007921142101155709e+01
1.756224677143626423e+01
1.154016254318405998e+01
1.071371736118332407e+01
1.312138801295580848e+01
5.548282795186940675e+00
4.100558131967484421e+00
4.208521563270678278e+00
9.891715805346443346e+00
1.238188113614632435e+01
1.140524507875590210e+01
4.611292841027131217e+00
1.335576666087638387e+01
5.359352836555923538e+00
7.358158424393731245e+00
6.869542786759087249e+00
1.501629842319248009e+00
1.454715117885123199e+01
1.625439423728661836e+01
1.041808319913527470e+01
1.925872057814009963e+01
1.765374930351437044e+01
1.029122367824502149e+01
1.156900736609246749e+01
1.317862705193558703e+01
7.690771793709038739e+00
9.955318026591124081e+00
1.364393536857195421e+01
5.662413144509859109e+00
7.458299469393455006e+00
1.023768687124241339e+01
1.526537200461482513e+01
1.857763990069800286e+01
1.388367951675842926e+00
5.925768233125129569e+00
8.011919290840616270e+00
1.779293787209962785e+00
7.392846818562188282e+00
1.415951791377709768e+01
1.019463365399938581e+01
1.156117644846540315e+01
1.379729547591921568e+00
1.290224144487486058e+01
9.859107166422788282e+00
1.682549149233135566e+01
2.507737550639564716e+00
1.184457732841013744e+01
1.354418156525343164e+01
5.818267287208401584e+00
6.026146665555992321e+00
6.661844050158647335e+00
1.770414507902989598e+01
1.015779448887375835e+01
1.520935805386003459e+01
4.428238466712375754e+00
1.928832628169795171e+01
5.548282795186940675e+00
1.564705097745137685e+01
1.302955112403079241e+01
6.795297306103694090e+00
1.159981571983438009e+01
7.635711052120899289e+00
2.595762743031353903e+00
6.869542786759087249e+00
7.731877761693408679e+00
1.238188113614632435e+01
2.459068532529854068e+01
1.050303626566523718e+01
6.846069846662853564e+00
2.871237412146515844e+00
7.575970225887771470e+00
1.082435214526317679e+01
1.520935805386003459e+01
2.091717709405719106e+00
1.902338356933332619e+01
4.428238466712375754e+00
5.818267287208401584e+00
2.732448620373484793e+00
1.502888618863719117e+01
2.087535732627561913e+01
6.672425899822851392e+00
2.091717709405719106e+00
2.600771659030665539e+00
1.413231864341212507e+01
7.358158424393731245e+00
1.560064762565817809e+01
7.363367565461381936e+00
1.291210865266356755e+01
1.143200445587784131e+01
1.780847522273405659e+01
6.825611991193652806e+00
7.271008290185849710e+00
1.200458691046834936e+01
1.243202241654539719e+01
1.186031862156710837e+01
1.765374930351437044e+01
1.287277730873874404e+01
6.273100223155380739e+00
5.434691555554597819e+00
7.908335937553943040e+00
4.428238466712375754e+00
5.625250994927111670e+00
2.507737550639564716e+00
2.732448620373484793e+00
6.720948561867746029e+00
1.015779448887375835e+01
2.542794927191592080e+01
1.388525040520651066e+00
1.781090394904918739e+01
7.363367565461381936e+00
5.434459976320033192e+00
9.494438955223859722e+00
1.299632535611787532e+01
1.147880237343907517e+01
4.611292841027131217e+00
1.266634611127828691e+01
6.676788894469582125e+00
6.676788894469582125e+00
1.781090394904918739e+01
6.676788894469582125e+00
1.030611669018570886e+01
1.130553952832735121e+01
7.575970225887771470e+00
2.871237412146515844e+00
1.186031862156710837e+01
1.778141120945667808e+01
1.059391176518802524e+01
4.250721026267040514e+00
4.075943625807639137e+00
5.360784308355946770e+00
6.288442896371233992e+00
1.784475741865413667e+01
4.428238466712375754e+00
1.550599179344304090e+01
1.120801828705667980e+01
1.406931216673087448e+01
5.931333858849523466e+00
1.181623117100748033e+01
1.042091476350330836e+01
1.303083103681422728e+01
2.322922619354774287e+00
1.813050484498170434e+01
5.548282795186940675e+00
1.352410953129092164e+01
1.093715225887107856e+01
1.774498803903470545e+01
1.399813344734413878e+00
4.611292841027131217e+00
1.300106678527436266e+01
1.808431760671206234e+01
5.705656660542026692e+00
1.574774090348291367e+01
1.526537200461482513e+01
6.674069453919767803e+00
4.254005156250705966e+00
1.360366567502265944e+01
9.743381193328488621e+00
6.682313678075404439e+00
