9.984679913258808881e+00
5.802602772039810120e+00
9.910846108540733113e+00
1.447692932236685692e+01
1.025199959874113276e+01
1.828073497412540149e+01
1.331876803674450604e+00
6.834146478618471576e+00
1.582001969630833393e+00
1.754366311023448688e+01
5.828206212309598122e+00
9.656652718102067823e+00
5.763806961918522376e+00
2.356653181518722828e+00
4.781406051832857607e+00
1.586897564254037896e+01
5.726931928137569017e+00
2.009903087398362942e+01
7.131524958227462463e+00
5.782125035403189450e+00
6.834146478618471576e+00
9.687974345774101437e+00
1.008390883219642120e+01
9.681845288053601450e+00
2.660994408702697456e+01
7.033559770785448251e+00
6.209579076774168982e+00
1.752938945599193943e+01
9.336328143862143492e+00
1.775929435870338580e+01
6.776693906423717273e+00
1.086067726699103808e+01
2.379327046125892853e+00
3.262641146407438519e+00
5.763806961918522376e+00
6.266211158497484668e+00
1.181100423017512036e+01
1.321372736828041461e+01
6.827906800486054806e+00
8.187574142930451160e+00
6.728671976308554292e+00
9.245704187342820290e+00
6.653774363083269527e+00
6.776693906423717273e+00
1.833955094662698926e+01
9.605457083384354888e+00
1.851484285221803106e+01
4.420000555863740743e+00
1.234809062647629219e+01
5.655026864778181839e+00
9.336328143862143492e+00
1.103993446276017565e+01
4.472960269783763820e+00
9.772942939841147592e+00
1.296121124958768789e+01
5.655026864778181839e+00
4.285812578956298857e+00
9.245704187342820290e+00
9.530596174221928507e+00
1.199568691332316384e+01
9.648280085247028737e+00
9.364664305758829244e+00
1.016960168486123806e+01
4.518439177026311704e+00
1.312039732615746068e+01
5.500559761937322101e+00
8.685428625586833817e+00
6.885892130353256313e+00
1.383108461690475854e+00
1.534208865001984989e+01
1.601289922071547878e+01
1.955248618325204291e+01
1.533060827827262607e+01
1.036254620415308914e+01
1.046732714298221900e+01
5.763806961918522376e+00
1.296121124958768789e+01
7.771178754510301268e+00
9.530596174221928507e+00
1.337705615628336098e+01
5.487933985633361544e+00
8.818396936952902720e+00
9.221733521973343173e+00
1.445980073389882392e+01
1.948011918060526426e+01
1.346131919380611830e+00
5.871902786515567740e+00
9.243546590844012201e+00
9.118783981582183173e+00
8.685428625586833817e+00
9.384051439796625260e+00
1.113667603861643762e+01
1.346131919380611830e+00
1.930140142438007089e+01
1.073298677034328641e+01
1.212640927313990069e+01
9.506163321566306834e+00
1.670684789677561355e+01
2.356653181518722828e+00
1.121113743037441424e+01
1.351556408961521960e+01
5.763806961918522376e+00
9.530596174221928507e+00
5.903702675455617666e+00
1.897277638280561973e+01
9.587251073916153388e+00
1.548131713940324516e+01
4.430023724306919597e+00
2.006256758421507413e+01
5.655026864778181839e+00
1.533060827827262607e+01
1.828073497412540149e+01
1.321153909836031026e+01
6.776693906423717273e+00
4.414490666082176773e+00
2.356653181518722828e+00
1.046732714298221900e+01
8.323229241597704942e+00
2.374906501355851240e+00
6.885892130353256313e+00
1.199568691332316384e+01
2.425078197104905797e+01
9.953134513364298996e+00
7.150021063485253237e+00
2.356653181518722828e+00
8.732137505776671915e+00
9.648280085247028737e+00
1.548131713940324516e+01
1.925022035745347804e+00
1.949404179301356166e+01
5.763806961918522376e+00
2.461364043849913141e+00
6.938877713038589690e+00
1.956140413265943012e+00
2.390311868479780166e+00
1.515009362128219728e+01
8.685428625586833817e+00
1.563035767531742692e+01
7.822055417898111429e+00
1.235223973006583797e+01
7.534068614996183300e+00
1.950686511854907934e+01
7.956504921194757607e+00
1.117408387314860896e+01
1.196433199275793946e+01
1.011350771548366367e+01
1.828073497412540149e+01
1.256280734383483200e+01
6.209579076774168982e+00
5.582473553467042215e+00
1.184668290233171994e+01
1.309515080991395664e+01
1.013371457048449287e+01
4.403455012246250355e+00
5.788565687104870960e+00
2.356653181518722828e+00
2.461364043849913141e+00
7.023062660596183449e+00
9.587251073916153388e+00
2.580486649908335650e+01
1.331876803674450604e+00
1.851484285221803106e+01
8.148437661821319011e+00
9.118783981582183173e+00
1.303425581813628753e+01
9.910846108540733113e+00
4.447367762245143297e+00
1.244116955289300641e+01
6.829162834970594176e+00
6.839144407733774855e+00
1.851484285221803106e+01
6.723298712860662718e+00
9.221733521973343173e+00
9.364664305758829244e+00
8.757753899304393741e+00
2.356653181518722828e+00
1.002926302746499410e+01
1.833955094662698926e+01
9.648280085247028737e+00
4.353768716106477754e+00
3.566423238413524821e+00
5.447924309104926976e+00
6.209579076774168982e+00
1.913718515182782554e+01
4.420000555863740743e+00
1.500083251724263889e+01
1.520650350251265515e+01
5.766090810095469976e+00
1.154616348561001971e+01
9.605457083384354888e+00
1.293720234816215608e+01
2.226325878516725698e+00
1.841892431720339829e+01
5.655026864778181839e+00
1.342640457738026250e+01
1.012559631016357287e+01
1.899376334475178751e+01
1.346131919380611830e+00
4.518439177026311704e+00
1.291772098658390711e+01
1.841892431720339829e+01
1.114011280747205035e+01
5.730388776404899076e+00
1.563035767531742692e+01
1.854656830804176337e+01
1.445980073389882392e+01
6.755798315802505449e+00
3.566423238413524821e+00
1.332775321589511819e+01
9.118783981582183173e+00
6.728671976308554292e+00
