1.080842624532108864e+01
5.868458384281596274e+00
1.743258088740290646e+01
1.502231956800375023e+01
1.081401892454077363e+01
1.542386656035190917e+01
1.034540472666625455e+01
1.746570609741451463e+01
1.381770071022235369e+00
6.701206713666922887e+00
1.721295850572088781e+01
5.857592932485846227e+00
9.599528175686785403e+00
5.823451355425481424e+00
2.326768474924528096e+00
4.518593166166028574e+00
1.639952183659460871e+01
1.418016174455528677e+01
1.935948660893808793e+01
6.339984001712915429e+00
5.868458384281596274e+00
6.701206713666922887e+00
1.081399226022199578e+01
1.011904823707722123e+01
9.631526840540173495e+00
7.071212126114146734e+00
2.652370547300486692e+01
4.304977984180568207e+00
6.066104698800214301e+00
6.485438375622598173e+00
1.721295850572088781e+01
9.497161922347643781e+00
1.794367883550182796e+01
6.747520244484943142e+00
4.211418754138783527e+00
7.003996737929534255e+00
1.400193391563420420e+01
6.976653051374999137e+00
7.152834316962963790e+00
6.471062646553482622e+00
9.409995741100262379e+00
6.163622370042445731e+00
6.747520244484943142e+00
1.803009745873384517e+01
9.599528175686785403e+00
1.797987515121225144e+01
4.135551526357608587e+00
5.657922668473264416e+00
4.282852149473685976e+00
1.280058572292120900e+01
9.497161922347643781e+00
1.794367883550182796e+01
1.181890767721590407e+01
4.353729922603466029e+00
1.063548507335372229e+01
1.275601115715794620e+01
5.657922668473264416e+00
3.936544969568295915e+00
4.244619671990723653e+00
9.409995741100262379e+00
9.458870466088914242e+00
1.081188542520949802e+01
1.073619593302695918e+01
1.052612545837734892e+01
4.368620174223084796e+00
1.282601636262245925e+01
7.141464857880582606e+00
6.747520244484943142e+00
1.448642256932813455e+00
1.339054003878852939e+01
1.547676552001079386e+01
9.442060723412840417e+00
1.926149431856639183e+01
1.743258088740290646e+01
1.420430205980181704e+01
1.049130497102571802e+01
1.088181482280275958e+01
5.823451355425481424e+00
1.277454868420683454e+01
7.743234949475977125e+00
9.480367410054045152e+00
1.355365996495797809e+01
5.390479206082152253e+00
8.512526455238248246e+00
7.141464857880582606e+00
9.409995741100262379e+00
1.543974851820436989e+01
1.905972716723607974e+01
1.212185641634138777e+00
5.879715252509746470e+00
7.097388110081334744e+00
1.944615711906737099e+00
8.811475261384575930e+00
7.141464857880582606e+00
1.316676561039736271e+01
9.579129450585893935e+00
1.157691466942040748e+01
1.230940732999180609e+00
1.942816261343735462e+01
1.190217714566326634e+01
9.458870466088914242e+00
1.682889715246558637e+01
2.326768474924528096e+00
1.188609730502050077e+01
1.335198697920593602e+01
5.733478427437042946e+00
9.458870466088914242e+00
5.911510148308585677e+00
6.066104698800214301e+00
9.538416978041286853e+00
1.388082142431994903e+01
1.947294227697683056e+01
5.657922668473264416e+00
1.440468293322165216e+01
1.746570609741451463e+01
1.275601115715794620e+01
6.747520244484943142e+00
4.178445745152341573e+00
2.795928754288544926e+00
1.088181482280275958e+01
6.747520244484943142e+00
7.970540545088704576e+00
2.400933509006635092e+01
1.006381356306301633e+01
2.372953590443896754e+00
7.097388110081334744e+00
2.001591508386582952e+00
1.915253552815372018e+01
4.123643643633015721e+00
5.733478427437042946e+00
2.477110205630254303e+00
1.490917102228086577e+01
2.121922545649201908e+01
6.339984001712915429e+00
2.001591508386582952e+00
2.477110205630254303e+00
7.141464857880582606e+00
1.426599722898116873e+01
7.343793825377621154e+00
1.433518137982971652e+01
7.554208475090270269e+00
1.084091632720857845e+01
1.904533903120648120e+01
6.066104698800214301e+00
1.151824336921519887e+01
1.258592675683005346e+01
1.125525753696877729e+01
1.746570609741451463e+01
1.447695872485575563e+01
6.461597239548462213e+00
5.642948712738669492e+00
1.400193391563420420e+01
1.282601636262245925e+01
1.074454338536733822e+01
4.123643643633015721e+00
5.823238824956980864e+00
2.326768474924528096e+00
2.477110205630254303e+00
6.459213043815513089e+00
9.538416978041286853e+00
2.599264297674170265e+01
1.381770071022235369e+00
1.797987515121225144e+01
7.789490106447186868e+00
5.642948712738669492e+00
8.794024671174703656e+00
1.275601115715794620e+01
1.101273857536408052e+01
1.447695872485575563e+01
6.066104698800214301e+00
1.797987515121225144e+01
6.066104698800214301e+00
9.442060723412840417e+00
1.061754664065839648e+01
7.157307898677455427e+00
2.372953590443896754e+00
1.113117763648354419e+01
1.847201426445180061e+01
1.049173200274162099e+01
4.267737827223307967e+00
4.061737798452877968e+00
5.336091803862323069e+00
6.461597239548462213e+00
1.899571764030330456e+01
4.163876970402368372e+00
1.536815788266108029e+01
1.058363071643404041e+01
1.290197853728005661e+01
5.861717741151680983e+00
1.193273026206081333e+01
9.599528175686785403e+00
1.275601115715794620e+01
2.031144029344814417e+00
1.793798887669237629e+01
5.657922668473264416e+00
1.332044526223113579e+01
1.079529836493575168e+01
1.914488742587084147e+01
1.212185641634138777e+00
4.368620174223084796e+00
1.793798887669237629e+01
1.151824336921519887e+01
5.814327750682289242e+00
1.803277420947051368e+01
1.526949952952370992e+01
6.163622370042445731e+00
4.217285264365840725e+00
1.355365996495797809e+01
9.241232200742764746e+00
6.492664686658502049e+00
