1.269560823019773999e+01
6.155776990540899440e+00
1.568677859887984738e+01
1.441883284311465374e+01
7.567380550034846109e+00
1.746485606117974498e+01
6.056668938396652102e+00
1.479464901648719355e+01
1.577820236457744940e+00
6.125921088213821974e+00
1.518046531086308271e+01
7.665583496271059616e+00
1.265212643785310753e+01
6.155776990540899440e+00
4.354516462251701192e+00
5.771414354687173898e+00
1.009418319395820163e+01
2.039245560872197416e+01
9.394572705036392080e+00
7.455091030761018089e+00
6.740181193272438698e+00
1.267237632488786403e+01
9.013204633083930162e+00
2.628226321960659462e+01
6.169335858087808155e+00
4.214142060662092959e+00
6.286258570453585826e+00
1.464400385705201479e+01
1.214272802960921105e+01
2.039757198890509571e+01
8.090104063427514092e+00
1.213186671365022029e+01
3.647055465848326516e+00
3.742929604315317071e+00
6.155776990540899440e+00
5.981935441397907560e+00
8.853878767264522054e+00
8.651580651342305472e+00
9.326723087650067967e+00
6.705315469547875828e+00
6.331525606939339745e+00
7.208060758502654153e+00
6.125032895525151844e+00
8.328479112428853526e+00
1.624347033111910577e+01
7.208060758502654153e+00
1.711467474370168773e+01
4.170392826914468110e+00
1.394539077184848175e+01
4.015859051224179410e+00
3.414528465958889480e+00
1.817083790932767329e+01
7.700869097706197763e+00
1.530855326102104463e+01
8.207637637732620561e+00
4.664405075892787522e+00
7.673157463720769123e+00
1.166819868092889223e+01
5.149248907697921318e+00
6.474221762493368004e+00
3.847412237793052636e+00
1.232050758397284795e+01
7.123058173869939225e+00
9.920109368222547630e+00
1.259848823335355128e+01
1.225719380346864185e+01
1.211395210338333506e+01
4.889594184658797360e+00
5.145695542055574556e+00
1.001271274048651172e+01
5.740576549517467875e+00
5.618703041102892648e+00
1.894502785123371780e+01
1.906541753992140542e+01
1.254359687306512505e+01
1.546520221285142327e+01
1.474860600856202986e+01
1.378409818737969594e+01
1.335297001103321435e+01
6.089169258287931541e+00
1.307742227821622016e+01
9.456146261366868089e+00
7.332489038648041912e+00
1.812081407094217056e+01
5.468326865198923414e+00
1.008587156104915294e+01
9.924519500972474262e+00
7.548677484036212526e+00
1.813528249130464687e+01
1.969480621471666026e+01
1.616544996689166291e+00
4.725406720880908296e+00
7.077117528195528529e+00
3.793860527874725275e+00
7.268551977282848853e+00
1.009942198410591629e+01
1.063349179151074608e+01
1.223163385929543168e+01
1.284030018188301447e+01
3.341598120056984644e+00
1.313944207679584864e+01
7.676926839397904878e+00
2.037401595426541334e+01
1.294947904211453071e+01
5.189000894968364364e+00
7.213476633104644264e+00
8.937230893316197466e+00
5.451322640131495589e+00
1.687771554422234033e+01
1.247532100457776849e+01
1.357590119768377868e+01
4.015704245025794705e+00
2.025135149267175194e+01
5.233570535077473274e+00
1.403121681157515965e+01
1.523896600944313207e+01
1.074601521197426557e+01
5.460549607920168746e+00
2.814754419622999659e+00
1.874629741518773152e+00
1.342925097800715939e+01
9.915247134154240527e+00
1.789189814191321393e+00
8.151657263828436584e+00
9.338045408768930855e+00
8.369773497929886119e+00
2.075468694000531400e+01
6.937795911788099623e+00
4.435992037300500179e+00
2.476538351193423360e+00
6.540186634032631119e+00
7.922516596809443534e+00
1.880668296691978014e+01
1.636078570900531881e+00
4.134532635157629699e+00
4.710129754563227245e+00
3.614666183195871074e+00
1.871728059293796065e+01
1.844592907130407156e+01
4.818660898642888490e+00
3.809381811673846485e+00
4.280658403167045378e+00
6.339990805504847948e+00
1.947045778355266421e+01
5.246720060106619066e+00
1.495463670496215336e+01
4.777173741726960188e+00
1.664322681738236298e+01
4.181148051751756967e+00
7.963993701612716691e+00
1.319130738770304490e+01
1.934059328615152040e+01
5.129850418813945545e+00
7.922135231922860399e+00
9.121974844093823975e+00
9.554823845625429968e+00
6.714389936181645702e+00
3.204527316102583345e+00
5.844884880678596240e+00
2.175896637515025045e+00
3.563206014268286204e+00
9.501773578812555243e+00
6.982598555790417549e+00
2.663106811604636448e+01
1.809016396519852465e+00
1.957324897254154905e+01
6.246446701530580015e+00
3.659166257487717733e+00
1.270590681790532983e+01
4.955406408156883380e+00
8.560568070382522876e+00
6.082661523888011956e+00
9.457746956845301867e+00
1.941014504769015758e+01
5.183774772348766824e+00
1.230350360916680330e+01
1.234609963315486247e+01
9.873951427653619106e+00
1.874629741518773152e+00
7.852393683444299555e+00
1.720824453196606285e+01
7.599197215025767171e+00
2.132238478165759510e+00
5.503697633037269554e+00
4.764970966945072384e+00
2.040162556733671551e+01
5.027678137393660762e+00
1.815627471323445263e+01
1.261925061771493617e+01
1.315390067225994208e+01
4.098219851289425897e+00
8.177550210335423841e+00
1.275187410762972995e+01
1.301926259223455240e+01
1.573144075424002075e+01
5.383191017977363657e+00
7.512167054269008659e+00
2.046613118427556799e+01
1.589099132301086792e+00
6.247785181848872327e+00
1.015043114432586613e+01
1.936024384680343147e+01
8.294838951107429637e+00
6.002465337184356819e+00
1.387730504181212154e+01
2.031627637416142207e+01
1.114732927993851241e+01
6.159252381382089858e+00
4.458856193319844508e+00
1.003420682119568319e+01
4.126199227365750843e+00
