1.427598374267789971e+01
6.461492249527611698e+00
1.578438640716840347e+01
1.484959564254811326e+01
7.877257005380744914e+00
1.845020308798544661e+01
4.866181967731762370e+00
1.561115976820766704e+01
1.478835467746478338e+00
1.409004510581192093e+01
1.184869625301901586e+01
6.390975211201197936e+00
1.726953147231234054e+00
4.172749849259114185e+00
1.348380368194713164e+01
5.965529974924518974e+00
1.122243952519094101e+01
9.818548940314963502e+00
6.316627551430805454e+00
6.407359850452935213e+00
7.752603351823585953e+00
6.000656024753632245e+00
9.300907928877634845e+00
2.492297772135825795e+01
6.246469348529483767e+00
4.423962859075830423e+00
6.454075151418356526e+00
1.368458310906567910e+01
1.103039265315257111e+01
2.104126886955230091e+01
8.958343162189688513e+00
1.239407089023476871e+01
3.092104237060928629e+00
3.303195087589789303e+00
6.316627551430805454e+00
6.358706772939647145e+00
9.885710196090183643e+00
9.797108385951640130e+00
6.543719341359077291e+00
6.948235341496236117e+00
6.708346966634366915e+00
6.436196801272157764e+00
8.705206014386954294e+00
1.585593957478372218e+01
6.708346966634366915e+00
1.716355250194886040e+01
3.812348340854933237e+00
1.528761520329458357e+01
4.147202202071375687e+00
3.214656600277170373e+00
1.840911460650085729e+01
7.214708348667080884e+00
8.155487003908801213e+00
4.380306370707550023e+00
8.081994377363837856e+00
1.210311693265721722e+01
5.316832848855613136e+00
3.429704456469469420e+00
1.047955041893663441e+01
6.699564858638886733e+00
1.131413690465380739e+01
1.199321851029214869e+01
1.223238364153820612e+01
1.200483463847195864e+01
1.196497162069156772e+01
5.078138004376476999e+00
9.726764416175189609e+00
6.011141167227334492e+00
5.232842723125271434e+00
1.800447343354374752e+01
1.950941462758412115e+01
1.139606971742230535e+01
1.586794476243893470e+01
1.528369320704999090e+01
1.104439433247451419e+01
1.213551954669405397e+01
6.267775892347766664e+00
1.295830454848981184e+01
9.655608091595539122e+00
6.870872534747821447e+00
1.650013237264440136e+01
5.619228223539493250e+00
1.048534324476403512e+01
9.497053150364642704e+00
6.970029884454557845e+00
1.853191640842040755e+01
1.478103509016691630e+00
4.543231897707588729e+00
7.224477027173203503e+00
3.497666145222679379e+00
6.481157348143378627e+00
9.805927116492112461e+00
1.403098779205009272e+01
2.796664772654458897e+00
2.199065689107968424e+01
1.508718681049509591e+01
7.476754211199934552e+00
2.092396516404313900e+01
2.122650767958567553e+00
1.390535840689364910e+01
1.547675075675477707e+01
5.473661098808509706e+00
6.699564858638886733e+00
8.518415833207539478e+00
5.799332604840133243e+00
1.722766401364736311e+01
1.182757586390822624e+01
1.246033530883838836e+01
3.729163417651515822e+00
1.986184451639346804e+01
5.383438852618339432e+00
1.311437577842204050e+01
1.125248395251848876e+01
5.755688136580258352e+00
2.609551008253248039e+00
1.726953147231234054e+00
1.019028896838097609e+01
1.726953147231234054e+00
9.168527880370413996e+00
9.528003233697061702e+00
9.156861638343510634e+00
2.037698244261054725e+01
6.699564858638886733e+00
4.509772304286945754e+00
2.122650767958567553e+00
6.273135336415350594e+00
8.590926197374537665e+00
1.899894184872297842e+01
1.568362082952644343e+00
2.128754064415362635e+01
3.730724557475343595e+00
4.539260254403433059e+00
3.095266333067580700e+00
1.917858155250624819e+01
1.777004538179970794e+01
4.610749671693602281e+00
3.439353191574359148e+00
3.880055692227421194e+00
1.889904114833540660e+01
6.114720723894027543e+00
4.808920417515298418e+00
1.295234971960245929e+01
4.554554873948042371e+00
1.428351444001333626e+01
1.628927482642319902e+01
4.375166135234667131e+00
9.531233596691702559e+00
8.654644380577357410e+00
1.627211112613797184e+01
1.262281441355018075e+01
2.003471563530176525e+01
1.882457826962382441e+01
5.354677350106262779e+00
7.682283958910903543e+00
1.010373772818885385e+01
9.922999066570861615e+00
6.263808714969428593e+00
3.035588030714684304e+00
5.911699128291059147e+00
1.809456952954297426e+00
3.073582763732340073e+00
1.033498201530452221e+01
5.772142811612967606e+00
2.612469230753029592e+01
1.455757482682177528e+00
3.969344084976431208e+00
5.269399375199616209e+00
1.538470481889297581e+01
1.430326761932831303e+01
4.761637625230425996e+00
9.314574915784513465e+00
6.412173859382208185e+00
1.037465148727594588e+01
1.875551624603642864e+01
5.415011604488764618e+00
1.193735506702383908e+01
1.265373440219163470e+01
9.627625201195398219e+00
1.726953147231234054e+00
7.381276223383117951e+00
7.983684766773259334e+00
6.077802912770737365e+00
2.222700195260078448e+00
5.619228223539493250e+00
4.572533999636893220e+00
2.151001898492921427e+01
1.853191640842040755e+01
1.224791301045966208e+01
1.304669345186005280e+01
4.269498041037119052e+00
8.936094830418614521e+00
1.202076956845975175e+01
2.988949720800282428e+00
1.589074469022622971e+01
5.444983496276068813e+00
1.079351307070000487e+01
7.456598506260893267e+00
2.204515016760761625e+01
1.478103509016691630e+00
6.336127768994916920e+00
1.068628154441839051e+01
9.358167601281651926e+00
6.196557862999748423e+00
1.302878060519330106e+01
1.134561605120613414e+01
6.462542270022324509e+00
4.065033457404442885e+00
1.043800356832776011e+01
6.456817018646640705e+00
4.423863587221645410e+00
