1.375414350274949093e+01
6.598786538403224711e+00
1.579231600145091363e+01
1.515568760861893161e+01
7.764966593390404626e+00
1.832067218967001310e+01
5.244033027764488430e+00
1.480332014341568225e+01
1.448409450720105074e+00
6.742619079823676920e+00
1.503573552413408176e+00
1.509069571259020037e+01
7.586639033472024174e+00
1.261399304027331780e+01
6.512859842388635023e+00
1.908934438069766815e+00
4.075345977638725081e+00
1.382101006114156228e+01
6.384074373395565161e+00
1.107422705038619881e+01
2.063933495971156518e+01
9.827172480058903759e+00
6.524752539369002236e+00
6.742619079823676920e+00
7.323409668365465919e+00
1.265330338309893854e+01
2.628030255224745204e+01
4.650341711633385167e+00
6.613639638287654776e+00
1.418741417404374339e+01
1.197023177746098987e+01
7.953049070731900372e+00
1.205397112979162166e+01
3.185078271783993387e+00
3.390252699358982102e+00
6.495816916950384545e+00
6.375453769057877196e+00
9.255523004855461977e+00
8.427293067129602022e+00
9.652233157640957018e+00
6.689164328046770969e+00
6.982344209671453861e+00
8.134824377382306793e+00
1.588308176307776876e+01
6.913512978659607455e+00
1.733289955686729300e+01
3.919758921323924561e+00
1.537169401046391570e+01
4.228275810878074914e+00
3.309930406542852310e+00
7.421572737604764214e+00
1.543875598398979498e+01
7.484636697679354356e+00
4.851211103089719145e+00
7.427446014167654376e+00
1.227038614196012389e+01
5.057470651346484658e+00
6.606717137478504753e+00
3.530400185076437047e+00
1.201789879621438395e+01
6.903679236246137663e+00
1.139863383667776375e+01
1.220070678876380654e+01
1.258323505160190336e+01
4.959058138940401150e+00
1.209802182078486332e+01
5.178726158277397573e+00
1.071173543216399970e+01
6.034464253170866321e+00
1.840663123682624658e+01
1.962514236408006596e+01
1.215190775596272665e+01
1.558136255117628899e+01
1.462444188973578285e+01
1.231775993504179745e+01
1.243346567108063638e+01
1.295485374639023135e+01
6.468437659078610125e+00
1.304797171351141571e+01
1.049557901973615159e+01
7.224886416913121501e+00
1.727950514762548906e+01
6.188661725508540989e+00
1.076085458869675726e+01
1.054857616135808662e+01
7.422999480219291790e+00
1.924494862508159798e+01
2.043405475891055190e+01
1.483917958497009693e+00
3.551309199527804772e+00
6.651604824104504488e+00
1.071173543216399970e+01
9.569262607650474095e+00
1.221265340210341321e+01
1.386570794658332773e+01
2.663383831072044572e+00
2.120798286977183267e+01
1.296230677752150484e+01
1.525873898568302423e+01
7.871776831800249674e+00
2.036186329054174138e+01
2.208832624893262153e+00
1.443240862496007360e+01
1.620079548815122905e+01
7.097638723292229557e+00
8.022209172672983613e+00
5.585803154592347219e+00
1.749319562527205463e+01
1.243689285423558033e+01
3.770432938628640596e+00
1.977643827893549400e+01
1.325034116296471609e+01
1.574385859973857826e+01
1.103093190943680391e+01
5.563046972193012252e+00
3.015383318290957515e+00
1.340034120294269471e+01
1.063416413640205072e+01
1.897272066042605676e+00
8.353195937187489761e+00
8.263756038807013482e+00
2.106374888104472021e+01
6.762937412021893913e+00
2.226551628939484218e+00
6.320026089526792568e+00
8.416476373488302798e+00
1.959192077913164809e+01
1.545708241772084435e+00
2.063933495971156518e+01
3.897748583577681725e+00
4.431388721740507464e+00
3.187161947297885156e+00
1.930368692779816797e+01
1.814596245920451523e+01
4.732147840461684574e+00
3.612266157592973315e+00
4.035875547730127799e+00
1.950865052910615205e+01
5.937932795915816797e+00
1.799987192865133778e+01
4.940072590573538314e+00
1.328932488633356179e+01
4.752166252363018373e+00
1.372829961959290834e+01
4.650341711633385167e+00
1.054481988744544019e+01
7.873101325829295227e+00
1.570882472490491466e+01
1.855586451959219119e+01
4.968587712286441693e+00
7.383984119755479192e+00
9.567996955156713668e+00
9.146188290112954533e+00
6.317316421516991021e+00
6.429165646675527590e+00
1.989907294268195459e+00
3.132791958513289288e+00
1.013667075704906573e+01
5.996792832126747186e+00
2.697414675990340882e+01
1.485351345456778160e+00
2.044447925774183616e+01
6.656467762571725899e+00
4.078361811404112913e+00
5.713435191695054982e+00
1.613580572092632792e+01
1.371030686827840306e+01
5.241494660897178193e+00
8.580258813707766663e+00
6.621979519272059633e+00
1.026538138955232249e+01
1.898803781500912180e+01
5.128556801383763464e+00
1.221265340210341321e+01
1.255983024920343638e+01
1.947134224647391276e+00
7.028878348917224628e+00
1.746551409819799261e+01
7.573285875908173814e+00
6.772902841999695944e+00
2.427056542401815786e+00
4.629896675085165114e+00
2.085963240144214481e+01
5.230759254859901120e+00
1.925239485651601257e+01
1.230881323322042675e+01
1.314156450717787550e+01
4.336820557233377116e+00
8.488220523044278210e+00
1.273826910853854244e+01
1.308567033461119600e+01
2.905188931146682307e+00
1.579231600145091363e+01
5.353624121200660113e+00
1.040870328602903250e+01
6.695118440590771769e+00
2.164613948159423273e+01
1.462821814091918249e+00
7.156425712915421400e+00
9.702956671562100510e+00
2.043405475891055190e+01
9.222530165063929530e+00
6.520725284685211065e+00
1.282696919600865471e+01
2.066727616651657584e+01
1.185768979239895948e+01
6.762306900019313005e+00
4.436733581437688478e+00
9.730605781273162336e+00
6.216448418579061830e+00
