6.337806580903547093e+00
1.660925994880783563e+01
1.495720071907193649e+01
7.721814322566774358e+00
1.812073576214348236e+01
5.488911518618245999e+00
1.551935924162297198e+01
1.332270305533371557e+00
6.160540139751796040e+00
1.434841850387741369e+00
1.533785097573735179e+01
7.601986089653214762e+00
1.351709690661430230e+01
1.612109803858088553e+00
4.275921099310280304e+00
1.397616337336994263e+01
5.856944909506831998e+00
2.064615833153663971e+01
9.560651095980912118e+00
6.180820423702147792e+00
6.160540139751796040e+00
7.657164728275798637e+00
6.420647899209662945e+00
1.271514092113044114e+01
9.215162381686148763e+00
2.530486466321344352e+01
5.783601800784470726e+00
4.254402713763077770e+00
6.286924257649086911e+00
1.456817951348428863e+01
1.261405687658061225e+01
2.055449895459894805e+01
8.765451435437149996e+00
1.242239257237834238e+01
3.322643273642055917e+00
6.233089003479824086e+00
6.036038018976264574e+00
8.914192376589543443e+00
8.537484594736609367e+00
9.292791307375299681e+00
6.490984132608570434e+00
6.960177457811126622e+00
6.221833903104943886e+00
8.727536164221243453e+00
1.601764851181022919e+01
6.960177457811126622e+00
1.677566915145176907e+01
1.523843221818031424e+01
3.077259649993462354e+00
1.811268149085535839e+01
7.483925134276876889e+00
1.535193891620714624e+01
7.862249790637873659e+00
4.670356684342829467e+00
7.852356266248675887e+00
4.995021000902575281e+00
5.953892359337126905e+00
3.576751417173150482e+00
6.851590759257304875e+00
1.015698943194790616e+01
1.310281239283636268e+01
1.286892709677281132e+01
1.235090716149877643e+01
4.704090442357665935e+00
1.104085022990052423e+01
4.788751632912139122e+00
1.060951442931851751e+01
5.015170237554419153e+00
1.793084549508736103e+01
1.896268366707055009e+01
1.259673252594945048e+01
1.615863039640558085e+01
1.269397840979635461e+01
1.277250964170842096e+01
1.306719766179058695e+01
6.135445056072635239e+00
1.273263347761680286e+01
9.431213385588325337e+00
7.212076927492296008e+00
1.691552202954764539e+01
5.515879378902742047e+00
7.535390586747089614e+00
1.823091115838023768e+01
2.013893030746435286e+01
1.348310607620296420e+00
4.679454539956267034e+00
7.102308120869975205e+00
3.539104833040594311e+00
1.056061130502263268e+01
1.030827127773022056e+01
1.265823007821457580e+01
1.447784592377144719e+01
2.831227126797928317e+00
2.167152165048613810e+01
1.334657501898654353e+01
1.531471683079649004e+01
7.447620901723996489e+00
2.009474914334640516e+01
2.054867428595056111e+00
1.442552200856091282e+01
1.569633985915620755e+01
5.266993185672994571e+00
6.924952581598427415e+00
8.526640485176919526e+00
5.593258447582916126e+00
1.712183288964290639e+01
1.343196558984992883e+01
1.262004718933018488e+01
3.819305683796438089e+00
1.986533820077253409e+01
4.995931033194560555e+00
1.316555268303990545e+01
1.609864314156876119e+01
1.034340713473720186e+01
5.564943645202967026e+00
2.762767880955431465e+00
1.712808332955793267e+00
1.319675567041606357e+01
9.418213978464518021e+00
1.612109803858088553e+00
8.886887222952168486e+00
9.062592742607517238e+00
8.297458219563191406e+00
2.057865471411507841e+01
6.761754758519699315e+00
4.442009630481202898e+00
2.054867428595056111e+00
6.102459955147498505e+00
8.333185703981824233e+00
1.902185311159839642e+01
1.504072416770475540e+00
2.068430601439616723e+01
4.051463640153987633e+00
4.638941562875622537e+00
3.367490787551702613e+00
3.593885761633270004e+00
3.968204010167095674e+00
1.864576541815936750e+01
6.060815932883562240e+00
1.775411680403685466e+01
5.037778843132201700e+00
1.359243836499242519e+01
4.307664262358422036e+00
1.464663908640793544e+01
1.614850476386903466e+01
4.188635122664718935e+00
9.388118309349088975e+00
8.278914095421399111e+00
1.582991272827854345e+01
1.295153164855387473e+01
2.003061377230731566e+01
1.808503875127173899e+01
5.261819473788258428e+00
7.382456671819373817e+00
9.345550151026253971e+00
6.429858492688619975e+00
3.161218381895376517e+00
1.712271742445685696e+00
3.367490787551702613e+00
9.633321881828024402e+00
6.671976247523996761e+00
2.580056362590093144e+01
1.327967871739762495e+00
2.012514894673019938e+01
6.223240467662446207e+00
3.638675720832281968e+00
5.985945485679007305e+00
1.574492829876716371e+01
1.468473957607467639e+01
4.791750871265716860e+00
8.514562267689891328e+00
6.154542790550744158e+00
9.493578077742300891e+00
1.876000721694127549e+01
5.331084931353997192e+00
1.260535713095100618e+01
1.303891576117974260e+01
1.066377165091196311e+01
1.647187907709732890e+00
7.230969222069099089e+00
1.715903053307105708e+01
7.732161574259120762e+00
5.889343988093219906e+00
2.127307418353490576e+00
5.616831049787643693e+00
4.714886047500632671e+00
4.964715704420753717e+00
1.827769631253196536e+01
1.293866469154677645e+01
1.308272794977497000e+01
3.984265604893967527e+00
8.362844540605554045e+00
1.351709690661430230e+01
1.273263347761680286e+01
3.145235226412800067e+00
1.640273902207141887e+01
4.954411388373594960e+00
9.795028940827736008e+00
7.461041560450119015e+00
2.187631897297364958e+01
1.348310607620296420e+00
9.910615793000943086e+00
2.003061377230731566e+01
9.026918119256876594e+00
1.309296197963584341e+01
2.068038459064483447e+01
6.344063996198691768e+00
4.401720919252479547e+00
6.787641296126825985e+00
4.061450582925135500e+00
