1.500053148853016616e+01
6.471003532012267634e+00
1.663800470920261532e+01
7.831035361529221639e+00
1.803099298773143033e+01
5.111755298357762101e+00
1.509754674984496958e+01
1.211330744297195894e+00
6.431501335243949846e+00
1.326732039719248357e+00
6.966309038438681434e+00
6.454628663054847060e+00
1.487495487566767194e+00
4.760730274468342849e+00
1.430838307104452944e+01
6.256626075253060471e+00
1.110420802528664552e+01
2.102127765839038531e+01
1.031092316370367357e+01
6.424294956676138035e+00
6.431501335243949846e+00
7.670544523019321659e+00
5.989390730454914546e+00
1.265283873969923611e+01
9.531163810915794343e+00
2.293066679521838580e+01
5.490725944077850862e+00
4.414423650515499453e+00
6.506267721082170219e+00
1.441501276374602014e+01
1.222715687813189511e+01
2.100342860971408143e+01
8.292468948100610859e+00
3.665097906091578928e+00
6.414135848665264206e+00
8.973857930204149014e+00
8.574219673543948872e+00
1.015497079898145749e+01
6.495080351187390022e+00
6.578489735746789080e+00
6.638963545409289679e+00
6.449976498774592670e+00
1.553018367435138991e+01
6.638963545409289679e+00
1.710415653834297345e+01
4.523988002315231682e+00
1.475337840933618949e+01
4.161968145459346680e+00
1.808023192256246148e+01
1.570337775092654553e+01
7.850684320396611682e+00
5.369002469196105132e+00
7.890065448394161685e+00
1.210869246652579889e+01
5.529517956539151236e+00
5.229053859869122078e+00
1.220585877187899726e+01
6.617613331098584517e+00
1.135974200169516557e+01
1.284781160902464947e+01
1.291166312302358143e+01
1.341790717615527484e+01
5.459906118111023332e+00
1.191329943068882535e+01
5.393823497177745452e+00
1.057486151091246107e+01
5.920806853116148183e+00
4.820019689405545371e+00
1.912785475934360946e+01
1.235431903883797311e+01
1.622632088485329049e+01
1.491389586571995629e+01
1.261796229420922444e+01
1.358488793014118023e+01
6.344349467083916672e+00
1.280883865180842207e+01
1.040007123034929037e+01
1.610232181353588388e+01
6.032734363321136328e+00
1.084611923477109308e+01
9.578023566253245136e+00
7.246979954639563459e+00
1.829353941539289607e+01
2.011086273877205244e+01
1.242312116372249253e+00
4.695120841519668353e+00
6.659747335109109656e+00
3.410925224673793554e+00
6.354157844712258196e+00
1.002159672238773602e+01
1.264727065121543070e+01
1.380368382021108964e+01
2.417984962778186642e+00
2.171829640046925647e+01
1.364307575687728047e+01
1.530404738411792387e+01
7.642351846873510546e+00
2.076682264009527756e+01
1.846040728847370582e+00
1.361385625566179414e+01
1.543564936180014158e+01
5.485322915134723587e+00
6.617613331098584517e+00
8.945949667916512027e+00
5.676843622535509226e+00
1.714630005285589220e+01
1.373412106515781517e+01
1.211642231904880695e+01
3.994010208802199813e+00
2.026933870471781773e+01
5.610735465304225400e+00
1.627631129582280067e+01
1.002548716249443750e+01
5.653951393933172476e+00
1.760692748869432167e+00
1.293061020081216128e+01
1.001415528661505938e+01
1.472403785265166798e+00
8.205904151782920763e+00
9.823337876040179495e+00
8.551220387515490629e+00
2.014259299760358601e+01
6.600247844519899765e+00
4.464279249997937349e+00
1.844942488781071921e+00
6.027277252756303660e+00
9.281536796474652462e+00
1.891720740307644277e+01
1.378444395176104065e+00
2.113473363172646202e+01
4.653502121419842652e+00
2.780312713916999190e+00
1.869977620892736070e+01
1.777582371276300321e+01
4.731962353337531013e+00
3.431708862601642540e+00
3.818596561747421347e+00
1.890841139901088752e+01
5.869560540448750530e+00
1.818916941165981527e+01
4.806799304894880720e+00
1.331242737830864087e+01
1.539507185411960322e+01
1.592631023190685013e+01
4.374427975835387450e+00
9.843529151892361995e+00
8.254028655056114161e+00
1.630103237853987963e+01
1.246080151880823728e+01
1.974749116337197563e+01
1.838446354807402727e+01
5.248593527920553115e+00
7.577101727939079545e+00
9.205421799860793897e+00
9.248095869193099006e+00
6.157591514621664430e+00
3.540535524270366441e+00
6.253855608497551621e+00
1.563380249095503993e+00
2.904215222650794903e+00
5.891765766052660780e+00
1.215710948608523800e+00
2.016124809798886730e+01
6.457534856353511543e+00
4.107478316664214368e+00
5.398512530952224608e+00
1.577917612164830885e+01
1.545823612914034761e+01
5.493210708600540393e+00
8.632077976573132361e+00
6.429461794653153817e+00
5.321938077539908996e+00
1.256230098320398625e+01
1.303025037561173427e+01
9.129927388781045039e+00
1.556343910862711732e+00
7.426249034747370636e+00
1.755432186596287636e+01
7.911374126917086969e+00
6.001216668438884128e+00
2.546367361861541667e+00
5.994083058059320734e+00
4.679511968436864677e+00
2.144471934910850308e+01
5.632025778378695335e+00
1.824026176767616647e+01
1.304110543541592016e+01
1.310127988069616478e+01
4.210858545281517706e+00
8.529083651403832178e+00
1.445764791711824238e+01
1.280427067880594727e+01
2.739833796862697124e+00
1.667926648661516253e+01
5.779998546764709033e+00
9.974815802076856031e+00
7.494719166541340627e+00
2.166269932787831465e+01
1.242312116372249253e+00
6.058305307591570710e+00
9.737623589047890604e+00
1.974749116337197563e+01
9.612099688783175111e+00
6.398143334003737692e+00
2.114844549708753263e+01
1.112579377899390209e+01
6.464223027249053288e+00
4.834464581374748882e+00
9.636560655102844208e+00
6.488583821355408787e+00
4.264741168669694993e+00
