1.457631265080220295e+01
6.345531589092264113e+00
1.653502101568217597e+01
1.505288804230573696e+01
7.675995280297070344e+00
1.798396796273621234e+01
5.100154825915084622e+00
1.529815712723669030e+01
1.414351949849659507e+00
6.393735884816285520e+00
1.549455495767716684e+00
1.528617790734859838e+01
7.875287389005239724e+00
1.286570299850025734e+01
6.345531589092264113e+00
1.585077411348906118e+00
4.367319886645343985e+00
1.390117919193688323e+01
6.143521326563854856e+00
1.114270339762130568e+01
2.017770407313818026e+01
6.278780764602661435e+00
6.393735884816285520e+00
7.512502280775773755e+00
6.173010733684984430e+00
1.225374467834637215e+01
9.711615787030718039e+00
2.589570584286059685e+01
6.009845282677279243e+00
4.353991166855291084e+00
1.235860975286205310e+01
1.987918961028218590e+01
8.824993191319723707e+00
1.259926611037347044e+01
3.008605265558146780e+00
3.477448614956552220e+00
6.302534952325766326e+00
6.298655447727110612e+00
9.456534167263207280e+00
8.335875977434115569e+00
9.828601525467782096e+00
6.566780535809868091e+00
6.595975462688592472e+00
6.771611632065924091e+00
6.455417107347424022e+00
9.027575821410028567e+00
1.590098508110972730e+01
6.771611632065924091e+00
1.747861421576963181e+01
4.141640090677234376e+00
1.507966756249490992e+01
4.097020810457053130e+00
3.384094481636674701e+00
1.866006255859836216e+01
7.326075405095309634e+00
1.570085991052805596e+01
8.276418835896691917e+00
4.734152164363673698e+00
8.010774544887894422e+00
1.253701089017348558e+01
5.626858555792161987e+00
5.918243760314326529e+00
3.656539080088407445e+00
1.216699613674313163e+01
6.771611632065924091e+00
1.153290918638462870e+01
1.290799631289374716e+01
1.304489855779928043e+01
1.280548542216419250e+01
4.792410687647230993e+00
1.210922846301236433e+01
6.068917613000402334e+00
5.219693528744857147e+00
1.807376368674371747e+01
1.916246410612230733e+01
1.233744774315255910e+01
1.572809729719447880e+01
1.490283088933301947e+01
1.323592144292935657e+01
1.235417230085243823e+01
1.294925599191473964e+01
1.021067860435742958e+01
7.099885642790881413e+00
5.625510738327358595e+00
1.075240989899180910e+01
1.097431434752054713e+01
7.142352295251282790e+00
1.876240805670553868e+01
1.969787876657638392e+01
4.648300781863182962e+00
7.010873263483879292e+00
3.482848754462116503e+00
6.690226355847729955e+00
1.127907783267779429e+01
9.798169692491383032e+00
1.240127188647295498e+01
1.471501135582607489e+01
2.769904291178515443e+00
2.228551163432908666e+01
1.337367855947570838e+01
1.546602152790879892e+01
7.486648002483999420e+00
2.157992126946095990e+00
1.483217552632627978e+01
1.633090551433409132e+01
5.523205158529374437e+00
6.819409773597117308e+00
9.035002120289448158e+00
5.831791210978772177e+00
1.281665746460044453e+01
1.251679727987455593e+01
3.975638031072319833e+00
1.948988014615424547e+01
5.626858555792161987e+00
1.381474781651535721e+01
1.622918974940245462e+01
5.831791210978772177e+00
3.012123434701337477e+00
1.635406568256961846e+00
1.317019741901755125e+01
1.036908989917596102e+01
1.579389894653841164e+00
8.938081244142953352e+00
9.647429003957956439e+00
8.368417935625769744e+00
2.178520041386344630e+01
6.733938085928169670e+00
4.501966404307802705e+00
6.480993986377264982e+00
8.854880759421639880e+00
1.886826011770089551e+01
1.523384021344591943e+00
2.021499989295972810e+01
4.138497864965494877e+00
4.641838177651877118e+00
3.027906056593045125e+00
1.907486158313585989e+01
1.915770914620515342e+01
4.747415324344913756e+00
3.462608068012484441e+00
3.668364787512306879e+00
1.881299162915602707e+01
1.784822450657010506e+01
4.969816319844730046e+00
1.354592367806846198e+01
4.547437141801497162e+00
1.438969701982102656e+01
1.640936776324393520e+01
4.265251871410881357e+00
9.890935276958185085e+00
8.861499837858367812e+00
1.595160759864872801e+01
1.294031944981808024e+01
1.955928773865018044e+01
1.825231413331268371e+01
5.152231120842269974e+00
7.803763848368929779e+00
1.010728238626518838e+01
8.834298183208083799e+00
6.371966303774495799e+00
3.474225077848689835e+00
6.149891990729997815e+00
1.787157944961168754e+00
1.006887299076606901e+01
5.996523119113974509e+00
2.610101959491080947e+01
1.964076351301231682e+01
6.474466102700590753e+00
5.342830049981698970e+00
1.649946491017477967e+01
1.433739548655424656e+01
4.801149786008384268e+00
8.584315562329353000e+00
1.000427240244480842e+01
1.845578275068025320e+01
5.282563086821966181e+00
1.097290485035443197e+01
1.611073096706249208e+00
7.264138380977473552e+00
1.799461467094098666e+01
7.885190829246389477e+00
6.055653080684696654e+00
2.233640008291884804e+00
5.761080640760518179e+00
4.625049564563339821e+00
2.137253634322517826e+01
4.881205899034616102e+00
1.870718984789534645e+01
1.301285152462291350e+01
1.362198003197027951e+01
4.126027325315257954e+00
1.286570299850025734e+01
1.354107180619804041e+01
2.956924148980988765e+00
5.829427001910570283e+00
1.092604349873728609e+01
7.396953527663785444e+00
1.432299976543384146e+00
6.277441459689629966e+00
1.011501914709270977e+01
1.955928773865018044e+01
1.016160052984308493e+01
6.229948103756230537e+00
1.368609498108165923e+01
2.016892727478790803e+01
1.174432284494119649e+01
6.455417107347424022e+00
4.372164741258299792e+00
9.919807634974985078e+00
6.494508123936933330e+00
4.204636634163599673e+00
