1.507886206172156029e+01
1.604964212713231220e+01
1.477418475038111367e+01
7.830014205129653959e+00
4.820489998093083095e+00
1.512809592591816532e+01
1.307229445777616350e+00
6.349826566892009971e+00
1.329791576374109052e+00
1.508724060263011069e+01
7.894644872203813613e+00
1.279900944568079524e+01
6.343288825480182247e+00
1.347396921560827465e+00
4.038070271770020980e+00
1.389616145269173941e+01
5.427323482536727361e+00
1.117164901061731186e+01
2.056218026665754195e+01
1.092575198936922298e+01
6.299248946531405657e+00
6.349826566892009971e+00
6.479227265206046305e+00
1.236570480505561598e+01
9.522976630400387776e+00
5.824799179823473949e+00
4.098373991192492127e+00
6.434365358554492431e+00
1.455953217325739324e+01
1.230177118648071577e+01
2.044442610127033788e+01
1.091123863352766499e+01
3.800313513305680235e+00
3.639822350298953069e+00
6.313936807774310545e+00
6.307974073924580871e+00
8.215460024367674308e+00
6.525294170028207219e+00
6.708887601226514619e+00
6.740059350793567106e+00
6.336864584711523030e+00
9.368906969161493237e+00
1.595806214853580052e+01
6.740059350793567106e+00
1.745300866357328573e+01
4.038070271770020980e+00
1.483065762671548349e+01
3.845667194553914925e+00
2.927463710165423727e+00
1.731141025295807268e+01
7.678870294447631473e+00
1.539534362041218607e+01
7.683776348314250271e+00
4.415887375327542941e+00
8.527566433450303407e+00
1.211778279361468513e+01
5.735380975676238613e+00
5.683402290681510038e+00
3.584725110151804284e+00
1.212078044249199316e+01
6.697712448793716078e+00
1.138893791899828400e+01
1.294151928452454925e+01
1.286582094530921516e+01
1.249376758786885588e+01
4.401196923869225230e+00
1.191605546140406346e+01
4.993886424702856708e+00
9.926078531424794349e+00
6.203001452700799945e+00
5.423624163144161514e+00
1.803506948567271451e+01
1.784644080720049431e+01
1.265124975856567602e+01
1.585203911765034945e+01
1.490921962135907997e+01
1.300076316033581492e+01
1.336323571312675362e+01
1.298311220218588069e+01
6.230439039580891070e+00
1.303482328210788133e+01
1.036139243583365932e+01
7.217454079722414484e+00
1.600954204688496318e+01
1.141341931458209125e+01
9.806021078790156054e+00
7.479815553355790847e+00
2.032804192216118366e+01
1.315483975096709335e+00
4.636074608053530888e+00
6.943043285020625177e+00
3.889553163506148437e+00
6.715427281374957147e+00
1.000846108870917028e+01
9.883186323754113545e+00
1.226117580243103511e+01
1.444510566776417093e+01
2.114899223423672936e+01
1.339894537601650626e+01
1.449946350868783895e+01
7.905922996154860272e+00
1.997349151338784168e+01
1.789045380685147402e+00
1.460360812064357106e+01
1.492943086907535211e+01
5.763511739709481496e+00
6.088030560964719839e+00
1.748384788775755183e+01
1.274095681261956514e+01
1.233153729435173851e+01
1.990445863137439630e+01
5.772803563119774495e+00
1.343375339865218798e+01
1.600429265324267192e+01
1.073964271346373067e+01
6.100992543145206781e+00
2.607430245636670474e+00
1.416548968750285242e+00
1.361859514681594341e+01
1.093345134434983912e+01
1.329791576374109052e+00
1.053949000574843176e+01
8.170317519630808434e+00
2.041818453919842824e+01
6.697712448793716078e+00
4.200280219598577780e+00
1.724957607656829817e+00
6.425730421559673999e+00
1.329791576374109052e+00
2.069701640015276212e+01
4.028083724316001479e+00
4.620336981705944979e+00
3.784740072776052067e+00
1.783288390657719091e+01
1.832159057599800889e+01
4.813686173003194568e+00
3.852193635119781412e+00
4.072820594867355481e+00
1.866092887305051917e+01
6.361144099447619382e+00
1.816145010972413942e+01
4.894812806355969492e+00
1.310861118009048631e+01
4.205635449418224425e+00
1.512325779753924593e+01
1.668399565666830142e+01
4.084886309715164643e+00
1.052349530096972963e+01
8.879216561465204549e+00
1.614157964222949104e+01
1.315399016842671642e+01
2.010700814553965188e+01
1.724448628082523172e+01
5.621786434801610000e+00
1.002741055009692417e+01
8.853078520162675602e+00
6.490006371865002066e+00
2.782045131474494504e+00
5.873696776954982823e+00
1.469068041100079602e+00
3.813250484366138782e+00
1.086694020847186870e+01
6.342512492270677704e+00
2.712789901573140838e+01
1.315483975096709335e+00
2.018958738593384794e+01
6.424241661292017014e+00
3.540418836798892688e+00
5.098013949451087434e+00
1.547975284049898370e+01
1.510321984439017307e+01
4.463531917682799666e+00
6.336864584711523030e+00
1.077803496808845729e+01
1.810932220590902375e+01
5.664418184291756475e+00
1.228150561272188490e+01
1.295546636403212482e+01
9.892747860807613591e+00
1.386236889853641907e+00
1.745641043746822874e+01
6.148964245067809031e+00
1.703152705871334938e+00
4.676179358851067391e+00
4.619720049060719091e+00
2.098676284650433033e+01
4.544585105543836434e+00
1.326694500428183154e+01
1.338496508397103568e+01
9.557730831874707178e+00
1.289603119693364697e+01
1.290567860236407505e+01
3.738606544298124224e+00
1.591230241710297655e+01
5.740312263652993963e+00
1.067436822856668499e+01
7.271690098799508561e+00
2.137439394579272545e+01
6.335290882698963344e+00
1.006309020341966587e+01
2.018087578611898181e+01
1.037779709311151777e+01
6.142135098214072997e+00
1.313177467918294461e+01
2.059966200738556807e+01
1.152065609766127885e+01
4.179505446092366405e+00
1.001707462264903192e+01
6.951859555251775014e+00
4.057210602668157584e+00
