1.371311725653984404e+01
6.520896119460675600e+00
1.521874244751444927e+01
1.691009022602668921e+01
1.848023632854019382e+01
4.937423440185470191e+00
1.463788132066047520e+00
6.497498102152643895e+00
1.544956966768358253e+00
1.398187078402946604e+01
8.102655042745679381e+00
1.275328362620195399e+01
6.492826539236189909e+00
1.748739330631054578e+00
1.354850459164732435e+01
1.141839554564529635e+01
2.070503940967003587e+01
1.032488561075039257e+01
6.479483722463232453e+00
6.497498102152643895e+00
7.534598274360256198e+00
6.292529346479511787e+00
1.241457702859690926e+01
9.899109611230340278e+00
2.556752964409911399e+01
6.029225608600096820e+00
4.398431533983176323e+00
6.595908887331538573e+00
1.365942278709986546e+01
2.066150012577481121e+01
8.655723620895418691e+00
1.206136268013636936e+01
3.219835421653578500e+00
3.565557669154654885e+00
6.479483722463232453e+00
6.358540915619646405e+00
9.770700516423113768e+00
8.995314967979519238e+00
1.032020099008285641e+01
6.602093112841921574e+00
6.841080095498543123e+00
6.961892335171726565e+00
6.490197663956559282e+00
8.895675351435464506e+00
1.588968984067180124e+01
6.961892335171726565e+00
1.705376211446445112e+01
3.888892829610900215e+00
4.163607748110370821e+00
3.169870398402043765e+00
1.849275765658278559e+01
7.472407846012536048e+00
1.452525311974468281e+01
7.526700494655883311e+00
4.560391732282286448e+00
7.770665225982653190e+00
1.221967316543595850e+01
5.417422058595938950e+00
6.356350328107072123e+00
3.537280569333907554e+00
1.199317463468614697e+01
1.263138729240227498e+01
1.265789462731468795e+01
1.303013718572220192e+01
4.455776269521793509e+00
1.189217610494469035e+01
4.933398867172854807e+00
1.026402017623287044e+01
6.119724896868844688e+00
5.890180191056746395e+00
1.889489866153294528e+01
1.909817530230425220e+01
1.383536229859078048e+01
1.280093244330522495e+01
1.289547726441556286e+01
1.314844417094799667e+01
6.408688815353872137e+00
1.232595208344738680e+01
1.006601228075256138e+01
7.246502757264550176e+00
1.780235135106966737e+01
5.554433916400869364e+00
1.075230262412237003e+01
1.016779780357788887e+01
7.302939600610020676e+00
1.857205277079320282e+01
2.032822489522565235e+01
1.484817514452066112e+00
4.699424721859402077e+00
6.913856477949998691e+00
6.700568256271254519e+00
1.034867206158882169e+01
9.705555595574169914e+00
1.239266583337741778e+01
1.475893621859519911e+01
3.002847211944684958e+00
2.116168845967383660e+01
1.385612017500007909e+01
1.606803677404007047e+01
7.762685435416216251e+00
2.044116112878215574e+01
2.029771669415016966e+00
1.541269097573887237e+01
1.652659292905714139e+01
5.656772021690783525e+00
7.028174894949618334e+00
8.736325410197871122e+00
5.818386331091280894e+00
1.704168845016974387e+01
1.252463041151736434e+01
1.250432714861528360e+01
3.652364193261666614e+00
1.994372824665165922e+01
5.455577082723407578e+00
1.321869005857960389e+01
1.460488659499126918e+01
1.078308399697135833e+01
5.818386331091280894e+00
2.675853366612733986e+00
1.762922505848236510e+00
1.298131620853370549e+01
1.727709948245035987e+00
8.860058309584518454e+00
9.505259357062646686e+00
2.045397903812379781e+01
4.478588456225268466e+00
1.958508762528153424e+00
6.306765016748506980e+00
8.534373481990551014e+00
1.902891280632476168e+01
2.072897810950621889e+01
3.843429323020887356e+00
4.668228245602437099e+00
3.261948917474093879e+00
1.874576178669365945e+01
1.761167011987633657e+01
4.790651436702821897e+00
4.138927110378562979e+00
1.873124936378745176e+01
5.985142556167187600e+00
1.829068416567249145e+01
4.836865897139883685e+00
4.457206326851190781e+00
1.382366579924515904e+01
1.650312854271595953e+01
4.398431533983176323e+00
1.020943870678864229e+01
8.445293740218939860e+00
1.606385284547705083e+01
1.279592953296938518e+01
2.014294413137396234e+01
1.857617015654424364e+01
5.533675659155416149e+00
7.834724262489306312e+00
1.009058646953624283e+01
6.300313075578528377e+00
2.772687661763597600e+00
6.038540703766297923e+00
1.766238522994101778e+00
3.261948917474093879e+00
1.038974527924037083e+01
6.161649066269663244e+00
2.631944161884633004e+01
1.484817514452066112e+00
2.028455070712313457e+01
6.519727178904158649e+00
3.849019726989853840e+00
5.403301381812037896e+00
1.664465833874277223e+01
1.385043814323424094e+01
9.594581271412174317e+00
6.453228823663341274e+00
1.021183424501728432e+01
1.929040897921331776e+01
5.464249921951549460e+00
1.236421037230883080e+01
1.247546353371850891e+01
1.024749968664385058e+01
1.743461904688694775e+00
6.947673847019995463e+00
1.729896544302206252e+01
7.752216638552364536e+00
6.251408158365872936e+00
5.592510329716526840e+00
4.770957750444573264e+00
2.093804756689136326e+01
4.694364078534997375e+00
1.863954208868254625e+01
1.256712152785809700e+01
4.276071085816647965e+00
8.820048375480384450e+00
1.281765065478784749e+01
1.232595208344738680e+01
3.165421511976346469e+00
1.489556334589414455e+01
5.679750852950320450e+00
1.056393662538696532e+01
6.772451433995658299e+00
2.134214262172206134e+01
1.463788132066047520e+00
6.356337112859410610e+00
1.023709628356678536e+01
2.015981079495622552e+01
6.342830417590880288e+00
1.300433134819224534e+01
2.070495208567540146e+01
1.129167360927562491e+01
6.561869523973298257e+00
1.021407806549811248e+01
6.378945795689933362e+00
4.391944335378590303e+00
