1.380733564092468413e+01
6.708927076450770244e+00
1.520045811018584736e+01
7.636254570312036805e+00
1.815564590542469503e+01
5.322302868588341340e+00
1.522149210977676326e+01
1.325124901373093023e+00
6.582329699904891029e+00
1.371215034153019374e+00
1.485067992066795739e+01
8.390367583549652508e+00
1.310604509674896256e+01
6.708927076450770244e+00
1.692893342377431276e+00
3.948615670144507206e+00
1.377243838989709701e+01
6.282142132239068921e+00
1.152405027503055024e+01
2.030828865892623369e+01
9.839696969109876790e+00
6.641459339382472571e+00
6.582329699904891029e+00
7.005397672424900080e+00
5.923888005304844384e+00
1.231277756252721645e+01
9.229895475198079069e+00
2.629675487265892286e+01
6.236708518371748333e+00
6.696964304330740525e+00
1.415210403120049065e+01
1.249610507168086571e+01
2.024179186853125145e+01
8.909362470325556060e+00
1.110762512837286131e+01
3.053966571948813602e+00
3.254524263107894555e+00
6.708927076450770244e+00
9.242860089904061383e+00
8.465543318649750404e+00
9.672686513989207313e+00
6.610728005302677346e+00
7.686549219964462054e+00
6.897106500073047819e+00
6.580787309035780908e+00
8.803570081557721139e+00
1.548360973872933322e+01
6.891725607434857181e+00
1.739355808954518068e+01
3.845960036014835381e+00
1.526977673869258467e+01
4.144622586605674286e+00
3.073676100440690728e+00
1.800414528212830589e+01
8.087559549094121891e+00
1.532451780977392275e+01
7.550575163719363658e+00
1.217733674520659015e+01
6.519049486322171738e+00
3.414923284134630865e+00
1.197407759907700431e+01
6.903357010582385378e+00
1.170838328273745255e+01
1.247648021244778960e+01
1.282927342658534897e+01
1.299916606974497668e+01
4.976611936366776234e+00
1.171271211097005072e+01
4.543389433904690300e+00
9.994716485557443519e+00
5.586349376125512300e+00
5.223646193142785776e+00
1.747610672613997806e+01
1.246699890123702303e+01
1.601268490792563526e+01
1.507414022462615577e+01
1.271214645312361924e+01
1.277782605571690944e+01
1.334792512752262184e+01
6.532103468674240077e+00
1.248765615108575666e+01
7.480277955858445793e+00
1.658903806547002091e+01
5.953561445683898334e+00
1.013082273294726754e+01
9.868473021583191951e+00
1.815265813170496045e+01
1.997302228217546016e+01
1.346447881034544825e+00
4.665177151574093628e+00
7.828778163313205418e+00
3.528796761128731418e+00
6.236002717814338681e+00
1.016490107569882895e+01
9.533319229060733591e+00
1.257759924337166879e+01
2.539357211116533009e+00
2.131822848931054537e+01
1.397699576065784122e+01
1.518020883722622294e+01
1.992099286167338335e+01
2.018242405592674427e+00
1.533597909359936651e+01
5.072634619285738999e+00
6.980150140427631378e+00
8.985165695176851486e+00
5.222791741601757742e+00
1.718158170802223239e+01
1.204012668452774903e+01
3.691705599805199078e+00
4.893107925042241568e+00
1.337505235988610153e+01
1.654969727814020075e+01
1.086440324657696266e+01
2.604738829647335052e+00
1.733771824374465309e+00
1.310663832012792085e+01
9.952320555402023317e+00
1.692893342377431276e+00
9.002010192106732589e+00
9.271523711471740370e+00
8.285505921660808681e+00
6.852004952024763895e+00
4.610144780389905605e+00
2.002012460961306584e+00
8.809463770779828451e+00
1.886750526180738419e+01
1.391382494162400896e+00
2.033534271274754346e+01
3.711839373989865187e+00
3.099883735695868392e+00
1.830602501647709346e+01
1.806859245204612918e+01
4.778617336926182624e+00
3.567290155201734869e+00
1.860295878183107021e+01
5.468615912715071303e+00
1.812106053068430711e+01
4.892900882351310266e+00
1.310238272731525200e+01
4.428335508503187690e+00
1.400793703307781257e+01
1.585682123284371237e+01
9.556556576427297500e+00
1.605160441365489632e+01
1.278324289813770598e+01
1.995284084795172319e+01
1.776899615281023515e+01
4.914762746705219065e+00
7.734357650409086737e+00
9.676612993338974178e+00
8.826465935899552306e+00
3.010451948798398281e+00
6.239646120761535464e+00
1.771567315373226315e+00
3.099883735695868392e+00
9.908170603589551817e+00
2.716523976230075377e+01
1.325124901373093023e+00
2.000744070165953303e+01
6.588164937946141997e+00
3.863901007782016617e+00
5.658523808276567202e+00
1.559864853175143296e+01
1.391694040592794401e+01
5.189859715534231199e+00
8.381530789425678307e+00
6.580787309035780908e+00
9.880503887165662746e+00
1.885870728804364660e+01
4.920715241408717411e+00
1.257759924337166879e+01
1.298843103353078909e+01
9.889505251457258339e+00
1.733771824374465309e+00
7.290423731359067183e+00
1.732897971446531216e+01
7.552657340249864681e+00
6.157065710520321034e+00
2.140422922676721296e+00
5.962389493977189758e+00
4.740597166681440378e+00
2.092047381535147821e+01
5.365814296182811916e+00
1.801417450081249783e+01
1.284639427969080927e+01
1.265663831195752032e+01
4.241636181835585440e+00
8.356617504579114453e+00
1.329571162167326115e+01
1.243238862709138104e+01
2.845358615893510468e+00
1.650422917225576569e+01
5.143624245350808089e+00
1.015698877713336579e+01
6.963098741253321400e+00
2.151262915055838221e+01
1.346447881034544825e+00
6.327515017393660735e+00
9.581921313455387335e+00
1.997486792251672227e+01
9.366216218080092304e+00
6.600725904822078327e+00
1.323236821901103433e+01
2.036681708114672062e+01
1.123050818568804488e+01
6.650110040786392673e+00
4.722424021940464733e+00
9.312743244053553582e+00
6.122639584815853020e+00
4.324669991566552518e+00
