1.457376418555163333e+01
6.489317318241577759e+00
1.597181022123706207e+01
1.501717280853256220e+01
7.795887155032477978e+00
1.772916481219036200e+01
1.531847206446599330e+01
1.381604616731835433e+00
6.635479790535026900e+00
1.425876847027748306e+00
1.490535647104802663e+01
8.152075345728729161e+00
1.193908530631557419e+01
6.414327480653023272e+00
2.119082143412155617e+00
4.340009377924154421e+00
1.435023923412335733e+01
6.033078836083157093e+00
1.119123228566854067e+01
2.062701132044361074e+01
9.821993483549171344e+00
6.402586709788730346e+00
6.635479790535026900e+00
7.576352945874378797e+00
6.353900972982462036e+00
1.186013354240384210e+01
9.855835662684839349e+00
2.633835182078725623e+01
6.177461710973641829e+00
4.143347101329042381e+00
6.718297887410873415e+00
1.466606337742421573e+01
1.191042505970939125e+01
2.048565911946636220e+01
9.052552079705426635e+00
1.188073788419092125e+01
3.177912083809590005e+00
3.352082400164135390e+00
6.371982077436913805e+00
6.527462208151588285e+00
9.445386278236830080e+00
8.482447634421109939e+00
9.802099468020635697e+00
6.877776806977673019e+00
6.850645934832978234e+00
6.674817058288725846e+00
8.980525870681930201e+00
4.102038280150710037e+00
1.511639151429749006e+01
3.768819998844614272e+00
3.160182814526478534e+00
1.837572804110725855e+01
7.369872157443520422e+00
1.499326655797173125e+01
4.890206893863251025e+00
8.364068050253543163e+00
1.202872067833306602e+01
5.546108464175103059e+00
6.096127880062676141e+00
3.428492158084226471e+00
1.200480603728587248e+01
6.856457649419160028e+00
1.130128443617450529e+01
1.290787939916963367e+01
5.041476928586777539e+00
1.180297794450259730e+01
5.254430070417015486e+00
1.021148680830014932e+01
6.195742989399650291e+00
4.930960733831899034e+00
1.839388327806841161e+01
1.919428044504829245e+01
1.221050434888866754e+01
1.564304741495207196e+01
1.523215871857782311e+01
1.285531891160678164e+01
1.227007744772094178e+01
1.205980293520292257e+01
6.355778346604014750e+00
1.291385542035306777e+01
9.957203920107041029e+00
7.099669762439284604e+00
1.720443624412216366e+01
5.624452203602397837e+00
1.033250079293443768e+01
1.007892694846885284e+01
7.207672885620675096e+00
1.833940849994506550e+01
1.999534593705495666e+01
1.389606676240905392e+00
4.185622438241408005e+00
7.453085005383451644e+00
3.246307590138269639e+00
6.751250974154377360e+00
1.029881321861707200e+01
9.810557954772285427e+00
1.200429075092618625e+01
1.436002126117896260e+01
2.495590064357861682e+00
2.137445388413687297e+01
1.262379519797501182e+01
1.602051096470437130e+01
7.789014639704890719e+00
2.051730030976640151e+01
2.208373583352393865e+00
1.462106439567451233e+01
1.661457735340161079e+01
5.340394624365019105e+00
6.899183606056970675e+00
8.730099194540567709e+00
1.586310326511449098e+01
1.193908530631557419e+01
1.227272149708705840e+01
3.625035440877779180e+00
1.961768365996449504e+01
5.595806076771054904e+00
1.312604058265111462e+01
1.538442090554414499e+01
1.083449168602014900e+01
6.015845168708465529e+00
3.123667386469709761e+00
2.218281715508663154e+00
1.290728711283374253e+01
1.012411751800181747e+01
9.184207370513469471e+00
9.434120343783213514e+00
8.491708423356426394e+00
2.135140794082864346e+01
6.856457649419160028e+00
4.239247269769792048e+00
2.255135663403634805e+00
6.612360834460737635e+00
8.978270295818017388e+00
1.907655286104638748e+01
1.597758556056681156e+00
2.062701132044361074e+01
4.176405980446668664e+00
4.171216492962032341e+00
1.870804864870031281e+01
1.724096610183301337e+01
4.438293343212830422e+00
3.318399303709556936e+00
4.035658730210058387e+00
1.896480754751081577e+01
6.490278672589989029e+00
1.824336074239897343e+01
1.352223876241374612e+01
4.525698395343357383e+00
1.392247621839501193e+01
1.570108809433191688e+01
4.143347101329042381e+00
1.004192678077740020e+01
8.804871674879626298e+00
1.608402672831464031e+01
1.328444322634791952e+01
1.995012842905561357e+01
1.782722949292933734e+01
7.091887263153827448e+00
9.975596424189385303e+00
9.042759175692447471e+00
6.625832230170261461e+00
3.262259543304302234e+00
6.168447559019444526e+00
3.264964006064722479e+00
9.834751735031403541e+00
6.167592112997875020e+00
2.654441009674789598e+01
1.359703419389834966e+00
1.999534593705495666e+01
6.788928191574731486e+00
3.691239747789599068e+00
5.335861215667835999e+00
1.673534429993022243e+01
5.133871214761812851e+00
8.650249992342704530e+00
6.623978647063478498e+00
9.883444572019525864e+00
1.881949201253137360e+01
1.204311948278240152e+01
1.280795549866442329e+01
1.017496974129018739e+01
7.262385787146937055e+00
1.671016586351747435e+01
7.997970668878720879e+00
6.088886574211521463e+00
2.609317961569945332e+00
5.735089436410536479e+00
2.090667943825089736e+01
5.233140212163033489e+00
1.830598734313300469e+01
1.294817504083688675e+01
3.941383917305483209e+00
9.569364213229020422e+00
1.290458874954352098e+01
2.850378627763292982e+00
1.607816682028537514e+01
1.064811958742464171e+01
2.177021896102249343e+01
1.389606676240905392e+00
6.177541180863898695e+00
1.995012842905561357e+01
1.006860268140117221e+01
6.389621881698479555e+00
1.316627324912730224e+01
2.065928258772235893e+01
1.137103008613800270e+01
6.759021432880788716e+00
4.562483965292392973e+00
9.794426636547267861e+00
6.770873967537325733e+00
4.182609951706588447e+00
