1.549524012231108694e+00
4.584457743056387646e-01
5.342084895680419443e+00
1.390130836413358884e+00
9.477697942714927715e-01
5.018647777460703452e+00
1.130038234979405809e-01
5.944903011858340136e-01
1.540753414947877709e-01
4.054177015495445957e+00
3.789357110631040304e-01
1.081986637199954915e+00
4.329585266262513943e-01
2.042689088555278421e-01
3.261167855657433057e-01
3.601677498411643419e-01
1.819644775883244359e+00
4.209574508927185654e+00
6.190977887535176194e-01
4.579244976900974096e-01
5.944242410897682127e-01
1.446269133707377419e+00
9.942454879126493283e-01
1.079907175799379448e+00
8.175694172925668246e-01
1.310353720054142457e+01
2.342197657665231192e-01
6.321344774762672758e-01
5.052095980666061470e-01
3.995660481987192814e+00
3.774310301116555966e+00
5.730581829934683347e-01
8.351686863237075542e-01
1.689167156246993429e-01
2.444876544170727917e-01
4.534194468575706849e-01
5.201924864327240883e-01
2.159200418407853928e+00
7.444378754863887337e-01
8.098671590640957874e-01
6.095991266000604369e-01
1.165004613625773233e+00
7.311083555255866173e-01
5.618555417214937675e-01
6.553434577191617372e+00
1.084524503434048048e+00
5.618984790917565419e+00
1.753638784799536054e+00
4.116751275147998435e-01
2.689310760521606558e-01
1.101464879656867568e+00
3.751998154348876735e+00
1.684731973684674200e+00
2.828905374389038552e-01
2.560790941490904249e+00
4.102416833188975986e-01
2.267748620980336305e-01
2.625167155058228396e-01
1.168566644967689472e+00
1.062145640614436060e+00
1.943963965982558717e+00
1.487764641900725993e+00
1.326400209943184194e+00
9.343491927235073602e-01
2.858789895624651023e-01
2.419584941839685754e+00
3.676376008285459629e-01
9.180596686403345030e-01
5.782858133634560804e-01
1.054339679911923677e-01
2.955465921101620541e+00
2.175839871937690351e+00
1.207989495027198990e+00
4.360078629001248096e+00
5.224273463567236320e+00
3.232785394162279946e+00
9.945400212200677936e-01
1.002030786268372387e+00
4.569346321457505300e-01
2.483732970684105812e+00
1.066382079066038324e+00
2.353129526109281500e+00
3.344780687482266646e-01
7.633329966407442768e-01
9.066653597092062533e-01
1.181874627359669194e+00
2.279617744244677890e+00
4.124379786690796301e+00
8.046800701555870128e-02
4.691124952143385651e-01
1.558911234776413079e-01
9.128673820046190324e-01
3.019424205976454889e+00
1.140359374561350281e+00
1.587277883816862856e+00
9.373550252292080220e-02
7.020416895468515328e+00
9.673551346621097613e-01
1.840512527046178848e+00
1.035182397107197394e+00
3.466639482871157529e+00
2.063955483903868460e-01
1.665958134695826764e+00
4.232171692606951363e-01
1.059711490504757103e+00
4.799310585101566606e-01
7.085504897781063072e-01
7.401659888082515515e+00
3.123103361750615203e+00
3.088790712965784890e-01
4.250983027035771578e+00
4.043003249624639306e-01
3.269121621787979937e+00
5.060806371339007903e+00
2.742766176579014115e+00
5.480237230355150535e-01
1.000295230847054517e+00
8.121589098163979337e-01
1.876033278669081150e-01
5.813067593195003768e-01
5.096543395970701829e-01
1.912694544495120219e+00
1.505718537887055852e+01
1.012889647911186186e+00
6.383844285953116371e-01
8.637962402844786558e-01
1.493590262406885083e+00
3.102810917754072140e+00
1.588747797361332870e-01
4.523768299159940831e+00
3.009373031429722900e-01
4.291481475317573402e-01
1.832451702390347492e-01
2.326800225636179942e+00
8.540657024727737578e+00
6.182223489321906351e-01
1.587308753559908692e-01
1.899488015434875887e-01
2.779035831646115451e+00
9.158706639558817919e-01
3.130668453456019851e+00
7.768169097607304785e-01
1.815891580314600295e+00
7.607908378169740971e-01
1.485129028508787696e+00
7.989435938215218691e+00
6.260973572648717012e-01
6.342804001586408447e-01
1.615124635889469529e+00
1.363199796966632737e+00
2.010332580500344246e+00
5.062749017515658645e-01
3.660393506255852358e-01
1.828157731492616733e+00
9.775980170388410828e-01
3.001689247348649503e-01
3.722422935424913315e-01
2.053827178999740044e-01
1.844362007175637252e-01
6.147379505127702481e-01
1.097804467970978193e+00
8.832684177906171996e+00
1.095520889552138305e-01
5.929234154272144508e+00
7.680850579839844094e-01
3.707368686488726195e-01
1.248472521017436110e+00
2.711588941511891448e+00
2.903465372679090439e-01
2.047854839985134845e+00
6.911444764860074086e-01
7.053701986553577719e-01
5.709558476782867764e+00
1.191451270728794087e+00
1.296167177739403042e+00
8.674756657891450340e-01
2.237768947739713077e-01
1.370123619781727697e+00
6.696557583768971256e+00
1.510877681282789098e+00
2.653103019140213292e-01
2.510631642997615542e-01
3.525423590956299758e-01
6.788516558398419498e+00
2.183094702230773620e+00
1.277802805527050278e+00
2.931507686388595602e+00
4.924311497677005822e-01
1.656102204028441216e+00
1.085258568436291426e+00
2.569693621623053481e+00
1.642359179661592450e-01
4.659096900741334757e+00
3.983331549069165090e-01
2.362106599964234110e+00
1.572067350354005244e+00
7.665260313934841641e+00
6.387985495692576066e-02
2.842548027422848733e-01
2.665345022947931408e+00
4.748825580871018026e+00
1.612217567937431539e+00
3.838007050626847660e-01
3.143453358250543062e+00
6.214873812123090424e+00
2.273685765278410820e+00
7.264177210699797049e-01
2.479017868756251131e-01
2.350527186457177731e+00
1.263438867124611953e+00
5.987371919141546428e-01
