1.294436018132355848e+01
2.975919042216231603e+00
7.429216490906701331e+00
7.794015328039478163e+00
7.655925767125758341e+00
1.013064987981438847e+01
8.659673015089625281e+00
1.248786481845871954e+01
1.284202726462486943e+01
4.837269059133560312e+00
1.443182304858881793e+01
9.476825548490898754e+00
1.291632141293229274e+01
1.199424207066600268e+01
1.454444240887375450e+01
4.855579564360770206e+00
1.525773198539153519e+01
7.276518677739128194e+00
4.862793991220478063e+00
1.123115951706485482e+01
1.288682444474310884e+01
1.251796345249272946e+01
7.234677293291687405e+00
1.024445986712853340e+01
9.539190696649912482e+00
9.987395955482307741e+00
2.226901500241525778e+00
1.621216368746290826e+01
1.017752311392515630e+01
1.284693275461283335e+01
8.396117100949066270e+00
4.885793669178494447e+00
1.082784904584540975e+01
1.823201936754019670e+01
1.536526945560715163e+01
1.291632141293229274e+01
1.309479250495543212e+01
7.145977762919022425e+00
6.620385750702245886e+00
9.345489330844630516e+00
9.987395955482307741e+00
1.131133740656397713e+01
7.870228191685984420e+00
9.291002648839265632e+00
1.303311970044698143e+01
2.867191731073438277e+00
9.343707700888556289e+00
2.985731265681383029e+00
1.421333864810455694e+01
7.287821768115990473e+00
1.284841775595865165e+01
1.489708969254895443e+01
4.892446228049343482e+00
8.396117100949066270e+00
4.870553152460542101e+00
6.918967372897730783e+00
1.489708969254895443e+01
6.850769829065576744e+00
4.833099280177918011e+00
1.284841775595865165e+01
1.527251858453834821e+01
1.489070628807023411e+01
9.371280714471877715e+00
7.463901585472300759e+00
8.194318272946084392e+00
1.035939922075879771e+01
1.497326126789859480e+01
4.927257373210923497e+00
1.410008708402127020e+01
9.709235232526813419e+00
1.303311970044698143e+01
2.013360288334711967e+01
4.918598459377228060e+00
6.899764565793560678e+00
7.871547289267464720e+00
4.871244834677697533e+00
2.975919042216231603e+00
4.835651606100083377e+00
1.038357745451979497e+01
1.288682444474310884e+01
4.833099280177918011e+00
9.783180933075675156e+00
9.371280714471877715e+00
5.809081377238211275e+00
1.538943533091353899e+01
1.033169282421524215e+01
9.738206939084472324e+00
7.939415118385332093e+00
6.923299411649983526e+00
4.854224895013921071e+00
1.836566285129390863e+01
1.294436018132355848e+01
1.027658235227534611e+01
1.435489872035159742e+01
7.027977233521508715e+00
9.709235232526813419e+00
8.389968195907551163e+00
2.869230473698295203e+00
1.035204406804793464e+01
7.160184308922190155e+00
9.315086567023390884e+00
4.873561780307793967e+00
1.204128655272039694e+01
5.608196244001509179e+00
9.371280714471877715e+00
1.297308759836267278e+01
9.165099989827577787e+00
2.602311828018807116e+00
9.113425622733554832e+00
4.873721025878823276e+00
1.421333864810455694e+01
4.871244834677697533e+00
1.284841775595865165e+01
4.835651606100083377e+00
2.980117132212980469e+00
4.787506549321878246e+00
1.466615739625796166e+01
1.310930209339170638e+01
1.038357745451979497e+01
9.987395955482307741e+00
1.368629376382957652e+01
1.303311970044698143e+01
1.346559634433611130e+01
6.559268531464040208e+00
2.210162071533503525e+00
9.510509290442938024e+00
9.712914207831676805e+00
1.207515446871571463e+01
9.946852979547747609e+00
7.186400976723834155e+00
4.906330747943749238e+00
4.462926664828215984e+00
1.420128773573360093e+01
1.291632141293229274e+01
1.655218936075767999e+01
6.715942463938585405e+00
2.516726951308167592e+00
1.092023522197544416e+01
1.668610327546933547e+01
1.374951476850909415e+01
4.897452849174506184e+00
9.709235232526813419e+00
9.981178181390761850e+00
9.611836315655155616e+00
7.463901585472300759e+00
2.529525395675770838e+00
9.724243087172119715e+00
1.162154019739523392e+01
7.046340538891613825e+00
7.308552080993514721e+00
8.361625152405181893e+00
2.980117132212980469e+00
1.278075207076259545e+01
1.471340429181667808e+01
4.868801901776251384e+00
1.028769212081355988e+01
1.424043508150287529e+01
1.430180968980716827e+01
1.204128655272039694e+01
1.658634817545558349e+01
1.143550651173248589e+01
9.113425622733554832e+00
2.565284750373022948e+00
7.878620133127133052e+00
2.985731265681383029e+00
1.016441401242418330e+01
1.430180968980716827e+01
7.027977233521508715e+00
4.787506549321878246e+00
7.848870036750887458e+00
1.466615739625796166e+01
6.467662587270470276e+00
9.419272741001694982e+00
9.399080134316870172e+00
2.985731265681383029e+00
9.196002377286189855e+00
8.017838130275920960e+00
9.946852979547747609e+00
1.204267064219215122e+01
8.342400311213101105e+00
2.858664366803632007e+00
1.494178554088257727e+01
1.501411902476835358e+01
1.278075207076259545e+01
2.869230473698295203e+00
1.421333864810455694e+01
6.899764565793560678e+00
7.852387333653403800e+00
4.900390008033658873e+00
1.275872031221648761e+01
6.912319006914475317e+00
9.569174681040539809e+00
4.787506549321878246e+00
3.738842494947158368e+00
1.282451905685835492e+01
5.598160110389578392e+00
6.822112007201455164e+00
2.558256492322729336e+00
2.175992174293154235e+01
1.497326126789859480e+01
4.787506549321878246e+00
6.951178049578859763e+00
1.443182304858881793e+01
4.873721025878823276e+00
6.923299411649983526e+00
9.225344365459292817e+00
1.528381300701697754e+01
5.743549057196852381e+00
7.141094004075882573e+00
1.107079365544822203e+01
