7.490071061356396775e+00
1.291485973849511915e+01
2.993181918366695893e+00
7.808842608300689214e+00
7.776643613368644736e+00
7.977159782021624679e+00
1.005387071633231066e+01
3.048159139039688270e+00
7.524983471819068903e+00
1.190466831129144332e+01
1.122492251199539659e+01
4.453597251792329459e+00
1.534753206435435047e+01
9.119681616541003066e+00
1.332413318611287600e+01
1.185715167423777139e+01
1.452995895683687699e+01
4.488415390202773914e+00
1.557532705480498869e+01
7.303704507548786751e+00
4.503004288877644257e+00
1.051044192336027905e+01
1.291485973849511915e+01
7.311087077277311330e+00
9.119681616541003066e+00
1.010641420338177454e+01
2.550430770936001679e+00
1.679006475390289310e+01
8.684325374536424391e+00
1.283709658689073940e+01
4.453597251792329459e+00
8.164738001785146082e+00
4.561357874294006187e+00
1.278234010391374653e+01
1.065074831047385473e+01
1.538628341630812457e+01
1.314921653293131598e+01
1.314202806575814719e+01
6.474736729254144230e+00
6.168569599140973025e+00
9.381075120153507640e+00
1.036612894280178665e+01
1.124742180055046070e+01
7.989039869879320577e+00
9.020116047045423358e+00
1.294476549923374975e+01
9.101566255335960420e+00
1.442453980947872871e+01
7.732547024032198735e+00
1.335818745930498608e+01
1.442319135535300489e+01
5.060188814975802529e+00
8.164738001785146082e+00
4.544068741887318019e+00
7.364207992603483355e+00
1.465632913487811528e+01
7.412560354314660316e+00
5.006929996777097713e+00
1.335818745930498608e+01
1.605019235650424747e+01
8.043137539140497339e+00
8.904819412630008202e+00
6.354167239312440429e+00
7.704921000159747457e+00
8.465549855611516961e+00
1.032097987285795782e+01
1.465632913487811528e+01
5.090225181611163663e+00
9.572641190012888046e+00
1.278234010391374653e+01
1.794391026293364177e+01
4.940368994024890270e+00
6.792457649281875121e+00
8.138034108818303025e+00
4.503004288877644257e+00
2.993181918366695893e+00
4.518739215817404009e+00
1.068098532839775139e+01
1.081501256951903933e+01
1.291485973849511915e+01
5.006929996777097713e+00
9.854653305498260352e+00
8.994878259301350099e+00
5.567954699767067694e+00
1.554272724529264060e+01
1.151414548533375459e+01
9.588496657454092187e+00
8.043137539140497339e+00
6.515501583623537485e+00
4.473925444151585218e+00
1.525929704311362478e+01
1.283423460853946629e+01
1.010641420338177454e+01
1.181822361792432652e+01
7.901431312374175953e+00
9.588496657454092187e+00
4.859265365076965715e+00
8.164738001785146082e+00
7.751053275202724357e+00
1.523218320063200260e+01
2.932695161497875347e+00
1.065370133624833038e+01
8.904819412630008202e+00
1.187155678230898914e+01
7.668841976242227076e+00
5.599903471967711432e+00
1.335818745930498608e+01
8.904819412630008202e+00
9.055300435238708090e+00
2.655198464288831772e+00
8.671250395360717178e+00
4.867996871765161160e+00
1.442453980947872871e+01
4.503004288877644257e+00
1.335818745930498608e+01
4.518739215817404009e+00
3.028502389422495167e+00
4.922207593261584968e+00
1.299604727322605413e+01
1.465632913487811528e+01
1.278888353764133257e+01
1.088363490254018728e+01
1.036612894280178665e+01
1.275190881719862368e+01
1.359724403826787942e+01
6.354167239312440429e+00
9.401268457271475754e+00
9.005569149651000416e+00
1.202650165686830874e+01
9.672233315955899968e+00
7.471168687131852337e+00
4.867996871765161160e+00
1.260361674922179276e+01
4.471839105598357733e+00
1.442453980947872871e+01
1.328766515581028251e+01
1.382260761109509062e+01
2.613200098644863356e+00
1.040762947580598308e+01
1.291018591629341294e+01
1.284961393352889836e+01
4.979438480059690697e+00
9.572641190012888046e+00
4.867996871765161160e+00
7.436228473135188644e+00
9.815091890911867623e+00
7.749868868450928261e+00
2.599880796470192656e+00
8.859119200632909141e+00
7.947284108895817489e+00
8.739203931658087399e+00
3.030265351968074228e+00
6.545690271944300420e+00
1.270369554781142973e+01
1.539324961102744105e+01
6.551539433788724054e+00
5.090225181611163663e+00
1.039060192287890061e+01
1.534753206435435047e+01
1.391983937765474444e+01
1.128854788237609696e+01
8.671250395360717178e+00
2.652783276988390782e+00
7.058716692405027082e+00
2.993181918366695893e+00
1.072281994083359535e+01
1.530271459617527796e+01
4.930972180456179466e+00
7.840301254856278490e+00
1.484079748268680810e+01
6.261420408571366281e+00
9.116358650881625891e+00
9.116358650881625891e+00
2.993181918366695893e+00
9.085117511605126595e+00
8.105160670314004889e+00
8.582836043008315485e+00
9.672233315955899968e+00
1.198783571498081102e+01
8.739203931658087399e+00
2.940635317612143140e+00
7.377096343116293475e+00
1.454255147968718198e+01
1.452409323416109110e+01
1.536710616300364585e+01
1.270369554781142973e+01
2.940635317612143140e+00
1.442453980947872871e+01
6.761401923872718989e+00
8.528904193823363400e+00
4.940368994024890270e+00
1.264020543063962343e+01
9.220633796746849242e+00
1.271064736370909110e+01
1.335818745930498608e+01
5.526410347761650854e+00
2.639931299194636871e+00
1.898569541818720197e+01
4.924672165173686444e+00
4.192086889576120967e+00
7.812234997552505611e+00
1.523490516944049844e+01
4.867996871765161160e+00
2.993181918366695893e+00
6.515501583623537485e+00
9.095934344675232097e+00
1.538628341630812457e+01
5.515263361039363765e+00
7.961898462592325032e+00
1.069390552474164835e+01
