7.223593980760984579e+00
1.322041545686706243e+01
3.080513678015835310e+00
7.644210684778117049e+00
7.673397525055167812e+00
7.861179622177441040e+00
1.084576087329795158e+01
3.093647403135648677e+00
8.581660634449642444e+00
1.028751786816166458e+01
4.562861831677101243e+00
1.378636182360190077e+01
9.772444719141724079e+00
1.334872199177891794e+01
1.214777441957993886e+01
1.349820087622775233e+01
4.607239938804447377e+00
1.404863880774274953e+01
4.660921929526050889e+00
1.319213279621940771e+01
1.219625465328881475e+01
6.970045044148297286e+00
1.083897521848317780e+01
9.772444719141724079e+00
1.012255195647516359e+01
2.201155859062510434e+00
1.804964357329856384e+01
1.080163864615379410e+01
1.309258647683797072e+01
4.562861831677101243e+00
8.046180752782417400e+00
4.722618580889573536e+00
1.283693853867519508e+01
1.145004215578604523e+01
1.558414437057428614e+01
1.716384855940804144e+01
1.328630434207995847e+01
1.307699935330949259e+01
7.228304779254200341e+00
6.867393693830171841e+00
1.016126965837695906e+01
1.101450622870799023e+01
7.236430807080937555e+00
9.311317651799814854e+00
1.304844187735013250e+01
2.917335512709304357e+00
9.833718433372489187e+00
3.080513678015835310e+00
1.349820087622775233e+01
7.540010515185709750e+00
1.336682266030179278e+01
5.196773741229446131e+00
8.046180752782417400e+00
4.708848106121906518e+00
1.670105947979659078e+01
7.131569829155979257e+00
5.085719444237621012e+00
1.336682266030179278e+01
1.706285796748948869e+01
1.670105947979659078e+01
7.248301824362626711e+00
9.583221070194827718e+00
7.124934467472230359e+00
7.022538724445811731e+00
8.002835038996490624e+00
1.102291217446903815e+01
1.674573830882238923e+01
1.388514562497712568e+01
1.012291230332262515e+01
1.655352002965965141e+01
5.148040670960162046e+00
7.275375628365571501e+00
4.650568908632859433e+00
3.080513678015835310e+00
4.761596768285253134e+00
1.086697909852639654e+01
1.094282272884011675e+01
1.319213279621940771e+01
5.085719444237621012e+00
1.018706640649055295e+01
9.583221070194827718e+00
1.113040395218270717e+01
1.007186793257523583e+01
7.218474791123642653e+00
7.142152523295036026e+00
4.630704986814575541e+00
1.521056806912347881e+01
1.318246739347315888e+01
1.045058212763184358e+01
1.048699711447873639e+01
6.570733660863197656e+00
1.004183837690442971e+01
4.950847544949047219e+00
8.129795070371763188e+00
7.521751761464398278e+00
1.439006720140593032e+01
2.910130332783200657e+00
1.119823849071969590e+01
7.284680464015957924e+00
9.622332889110369436e+00
4.786468252176721450e+00
1.217904865948629123e+01
7.559252924758701475e+00
5.630219103378521162e+00
1.336682266030179278e+01
9.583221070194827718e+00
1.310422099399466056e+01
9.369581784901210852e+00
2.633352052973908730e+00
9.211838264303001012e+00
4.990083224149039154e+00
4.650568908632859433e+00
1.336682266030179278e+01
4.761596768285253134e+00
3.086238252338258548e+00
1.307699935330949259e+01
1.554489776184008676e+01
1.407104654056437276e+01
1.109097603757192019e+01
1.016126965837695906e+01
1.312613619115405328e+01
1.269344956325769758e+01
1.337842455089931981e+01
2.175131191125242225e+00
1.051153250850656917e+01
1.223227388285175721e+01
1.023426384249356325e+01
7.038677549408399514e+00
5.012286982488816101e+00
1.046079537797783310e+01
4.375264295401240844e+00
1.356075467552721037e+01
1.329928878591931429e+01
1.533140725561254314e+01
6.684013783433324640e+00
2.479485611178502413e+00
1.046350042248848489e+01
1.312613619115405328e+01
5.149058974355622986e+00
5.003705665897529187e+00
1.032494136770672633e+01
7.550061717104210146e+00
1.000262907783774580e+01
2.528980203888844702e+00
1.267853872763858547e+01
7.577534071745709809e+00
7.778537284804951213e+00
8.185414457652726128e+00
3.086238252338258548e+00
7.178219812517093068e+00
1.301189741451670479e+01
1.404863880774274953e+01
7.228304779254200341e+00
5.269232471742586021e+00
1.098424238696117250e+01
1.373473082344129992e+01
1.378636182360190077e+01
1.217904865948629123e+01
1.533140725561254314e+01
1.101450622870799023e+01
9.150830466772070793e+00
2.493508976985758796e+00
8.236015476638467447e+00
3.068963077562206543e+00
1.040114984879985904e+01
6.556927283331237533e+00
5.094366720876381649e+00
7.673397525055167812e+00
1.554489776184008676e+01
6.943927817174467165e+00
9.666210097158236536e+00
9.666210097158236536e+00
3.068963077562206543e+00
9.555977424602463799e+00
7.262861916608788881e+00
7.983262257443969112e+00
1.023426384249356325e+01
8.185414457652726128e+00
2.917335512709304357e+00
7.011599244808027542e+00
1.670105947979659078e+01
1.354309781355339126e+01
1.299024814355716728e+01
2.917335512709304357e+00
1.349820087622775233e+01
7.190942148508796983e+00
7.959633526921635394e+00
1.300517599297242022e+01
7.559252924758701475e+00
9.928912542588300028e+00
5.076869222059310793e+00
1.254749213990835877e+01
3.731537948326413279e+00
5.505887921560140619e+00
7.246824654300659141e+00
2.626908046334262004e+00
1.784438710054535804e+01
1.677609919993507503e+01
5.067705055644744050e+00
3.712131550615846542e+00
7.577534071745709809e+00
1.366363639298614174e+01
5.003705665897529187e+00
3.045679891218751489e+00
7.117152790355768310e+00
9.428315524649727664e+00
1.675111134416841807e+01
5.425185792936498608e+00
7.147953376843227069e+00
1.072713813312518560e+01
