6.960749010798013892e+00
1.307774359810078835e+01
3.099995201091376718e+00
7.429872806003320562e+00
7.434110463375883882e+00
7.617073221159894381e+00
9.762859663850719016e+00
3.134089020585698382e+00
7.965660154652291602e+00
1.285748012546125274e+01
1.192294292659752308e+01
1.446496583138414493e+01
9.427617430587481806e+00
1.312284396699173428e+01
1.236876240379525882e+01
1.449797715408793053e+01
4.862621202073310833e+00
7.292166745092952596e+00
4.941060297585714522e+00
1.306677224858383468e+01
1.307774359810078835e+01
1.290080125082769236e+01
7.280129612537243666e+00
9.763417514166729205e+00
9.487595816743933597e+00
9.983589681295713447e+00
2.168029947446280747e+00
1.629231259241726448e+01
1.296930771794521142e+01
4.927536976188827467e+00
8.081662766475945503e+00
4.944393443867602045e+00
1.335466351747354175e+01
1.224362210511034377e+01
1.641009438208195803e+01
1.545703131158898103e+01
1.312284396699173428e+01
1.339975475651882952e+01
6.749340085387029120e+00
6.287712280158533673e+00
9.508752814154227906e+00
1.008827499924112736e+01
7.613892412911822838e+00
9.224865594376948863e+00
1.335466351747354175e+01
2.862864448387540950e+00
9.248845041475913575e+00
3.104260590329130487e+00
1.409919527046357146e+01
7.403205415199782813e+00
1.309311219439122809e+01
1.479116270362928631e+01
4.635673259101236177e+00
8.081662766475945503e+00
4.933035437418103797e+00
6.851006640451522856e+00
1.475100009621023389e+01
6.960749010798013892e+00
1.309311219439122809e+01
1.514156511364461188e+01
1.489096890714509236e+01
7.613892412911822838e+00
9.199787646827857657e+00
6.474347420071111081e+00
7.365255344621743028e+00
7.556904858832499627e+00
1.054584801683486006e+01
1.475100009621023389e+01
4.752468054572061895e+00
1.373327752657196932e+01
9.815355331903161229e+00
1.326854287290896295e+01
1.842762288700072304e+01
7.086999027649390825e+00
7.613892412911822838e+00
3.099995201091376718e+00
1.000533156252611988e+01
1.053010701328942744e+01
1.307774359810078835e+01
4.517995455526506277e+00
1.002663014361910321e+01
9.199787646827857657e+00
6.091262786430154286e+00
1.511223695308845727e+01
1.026005502482752973e+01
9.852674141237134364e+00
7.613892412911822838e+00
6.774402418507163404e+00
4.941060297585714522e+00
1.414746186574124920e+01
1.303651096509109664e+01
1.053380719702131962e+01
7.068663653940208569e+00
9.815355331903161229e+00
4.528760906389080354e+00
8.155818945585563640e+00
7.190314274716329557e+00
1.314698397077965808e+01
2.862864448387540950e+00
6.837233487439828394e+00
9.110468471572495730e+00
4.905165494319208896e+00
1.239824608952486606e+01
6.894979126521032065e+00
6.104098524172038687e+00
1.316116790095356670e+01
1.308302399809463168e+01
9.375494951657545428e+00
2.414895613133092755e+00
8.896750580355860194e+00
1.409919527046357146e+01
4.941060297585714522e+00
1.309311219439122809e+01
4.843499804705051481e+00
3.114851764806587209e+00
4.460857686849401205e+00
1.335466351747354175e+01
1.448154286639659638e+01
1.334332846235063386e+01
1.059175238739574354e+01
1.008827499924112736e+01
1.318111307468812043e+01
1.367918870238290552e+01
6.474347420071111081e+00
2.168029947446280747e+00
9.563256494656950935e+00
1.098878054946616878e+01
1.256334308974891378e+01
7.150534650340700793e+00
4.856000336218248670e+00
1.315291456274721504e+01
4.614964274055291860e+00
1.312284396699173428e+01
6.698820930579847399e+00
2.209049446097169245e+00
1.365433363320498472e+01
1.558926697222581659e+01
9.815355331903161229e+00
4.856000336218248670e+00
9.748346066415940925e+00
7.337424848938075783e+00
9.759095489151896174e+00
7.365255344621743028e+00
2.226565533755649806e+00
1.185448458028636054e+01
1.381712590083475511e+01
7.112701119340093747e+00
7.307465516110695170e+00
7.865505232030292504e+00
3.114851764806587209e+00
6.494503548554325434e+00
1.290085346669556010e+01
1.398215839406742766e+01
6.781747237228634262e+00
4.743517729793068405e+00
9.720599532007399901e+00
1.407842408228573028e+01
1.387526573547805597e+01
1.236876240379525882e+01
1.646987675212488966e+01
1.267398925038057911e+01
8.860938343095003944e+00
7.665348779228963849e+00
3.091625574034078561e+00
1.373327752657196932e+01
7.054857276408248445e+00
4.460857686849401205e+00
7.551839777841364842e+00
1.448154286639659638e+01
6.226858743676591423e+00
9.683335971666894082e+00
9.646972504235517221e+00
3.104260590329130487e+00
9.375494951657545428e+00
7.613892412911822838e+00
7.383875254746470773e+00
1.102870461166371641e+01
1.256334308974891378e+01
7.822188955508520003e+00
2.862864448387540950e+00
6.923749302437142816e+00
1.489096890714509236e+01
1.484043655199362099e+01
1.398215839406742766e+01
1.290085346669556010e+01
2.862864448387540950e+00
1.409919527046357146e+01
4.485982524068917066e+00
1.302642704804527085e+01
6.894979126521032065e+00
9.405251293609790508e+00
4.490878266317626100e+00
1.480066596589634997e+01
3.846335006474532303e+00
1.309311219439122809e+01
6.972258414127492365e+00
2.385275055071329309e+00
1.475100009621023389e+01
4.460857686849401205e+00
3.827039991316001366e+00
7.112701119340093747e+00
1.416451262546408074e+01
4.856000336218248670e+00
3.049631913510369330e+00
6.774402418507163404e+00
9.400854901120808904e+00
1.545703131158898103e+01
6.079565800937614561e+00
7.068663653940208569e+00
1.168710836117439911e+01
