6.833721412125473016e+00
1.327267580028545524e+01
3.158919319181370700e+00
7.329758970311919697e+00
7.995887469622397603e+00
7.713545630687005605e+00
1.051473007091367506e+01
3.303678310335208756e+00
7.102840071761063356e+00
1.262122414418929139e+01
1.132590410686943194e+01
4.129878379322119208e+00
1.447581591077392638e+01
9.552287575565848954e+00
1.327267580028545524e+01
1.246964521117302560e+01
1.466882130028568376e+01
4.233403983154348182e+00
1.483155589013959741e+01
7.116105062514008317e+00
4.195330027494134306e+00
1.090772098767402909e+01
1.327267580028545524e+01
1.266523236468926861e+01
7.482830611330739679e+00
1.060228102474997591e+01
9.552287575565848954e+00
2.314731115555863195e+00
1.067535173702523643e+01
1.316710365698255103e+01
4.129878379322119208e+00
8.685255724220230178e+00
1.305272429205672147e+01
1.218400511428722410e+01
1.630848121371307258e+01
1.510839129336091169e+01
1.330042339792109551e+01
6.829121330069015450e+00
6.571503284138510814e+00
1.100886284154775652e+01
1.137616169626329032e+01
7.890172607231655810e+00
1.312109119472011365e+01
2.899918931863595173e+00
9.450196322505890478e+00
3.158919319181370700e+00
1.391655703028085789e+01
7.234838627263663113e+00
1.327267580028545524e+01
1.458434739864851259e+01
5.036122090413680752e+00
4.171451875277836230e+00
6.828444921791410493e+00
6.833721412125473016e+00
4.998306210703578500e+00
1.327267580028545524e+01
1.620551861873134314e+01
1.465923248357442610e+01
7.920006303081842169e+00
6.361828105652356236e+00
8.277567297128079815e+00
1.103777919499056281e+01
1.472163250885765073e+01
5.135822086898748751e+00
1.411864333168174923e+01
1.043142168019405247e+01
1.305272429205672147e+01
1.710199327913593947e+01
5.022783941191939938e+00
7.163709688210612825e+00
7.854124551516109776e+00
4.195330027494134306e+00
3.169996338685646009e+00
4.694306357677206165e+00
1.067897865427413073e+01
1.327267580028545524e+01
1.111115827581833315e+01
9.502783666587880873e+00
5.769927642967158654e+00
1.517351952079234501e+01
1.128519096131871002e+01
1.045538602674247919e+01
6.941100364895569363e+00
4.195330027494134306e+00
1.495350238618609851e+01
1.158111036479677480e+01
1.301899471101901717e+01
7.109538099861278937e+00
4.921210890092024393e+00
8.734918076075615545e+00
7.168406370272196959e+00
1.408509071152827374e+01
2.890946197350497293e+00
1.126270067450137802e+01
6.878882972569284604e+00
9.324980497120691325e+00
4.663072347827256436e+00
1.250197469384801074e+01
6.828444921791410493e+00
5.708897021105109104e+00
1.327267580028545524e+01
9.431803671208097484e+00
1.305327541868389218e+01
1.053303288354689826e+01
2.606622029970794951e+00
9.149078165223457404e+00
4.923921388739753269e+00
1.391655703028085789e+01
1.327267580028545524e+01
4.637402989976827428e+00
4.934130871624902603e+00
1.320428887949415397e+01
1.432418485257774776e+01
1.413436265603865394e+01
1.067897865427413073e+01
1.122862159445224428e+01
1.358680392193954134e+01
1.305272429205672147e+01
1.376032246669173631e+01
6.345605133631022632e+00
2.287662148014341312e+00
9.911048735673059440e+00
1.253794594080446956e+01
1.103527482843217022e+01
6.908777390779871297e+00
4.956385775757460976e+00
1.338600297470891576e+01
1.391655703028085789e+01
1.327267580028545524e+01
1.598395087814033033e+01
6.602200315599652924e+00
2.528499731668932604e+00
1.082852315257716747e+01
1.365006439076017841e+01
1.358680392193954134e+01
5.057895996199743394e+00
1.043142168019405247e+01
4.942234822115459281e+00
1.081546698991356337e+01
7.209763652982200455e+00
1.094267063222804914e+01
7.474159319373577581e+00
2.550356781627433733e+00
1.045154929047277470e+01
1.181069729361994192e+01
6.968918900875639366e+00
7.404321735056295317e+00
8.474459930222366211e+00
3.303678310335208756e+00
6.456454225085013654e+00
1.314366533237291179e+01
6.829121330069015450e+00
5.135822086898748751e+00
1.391655703028085789e+01
1.431337098225036186e+01
1.246964521117302560e+01
1.598395087814033033e+01
1.139205920847335918e+01
9.149078165223457404e+00
2.533903520207111626e+00
6.787331237110762139e+00
3.136057593091532425e+00
1.087778285803902278e+01
1.425159300980008936e+01
7.081635159573465899e+00
4.907498183988675322e+00
8.022029484037057401e+00
1.432418485257774776e+01
6.389261732660526327e+00
1.058797855438582936e+01
1.058797855438582936e+01
1.053303288354689826e+01
7.920006303081842169e+00
8.328135847077401621e+00
1.252628402147872677e+01
8.482294167125258966e+00
2.899918931863595173e+00
6.781372136279960827e+00
1.465923248357442610e+01
1.455278287760852862e+01
1.457812519206887636e+01
1.314366533237291179e+01
2.899918931863595173e+00
1.391655703028085789e+01
7.134132301314427771e+00
8.068580543612586808e+00
5.005186639911262780e+00
1.287573805031862939e+01
6.940241857398669723e+00
9.508966978951129079e+00
4.930962863251143524e+00
1.457966223645715509e+01
3.687947795439042054e+00
1.327267580028545524e+01
5.708897021105109104e+00
6.952827393670393263e+00
2.570108739329143077e+00
2.007110729342270616e+01
1.472163250885765073e+01
4.899892035732518636e+00
3.610299725469133136e+00
6.952736231779778286e+00
1.447581591077392638e+01
4.942234822115459281e+00
3.083846994462156044e+00
6.904477920884662723e+00
1.074000128732561699e+01
1.497937320787483628e+01
5.689512589596096959e+00
7.357826596832301114e+00
1.121926072672630958e+01
