7.011661939317009207e+00
1.256999698902087026e+01
3.187671991479452238e+00
7.904803974170326875e+00
8.144694113745511999e+00
1.030381940187926304e+01
3.211346402300663261e+00
1.206618229046326185e+01
1.261169322822955863e+01
4.412025719236343235e+00
1.475051802690725289e+01
1.273695926491400776e+01
1.181056274740824819e+01
4.492964817454952353e+00
1.604167460694199576e+01
7.574336820297267181e+00
4.451923941951084984e+00
1.023103002287193064e+01
1.256999698902087026e+01
1.206618229046326185e+01
7.688685704274131893e+00
9.991882190298420952e+00
9.339110043173830533e+00
9.971783012456574724e+00
2.346994143026320145e+00
1.645829131028256853e+01
1.047962317675342625e+01
1.230792168057464053e+01
4.412025719236343235e+00
8.429767487623767153e+00
4.521110314874524860e+00
1.215467538132990732e+01
1.118400864020693319e+01
1.498482186975251373e+01
1.517552101191965619e+01
1.269430245203272989e+01
7.173049465784047563e+00
6.754830408236200512e+00
9.771445935776574387e+00
9.971783012456574724e+00
1.003727119466941708e+01
8.024944296307124247e+00
9.596687410508268457e+00
2.787705139530654463e+00
9.156284709012616929e+00
3.191769409522538403e+00
1.477006895539667752e+01
1.264807683355864754e+01
1.498674876741231543e+01
5.034247988174223032e+00
8.429767487623767153e+00
4.521110314874524860e+00
6.956063589298412175e+00
1.523105268867458051e+01
7.011661939317009207e+00
4.936773258045603185e+00
1.264807683355864754e+01
1.609247427539446207e+01
1.497577497247164580e+01
8.044722781963256963e+00
8.884259148395639016e+00
6.627312862976432406e+00
7.616962430031294140e+00
8.048417638930006390e+00
1.045781552111832724e+01
1.529511601888478545e+01
5.057604498642380264e+00
1.437845778471402980e+01
9.860066679897281361e+00
1.219093271898079323e+01
1.819057746726789304e+01
4.843305439595932071e+00
7.205166036216440695e+00
8.044722781963256963e+00
4.463196193288418989e+00
4.630584857221163197e+00
1.018401090871401315e+01
1.077726762011351624e+01
1.256999698902087026e+01
4.955666343671994767e+00
9.955932104802917237e+00
8.939516671050450114e+00
6.014188079749278160e+00
1.584686525540336532e+01
1.033673282239201541e+01
8.044722781963256963e+00
7.105271673447033365e+00
1.256999698902087026e+01
1.051660035212545630e+01
1.269818592544911517e+01
7.047697014923239855e+00
9.860066679897281361e+00
4.834870148140691271e+00
8.510268627965453803e+00
7.198778062989663162e+00
1.369226706559709505e+01
2.776146521570854730e+00
1.104381721898681690e+01
7.205147391113992050e+00
8.847027403766055897e+00
4.679408661716434104e+00
1.189199552970614349e+01
7.015237986013048932e+00
5.954681027461088405e+00
1.292653513302088264e+01
8.884259148395639016e+00
1.252819497086452571e+01
2.624633795666281966e+00
8.882091166883894218e+00
4.807136796142502000e+00
1.477006895539667752e+01
4.476162777606870868e+00
1.263299337683549162e+01
4.610224729570907343e+00
3.197891006862775054e+00
4.870411099642236508e+00
1.215467538132990732e+01
1.515662909504499289e+01
1.343726538973263196e+01
1.080809030716667429e+01
9.971783012456574724e+00
1.235268603462293946e+01
1.219093271898079323e+01
6.627312862976432406e+00
2.311293435049468492e+00
9.290219337501692820e+00
1.039082179241326642e+01
1.189252950841281375e+01
1.036959211477150333e+01
7.065910510105678277e+00
4.834870148140691271e+00
1.301200703642569323e+01
4.236916143188255823e+00
1.477006895539667752e+01
1.273695926491400776e+01
1.313195112592241642e+01
6.750090460306577889e+00
2.556599638677757635e+00
1.000104747571889163e+01
1.332443552663318265e+01
1.250966739924503202e+01
4.914499638164619988e+00
9.860066679897281361e+00
4.818671601788525827e+00
9.716094864067194692e+00
7.688203562139579006e+00
9.719138590736758232e+00
7.671421019232502303e+00
2.577537100875557208e+00
9.932567961642700283e+00
1.180824978951060977e+01
7.293456953413613775e+00
7.527291581215085792e+00
8.280881412881944570e+00
3.197891006862775054e+00
6.715765514669676861e+00
1.211357313881112141e+01
1.517083624086738780e+01
7.235909720490440122e+00
5.057604498642380264e+00
1.008659882993399570e+01
1.477006895539667752e+01
1.181056274740824819e+01
8.882091166883894218e+00
2.567479924491950172e+00
1.121649281668739562e+01
3.183281677935008158e+00
9.919019055815891051e+00
1.449256070090668658e+01
7.047697014923239855e+00
4.863947824543688014e+00
8.213701967884153632e+00
1.524330725501693173e+01
9.554834823173834479e+00
3.191769409522538403e+00
9.490422613543818997e+00
8.044722781963256963e+00
7.998013170123280169e+00
1.036959211477150333e+01
1.189252950841281375e+01
2.787705139530654463e+00
7.065910510105678277e+00
1.506203841051468828e+01
1.490861704275412336e+01
1.545095959676933006e+01
1.211357313881112141e+01
1.480528608378748245e+01
7.136110628715094606e+00
7.949068923539299725e+00
4.816941010319101046e+00
1.202587470947759840e+01
7.015237986013048932e+00
9.250590256898897579e+00
4.887805815833425882e+00
1.380620960600970371e+01
3.739572582250417998e+00
1.263299337683549162e+01
5.954681027461088405e+00
7.049956399727441259e+00
2.618131065526327017e+00
1.978541837069994358e+01
1.529511601888478545e+01
4.863947824543688014e+00
3.719143491680441116e+00
1.467464103569183820e+01
3.168925170903763799e+00
7.105271673447033365e+00
1.507401297322009626e+01
5.971182333053932645e+00
7.460766944070590156e+00
1.020476007597402912e+01
