7.074983089770083389e+00
1.331384885922976302e+01
3.079803253346903080e+00
7.247843156761927474e+00
7.932706627115750031e+00
7.591911456143089154e+00
9.188405274525552002e+00
3.117991902404464888e+00
1.251824700272397273e+01
1.272233841745526028e+01
4.584120525396140344e+00
8.807134628312816460e+00
9.862737856555833460e+00
1.351174692324530291e+01
4.668860941018431632e+00
1.364165379516709464e+01
7.335785087225244361e+00
4.628716009096502049e+00
1.152897027938772467e+01
1.331384885922976302e+01
1.276263968786346403e+01
7.497076416956655720e+00
9.865525417902325955e+00
8.870961246832058222e+00
9.163832859291467514e+00
1.742200151607695346e+01
1.051178589146675613e+01
4.584120525396140344e+00
8.288193959446592984e+00
4.671358162533060465e+00
1.331654233187156322e+01
1.080481760524749646e+01
1.824480892932039922e+01
1.335766281807418032e+01
1.380859001847552037e+01
6.946642802714775300e+00
6.619362755843429369e+00
8.883911318999558659e+00
9.163832859291467514e+00
1.168853785392534483e+01
8.696211159525340406e+00
1.338590245316735228e+01
2.926478634220301966e+00
8.691091476315111919e+00
3.089496815681093800e+00
1.333336010897599166e+01
7.247843156761927474e+00
1.367135954419353361e+01
5.077783712304050567e+00
8.288193959446592984e+00
4.683393653603552309e+00
7.059586544430819899e+00
1.383576535268454855e+01
7.046647191507957153e+00
4.908083196320323083e+00
1.654845467103310597e+01
1.367135954419353361e+01
8.185375448033497037e+00
8.640832593261521311e+00
6.609188988576129020e+00
7.528308865809603567e+00
7.957752641075927613e+00
5.153362182949975612e+00
1.349496653591361373e+01
8.804157889925509295e+00
1.331654233187156322e+01
1.815119326752883211e+01
4.933080415228426219e+00
7.037709405348127945e+00
8.185375448033497037e+00
4.620152110366554155e+00
3.079803253346903080e+00
4.764665443167148240e+00
9.985742744873432386e+00
1.056587127677169313e+01
1.331384885922976302e+01
5.004945495000530542e+00
9.038283064712906878e+00
8.688604096898771445e+00
6.729550525781617942e+00
1.382666624685006340e+01
8.864935783411947767e+00
8.185375448033497037e+00
7.014612186956957984e+00
4.618613765691927497e+00
1.435721783921019146e+01
1.331384885922976302e+01
9.880834054645648123e+00
1.349829674968831128e+01
6.877501203114824158e+00
8.822116952595843387e+00
4.808149626920030784e+00
8.357584203947203250e+00
7.250634879404247002e+00
1.383965497774328668e+01
2.930915029796691940e+00
1.004469819219459126e+01
6.963453674663944604e+00
4.776767417669988802e+00
1.005796964141840988e+01
7.105955257985153928e+00
6.456630142173083620e+00
1.338499085664730792e+01
8.640832593261521311e+00
1.331384885922976302e+01
8.551261727472713403e+00
2.689653651284638514e+00
8.651443755480617170e+00
4.880620506994321595e+00
1.333336010897599166e+01
4.628716009096502049e+00
1.338499085664730792e+01
4.764665443167148240e+00
3.103446112649738797e+00
4.888295236344193384e+00
1.342196899948357647e+01
1.353664389014283209e+01
1.203294775128639316e+01
1.059669396382485296e+01
9.163832859291467514e+00
1.295853601977838565e+01
1.331654233187156322e+01
1.409358455932642684e+01
6.590394067986984794e+00
2.272711592792884261e+00
9.076945630823995970e+00
9.682216714831021420e+00
1.023120417908805457e+01
9.202200277496357828e+00
7.128014912569101469e+00
4.880620506994321595e+00
1.307361118111563236e+01
4.306201996150204714e+00
1.324033172736150377e+01
1.335766281807418032e+01
1.699556432622574320e+01
6.957836870214046066e+00
1.152897027938772467e+01
1.392304820009076671e+01
1.307242528049161656e+01
4.961643711950182833e+00
8.804157889925509295e+00
4.904428663961372337e+00
9.015998099465441840e+00
7.422291046323139518e+00
8.985963644775923242e+00
7.569712323839253187e+00
2.613625466512421003e+00
9.798757853055528599e+00
1.194844134445114214e+01
7.229800724680331747e+00
7.474342286608552932e+00
8.123999420850633868e+00
3.108214743462097918e+00
6.686844597706361526e+00
1.335036615827249129e+01
1.359730653816172463e+01
6.946642802714775300e+00
5.108460315380478178e+00
9.668443453761865314e+00
1.324033172736150377e+01
1.353991390755537338e+01
9.862737856555833460e+00
1.738961109847016218e+01
1.173561284162176044e+01
8.651443755480617170e+00
2.655916234505332874e+00
3.089496815681093800e+00
9.015998099465441840e+00
1.353991390755537338e+01
6.845849796372014850e+00
4.888295236344193384e+00
7.920517847604054751e+00
6.572451188146455792e+00
9.332908545266253242e+00
3.089496815681093800e+00
8.735342562455430837e+00
8.185375448033497037e+00
7.976656833512703493e+00
9.202200277496357828e+00
1.014117449208161403e+01
8.105830061964978128e+00
6.899924791796065549e+00
1.348381888760837199e+01
1.364165379516709464e+01
1.335036615827249129e+01
2.930915029796691940e+00
1.335610809315011949e+01
7.001390805983558785e+00
7.767330642201533131e+00
4.923908297255422006e+00
7.214175362877799813e+00
4.877269542363065646e+00
1.440273529715950573e+01
3.649908285147382525e+00
1.338499085664730792e+01
6.456630142173083620e+00
7.045108016945508034e+00
2.671949555230081153e+00
1.951284613349868735e+01
1.394405694852225253e+01
4.867594487364651279e+00
3.638387492410363855e+00
7.209403666825253687e+00
1.353991390755537338e+01
4.904428663961372337e+00
3.067412359001423283e+00
7.014612186956957984e+00
8.719868547485221555e+00
7.134006093157330142e+00
1.101338444163460473e+01
