6.541046103936615452e+00
1.330138659740208773e+01
3.103399877157571485e+00
7.525344692562544680e+00
1.026274794256984713e+01
3.145206286179446309e+00
8.171997202239346336e+00
1.254238287142888097e+01
1.127719565519021216e+01
4.726221965334319819e+00
1.504405480809519524e+01
9.056459147304815716e+00
1.333050266066222633e+01
1.307550841374972883e+01
1.513784662943477066e+01
1.505682746075364697e+01
6.376946104401436166e+00
4.805854909072627024e+00
1.133528976578504377e+01
1.330138659740208773e+01
1.265529168022531081e+01
7.411224829273598047e+00
1.004104062252049800e+01
9.056459147304815716e+00
9.865863548465727106e+00
2.212132514505986691e+00
1.699169112656112191e+01
1.111403955052238857e+01
1.347412577174627302e+01
4.726221965334319819e+00
4.924093870014804253e+00
1.329303459350577832e+01
1.076866074130692397e+01
1.679168173062477010e+01
1.604163519757839751e+01
1.333050266066222633e+01
1.369119487027512072e+01
6.363501411399035135e+00
9.181392827405341350e+00
9.865863548465727106e+00
1.124022836085531551e+01
7.947547760979603915e+00
9.257849401542683765e+00
1.351444113208286879e+01
2.877297333674850854e+00
8.919196786059032434e+00
3.084783970865005998e+00
6.247253548032128734e+00
1.324881520206253072e+01
1.587551072241624084e+01
8.352276344091391636e+00
4.924093870014804253e+00
6.247253548032128734e+00
1.597253032990516708e+01
4.861903987751019507e+00
1.324881520206253072e+01
1.649043723418460416e+01
1.594394239713505179e+01
7.972168288751959153e+00
8.696983598351808453e+00
6.182220938319557213e+00
7.469974838637261527e+00
8.134303453471721568e+00
1.043969342999115746e+01
1.602339527747561831e+01
4.874888263126393895e+00
1.444377147230817648e+01
9.652402718672080439e+00
1.329303459350577832e+01
1.720937053767707425e+01
4.967411389523820553e+00
6.908382697303847131e+00
7.950195115098633636e+00
4.800782869190199698e+00
3.103399877157571485e+00
4.883917972227950877e+00
1.020333193689554463e+01
1.059459264220976138e+01
1.330138659740208773e+01
4.861903987751019507e+00
8.881124336401278185e+00
5.376498700066888681e+00
1.554546182877858485e+01
1.043455117059587600e+01
9.723796319526909926e+00
7.972168288751959153e+00
6.829316468750465496e+00
4.757823058462042454e+00
1.501547662786195758e+01
1.330138659740208773e+01
1.284232816279431511e+01
9.652402718672080439e+00
4.845258604072840036e+00
8.412466691049917955e+00
6.507548997997251838e+00
1.438519254896109878e+01
2.884483413433437171e+00
1.060612920888562982e+01
6.532764801415509304e+00
8.681780282476932342e+00
4.955803440336502774e+00
1.310259188857185997e+01
6.247253548032128734e+00
1.329245588607125228e+01
8.696983598351808453e+00
1.330138659740208773e+01
9.587755488888229038e+00
2.674725799778325808e+00
4.909437556777657363e+00
1.508567404746006169e+01
4.817250569621643663e+00
1.324881520206253072e+01
4.883917972227950877e+00
3.110848225244755572e+00
4.864144789831108540e+00
1.351444113208286879e+01
1.068706070336923375e+01
9.865863548465727106e+00
1.375419891134801276e+01
1.329303459350577832e+01
1.399202364102722029e+01
6.151175051708065666e+00
2.189405310535913252e+00
9.171203284280949219e+00
1.056796917109824285e+01
9.964559302568808619e+00
6.719266527359402552e+00
4.909437556777657363e+00
1.367734697970886515e+01
4.407762547091482297e+00
1.501831984599481551e+01
1.329245588607125228e+01
1.606009760843709699e+01
6.368872985027629774e+00
2.597200993176942418e+00
1.117978074279746359e+01
1.378394085602848484e+01
1.379514456892193230e+01
4.942321296385693508e+00
9.652402718672080439e+00
4.922084250921308524e+00
9.609742171993266524e+00
6.376946104401436166e+00
9.291087247188103859e+00
7.523708261284936860e+00
2.603605078964010833e+00
1.026529502930397086e+01
1.307512401455307405e+01
6.280949773677442671e+00
8.397363099722392477e+00
6.325483006814558884e+00
1.347412577174627302e+01
1.465940573688951609e+01
6.376946104401436166e+00
1.025893159220998996e+01
1.500518022835493781e+01
1.496740259064564427e+01
1.307694457161257162e+01
1.606009760843709699e+01
1.170970423058847310e+01
8.414881508353458273e+00
2.604946819302310868e+00
7.584517593159054272e+00
3.064704468961664485e+00
9.939263985700545589e+00
1.488027272116903710e+01
7.298225449209638782e+00
4.852715022501900677e+00
1.602339527747561831e+01
6.263173049325232888e+00
9.707084180645649596e+00
9.680836871049013581e+00
3.064704468961664485e+00
7.972168288751959153e+00
8.182575913400249590e+00
9.964559302568808619e+00
1.391316276679528130e+01
8.373483462398391808e+00
2.884483413433437171e+00
6.475704462737501999e+00
1.594394239713505179e+01
1.589004947651952904e+01
1.508739431316247703e+01
2.884483413433437171e+00
6.843701086833846148e+00
7.982687066378250762e+00
4.936637020889117267e+00
1.303650706895480660e+01
6.226188541831128020e+00
9.061386738902292848e+00
4.852715022501900677e+00
1.455573160080490602e+01
3.705947686361153792e+00
1.324881520206253072e+01
5.040207587935770839e+00
6.388737113659209044e+00
2.636824221347957131e+00
1.875193543940823915e+01
1.602339527747561831e+01
4.852715022501900677e+00
3.687673727896927822e+00
6.280949773677442671e+00
1.493019862079966664e+01
4.922084250921308524e+00
3.048901803385549059e+00
6.789173679589726618e+00
9.394769319284513642e+00
1.604163519757839751e+01
5.356807458913470654e+00
7.434379201004515103e+00
1.069622544785772078e+01
