6.830768523385728486e+00
7.485529111868896912e+00
7.723622072543395944e+00
7.857185802404233144e+00
1.027864626323847475e+01
3.178351702211557939e+00
7.132367897965482761e+00
1.261191895946222452e+01
1.073596039552897352e+01
4.592806160838212470e+00
1.483333426522083265e+01
9.494540693080745442e+00
1.367251598269571389e+01
1.181652951469532375e+01
1.454935184085569588e+01
4.681605032397912147e+00
1.521611012981607658e+01
7.439488523898165617e+00
4.656824896475778353e+00
1.059942566536594377e+01
1.272546368019405705e+01
7.199267394089648775e+00
1.014788184707695784e+01
9.494540693080745442e+00
9.410394715244976283e+00
2.244934729296695242e+00
1.656064843807726561e+01
1.050832000647817921e+01
1.356721203369732898e+01
4.592806160838212470e+00
7.733276185127870406e+00
4.699418849163881973e+00
1.339596548660932740e+01
1.696215584814857280e+01
1.552408926834188563e+01
1.364485484587702757e+01
1.351615098079484589e+01
6.931204070224787017e+00
5.721605389784769180e+00
9.521155896350480319e+00
9.410394715244976283e+00
1.086188427330417916e+01
7.362508237994754623e+00
9.330716199496206897e+00
1.342187923054762066e+01
2.874321493790293225e+00
9.410541232225632768e+00
3.140308093096131348e+00
1.416312588734655975e+01
7.485529111868896912e+00
1.367251598269571389e+01
1.467208959888364461e+01
4.881741623743243608e+00
7.733276185127870406e+00
4.699418849163881973e+00
7.067556168216238000e+00
1.487205675401459537e+01
6.791058333960012128e+00
4.819799530462943515e+00
1.367251598269571389e+01
1.594667667599497918e+01
1.476632818950984927e+01
7.362508237994754623e+00
9.376132640928165785e+00
6.091529009526985838e+00
7.366043529135826162e+00
1.021528847275935448e+01
1.487205675401459537e+01
4.857705928815808427e+00
1.421165565127630970e+01
1.339596548660932740e+01
4.811495590343075612e+00
7.360012120823030024e+00
4.674716406472692043e+00
3.140308093096131348e+00
4.752578364746471884e+00
1.014788184707695784e+01
1.060705867627017085e+01
4.819799530462943515e+00
1.029530240001807151e+01
5.575941622544444698e+00
1.525041381118096773e+01
1.094532004288987537e+01
9.430016527819462979e+00
7.326925320335333502e+00
4.656824896475778353e+00
1.257912373518564486e+01
1.361818458347158867e+01
9.356197777857452991e+00
1.193031433627778171e+01
6.654239550157302396e+00
9.363481520035465522e+00
4.783450889446061005e+00
7.463607393024690673e+00
8.005035351610406025e+00
1.092678011475432953e+01
6.981268873390596319e+00
9.427095255495094861e+00
4.764159995712836881e+00
1.188625797638805537e+01
7.104542871065887333e+00
5.441179141564325583e+00
1.367251598269571389e+01
9.380669461279179444e+00
1.353781828771515450e+01
9.330716199496206897e+00
9.050129851920821977e+00
4.813070962892749272e+00
1.416312588734655975e+01
4.674716406472692043e+00
1.367251598269571389e+01
4.752578364746471884e+00
3.143464475543771286e+00
4.849682114288234480e+00
1.347771344798272963e+01
1.476165072434763559e+01
1.329430032248184546e+01
1.069952673742964322e+01
9.410394715244976283e+00
1.377513509039058093e+01
1.329337420262705649e+01
1.355344147657457299e+01
6.109272358652582113e+00
2.238573959398816982e+00
9.680535695453700740e+00
1.083919755997256296e+01
1.195328728281734953e+01
9.356197777857452991e+00
1.278333614260614048e+01
4.444463941035347254e+00
1.416312588734655975e+01
1.619701140311176601e+01
5.911139264707871099e+00
2.689358772285400434e+00
1.054025904735802222e+01
1.278333614260614048e+01
1.386216074818683808e+01
4.888955670386712526e+00
9.337289572036292284e+00
4.820136367741406858e+00
9.690634652855097286e+00
7.463337925250248972e+00
1.022531876729664724e+01
7.408402238898955439e+00
9.573462116034530567e+00
1.240808420416684399e+01
7.390932219184097818e+00
7.615748535211301906e+00
3.150619226950226892e+00
6.249004178829540734e+00
1.343407892061475728e+01
1.467153276729863798e+01
7.022059793697174257e+00
4.845760390254395311e+00
1.019674902459914634e+01
1.416312588734655975e+01
1.466515969181053869e+01
1.181652951469532375e+01
1.627815231649782035e+01
1.097711248321609290e+01
2.689358772285400434e+00
7.027999892860337106e+00
3.140308093096131348e+00
1.020315099680239790e+01
1.444008344197906801e+01
6.621593028516755020e+00
4.807907035989784639e+00
7.883333597705939333e+00
1.476165072434763559e+01
5.776044168874067353e+00
9.524167579892452551e+00
9.497042238477707343e+00
3.140308093096131348e+00
9.330716199496206897e+00
8.083809468639836737e+00
9.379180060733199653e+00
1.195328728281734953e+01
8.249479280092582911e+00
2.874321493790293225e+00
6.876551473535483794e+00
1.476632818950984927e+01
1.467602498254560750e+01
1.500973047651847381e+01
1.343407892061475728e+01
2.874321493790293225e+00
1.416312588734655975e+01
5.902308338959436185e+00
8.001310952502784346e+00
4.805684565482899018e+00
1.334044680875889277e+01
7.249815017920091087e+00
9.577156770693767029e+00
4.799182496735198811e+00
1.482352017665799870e+01
3.914256116856321910e+00
1.361533491631341164e+01
5.441179141564325583e+00
6.797790054189861486e+00
1.826841276679677861e+01
1.487205675401459537e+01
4.799182496735198811e+00
3.831947888134365154e+00
7.390932219184097818e+00
1.475059898593252150e+01
4.820136367741406858e+00
3.140308093096131348e+00
9.330716199496206897e+00
1.552408926834188563e+01
5.556631434078326492e+00
7.089409972573313290e+00
1.059823517414168492e+01
