6.992306068929263319e+00
1.313344828187047320e+01
3.061419130172116088e+00
7.364740222821894555e+00
8.037401038265482356e+00
7.691979538817411033e+00
3.144590966087707606e+00
8.395858601120066211e+00
1.297575074579993526e+01
1.123679598152541814e+01
4.492291520273269612e+00
1.459994971577709322e+01
8.942670215718406368e+00
1.319725695150386890e+01
1.426927962725928367e+01
4.664000586177742491e+00
1.458213484824927342e+01
7.151889270462862491e+00
1.184133931957973829e+01
1.313344828187047320e+01
1.306367384040325952e+01
9.702023303444798685e+00
1.026125399002467731e+01
2.215746617100210258e+00
1.336782866938204428e+01
1.010353572723158422e+01
1.319126567813621520e+01
4.492291520273269612e+00
8.505070126705664535e+00
4.636155419583976034e+00
1.329588806291767966e+01
1.144551184192873095e+01
1.687262072409632196e+01
1.399118881684975513e+01
1.317075741080811824e+01
1.334292206951060500e+01
6.741715393565788084e+00
1.081974553139806616e+01
1.026125399002467731e+01
1.252283463288118526e+01
7.950983801100728776e+00
1.011843072150868750e+01
1.332428584843939845e+01
2.867771042282695859e+00
3.061419130172116088e+00
1.410193614386591854e+01
7.364740222821894555e+00
1.316515052046421275e+01
1.457941461995718591e+01
5.062725330905366583e+00
8.505070126705664535e+00
7.023910987921913929e+00
1.485498953251862275e+01
6.982955305293879533e+00
4.999743455526955316e+00
1.316515052046421275e+01
1.457941461995718591e+01
7.950983801100728776e+00
8.736383309782169704e+00
6.539716650121877528e+00
8.126800627564009005e+00
8.315671284730983714e+00
1.098460416301651499e+01
1.485498953251862275e+01
5.115306594130232476e+00
1.396467256181005467e+01
9.675659941347413806e+00
1.329588806291767966e+01
1.748419562215826417e+01
4.966353254174103782e+00
7.357963448406278140e+00
8.016131817681086957e+00
4.565687650579945966e+00
3.061419130172116088e+00
4.896249935384192398e+00
9.843057831457556972e+00
9.857047754075585644e+00
1.313344828187047320e+01
4.999743455526955316e+00
1.122413851421260667e+01
8.736383309782169704e+00
5.999791219039906309e+00
1.478524300606484587e+01
1.130255652143501877e+01
9.675659941347413806e+00
7.994402825893271114e+00
7.197972780167401829e+00
4.585650091932528483e+00
1.437389743882635607e+01
1.301153051358648050e+01
1.050279057705513708e+01
1.156038087707066353e+01
7.778084050598125465e+00
9.675659941347413806e+00
4.875069642165913208e+00
8.476268538126774388e+00
7.278688229095561013e+00
1.360778697270993298e+01
2.867771042282695859e+00
1.100068311023050960e+01
6.796586670689626963e+00
8.709470240339209468e+00
4.885515834583429751e+00
7.101372215333826787e+00
5.836422304257862237e+00
1.320382152106974516e+01
8.736383309782169704e+00
1.301153051358648050e+01
9.940476105628889059e+00
2.657245190931244672e+00
8.745930849311505995e+00
4.946283237011122935e+00
1.410193614386591854e+01
4.579590517455955911e+00
3.104270690551880207e+00
5.024295412424967466e+00
1.332428584843939845e+01
1.446752641215269186e+01
1.129800966268466667e+01
1.218212034379143205e+01
1.329588806291767966e+01
1.369429170849519828e+01
6.514725083117136606e+00
2.208125177115819682e+00
9.046539913121154797e+00
1.054001459760599069e+01
1.129800966268466667e+01
9.834015115306478094e+00
7.233560906715243100e+00
4.951716520137731337e+00
1.241265932196726141e+01
4.311620011389482698e+00
1.417124435281443695e+01
1.315634284746937332e+01
1.613996713416888795e+01
6.765554794404181393e+00
2.519170031615953764e+00
1.184133931957973829e+01
1.241265932196726141e+01
5.108300646476462425e+00
9.675659941347413806e+00
4.974982473322769216e+00
1.035784081705159387e+01
7.337778606304717677e+00
8.200107229141028853e+00
2.530338315592093323e+00
1.000432996875734837e+01
1.302177079691859518e+01
7.355561834132507748e+00
7.617671992436584105e+00
8.486423437709632367e+00
3.104270690551880207e+00
6.825241445021381637e+00
1.450996580603714214e+01
6.753774923704257027e+00
5.104704266012594971e+00
9.728774703122395451e+00
1.417124435281443695e+01
1.418470214006660335e+01
1.122379912771487831e+01
1.618352236860442517e+01
1.264258173491914938e+01
8.719455648687931770e+00
2.522624188536454870e+00
8.060468363758936050e+00
1.057541759283684257e+01
1.410852841539252722e+01
7.778084050598125465e+00
8.202420542628001243e+00
1.446752641215269186e+01
6.825241445021381637e+00
1.009240587961836688e+01
1.009240587961836688e+01
3.061419130172116088e+00
1.001294741980242264e+01
7.994402825893271114e+00
8.301290251726513247e+00
9.834015115306478094e+00
1.129800966268466667e+01
8.486423437709632367e+00
2.867771042282695859e+00
6.770151731720070565e+00
1.457941461995718591e+01
1.398880703095946743e+01
1.427146635473503622e+01
1.313005715583248723e+01
2.867771042282695859e+00
1.410193614386591854e+01
7.299648955025731745e+00
8.301290251726513247e+00
4.931966360132751248e+00
1.288221511210403136e+01
7.162281543418861141e+00
9.120692942658806146e+00
4.962883663253116140e+00
1.455435745193319619e+01
3.757107639653447073e+00
1.314053299754164605e+01
5.811557842670282525e+00
7.002643784558852502e+00
2.596570767807174995e+00
1.885736065519954252e+01
1.485498953251862275e+01
3.736439236092648386e+00
7.355561834132507748e+00
4.974982473322769216e+00
2.990816799354011124e+00
7.178157640344534407e+00
1.015022008972236556e+01
1.401953158369323127e+01
5.945736390075629707e+00
